Time Iteration ExecutionTime Residual Res_x Res_y Res_z
1 0 16.79 1 
1 1 31.15 0.403925400767 
1 2 44.13 0.250361260536 
1 3 54.82 0.177799360621 
1 4 65.27 0.140491061961 
1 5 75.64 0.116652905674 
1 6 85.95 0.0999831733038 
1 7 96.39 0.0878042264246 
1 8 106.76 0.078183980129 
1 9 117.14 0.0704380716924 
1 10 127.54 0.0641044782563 
1 11 137.89 0.0587974643915 
1 12 148.28 0.0542411187503 
1 13 158.65 0.0502885547367 
1 14 169.07 0.0468291300949 
1 15 179.56 0.0437779715273 
1 16 190.07 0.0410625221586 
1 17 200.6 0.0386451321296 
1 18 211.19 0.0364791230945 
1 19 221.76 0.0345215380829 
1 20 232.38 0.0327648658546 
1 21 242.94 0.0311742968254 
1 22 369.96 0.0785438097461 
1 23 375.76 0.0298412086357 
1 24 379.83 0.0115841779751 
1 25 383.96 0.00418277768239 
1 26 387.79 0.00311723777378 
1 27 392.39 0.00468509988728 
1 28 396.31 0.00277587337119 
1 29 401.2 0.00537690506644 
1 30 405.17 0.00199955567105 
1 31 409.28 0.00170917084134 
1 32 414.88 0.00354649070681 
1 33 420.16 0.00312767229319 
1 34 426.12 0.0029525515578 
1 35 430.91 0.0013941542595 
1 36 437.17 0.00231533887005 
1 37 442.18 0.00117244549361 
1 38 447.96 0.00191249293938 
1 39 454.67 0.00162764249429 
1 40 460.79 0.00141813116578 
1 41 466.86 0.00152578458517 
1 42 472.84 0.0013308515259 
1 43 478.96 0.00119607081144 
1 44 485.08 0.00110399631325 
1 45 491.87 0.00102215916695 
1 46 497.92 0.000954139799868 
1 47 504.07 0.000887630185792 
1 48 510.28 0.000831811912652 
1 49 516.56 0.000777926772449 
1 50 523.92 0.000751151567281 
1 51 530.36 0.000685644127052 
1 52 536.74 0.000647770365004 
1 53 543.11 0.000606947552707 
1 54 549.53 0.000571065150119 
1 55 555.94 0.00053680942579 
1 56 562.37 0.000505147620511 
1 57 568.8 0.000475103063992 
1 58 575.37 0.000446999835897 
1 59 581.96 0.000421377439536 
1 60 589.22 0.000392945282507 
1 61 596.55 0.000366906979442 
1 62 604.48 0.00034656440845 
1 63 612.23 0.000326008563015 
1 64 621.18 0.000311358945883 
1 65 629.1 0.000291031418919 
1 66 636.9 0.000277945452523 
1 67 644.73 0.000262148874565 
1 68 652.69 0.000248174768372 
1 69 660.85 0.000234222224876 
1 70 668.74 0.000224383511077 
1 71 676.96 0.000210451380932 
1 72 685.19 0.000199654337275 
1 73 693.44 0.00019029285297 
1 74 701.71 0.000180818305513 
1 75 709.99 0.000172528683447 
1 76 718.36 0.000164230481135 
1 77 726.74 0.000156809747015 
1 78 735.26 0.000149581607837 
1 79 743.78 0.000142902343109 
1 80 752.38 0.000136595134312 
1 81 761 0.000130701909173 
1 82 769.68 0.000125154184973 
1 83 780.02 0.000121217872217 
1 84 789.13 0.000115364095358 
1 85 798.27 0.000110863019329 
1 86 807.52 0.000106490880775 
1 87 816.93 0.00010243515231 
1 88 826.46 9.86383325758e-05 
1 89 835.99 9.51253644541e-05 
1 90 845.5 9.1888234922e-05 
1 91 855.13 8.89414318683e-05 
1 92 864.72 8.62170903998e-05 
1 93 874.35 8.41088034642e-05 
1 94 883.92 8.23565781433e-05 
1 95 893.5 8.06673184061e-05 
1 96 903.13 7.90281412804e-05 
1 97 912.78 7.74651667372e-05 
1 98 922.45 7.59350122231e-05 
1 99 932.15 7.44668276609e-05 
1 100 941.81 7.30446021326e-05 
1 101 951.53 7.167797592e-05 
1 102 961.28 7.03486643161e-05 
1 103 970.99 6.90691332131e-05 
1 104 980.74 6.78251220251e-05 
1 105 990.44 6.66203733171e-05 
1 106 1000.16 6.54515385756e-05 
1 107 1009.92 6.43160497795e-05 
1 108 1019.67 6.32107762829e-05 
1 109 1030.04 6.21401707063e-05 
1 110 1039.5 6.09782524173e-05 
1 111 1049.26 6.01391880791e-05 
1 112 1058.72 5.90003199831e-05 
1 113 1068.56 5.8185888758e-05 
1 114 1077.91 5.71025472818e-05 
1 115 1087.71 5.63270626301e-05 
1 116 1097.03 5.53210542809e-05 
1 117 1106.44 5.44929875327e-05 
1 118 1115.8 5.36490500711e-05 
1 119 1125.24 5.2838545806e-05 
1 120 1134.69 5.20709633441e-05 
1 121 1144.12 5.1319217775e-05 
1 122 1153.53 5.05887777987e-05 
1 123 1162.96 4.98789499525e-05 
1 124 1172.39 4.91880502031e-05 
1 125 1181.81 4.85140709931e-05 
1 126 1191.17 4.78485229182e-05 
1 127 1200.59 4.71953616349e-05 
1 128 1209.98 4.654987826e-05 
1 129 1219.37 4.59257495853e-05 
1 130 1228.71 4.53023491932e-05 
1 131 1238.1 4.46868553035e-05 
1 132 1247.45 4.40818232787e-05 
1 133 1256.88 4.3485352238e-05 
1 134 1266.24 4.28975092299e-05 
1 135 1275.65 4.23166373597e-05 
1 136 1285.05 4.17434437223e-05 
1 137 1294.41 4.11790200788e-05 
1 138 1303.79 4.06215135767e-05 
1 139 1313.52 4.0072546205e-05 
1 140 1322.94 3.95277795904e-05 
1 141 1332.45 3.89937236133e-05 
1 142 1341.92 3.84662338462e-05 
1 143 1351.37 3.79462819605e-05 
1 144 1360.7 3.74743027296e-05 
1 145 1370.1 3.69142781811e-05 
1 146 1379.54 3.64166729012e-05 
1 147 1388.91 3.59662667024e-05 
1 148 1398.29 3.54281913482e-05 
1 149 1407.69 3.49513243561e-05 
1 150 1417.06 3.4514463598e-05 
1 151 1426.46 3.40020027145e-05 
1 152 1435.78 3.35806126921e-05 
1 153 1445.1 3.31162974121e-05 
1 154 1454.49 3.26611550108e-05 
1 155 1463.83 3.22093620288e-05 
1 156 1473.16 3.17720275626e-05 
1 157 1482.55 3.13340903022e-05 
1 158 1491.86 3.09071473485e-05 
1 159 1501.25 3.04844938996e-05 
1 160 1510.58 3.00649428962e-05 
1 161 1519.93 2.96502109141e-05 
1 162 1529.26 2.92439135268e-05 
1 163 1538.6 2.88440263199e-05 
1 164 1547.95 2.84463406211e-05 
1 165 1557.27 2.8053356563e-05 
1 166 1566.61 2.7672342826e-05 
1 167 1575.95 2.7289096544e-05 
1 168 1585.29 2.69145923925e-05 
1 169 1594.62 2.65423289113e-05 
1 170 1604 2.61793526713e-05 
1 171 1613.32 2.58173836591e-05 
1 172 1622.7 2.5460382578e-05 
1 173 1632.05 2.51155983184e-05 
1 174 1641.43 2.47668663624e-05 
1 175 1650.81 2.44268351653e-05 
1 176 1660.18 2.40879877227e-05 
1 177 1669.75 2.37560297903e-05 
1 178 1680.6 2.34194594661e-05 
1 179 1691.39 2.30973569152e-05 
1 180 1702.17 2.27786096823e-05 
1 181 1712.88 2.24637917122e-05 
1 182 1723.62 2.21531962422e-05 
1 183 1734.34 2.18465480061e-05 
1 184 1745.04 2.15440708059e-05 
1 185 1755.79 2.12374051088e-05 
1 186 1766.47 2.09449389211e-05 
1 187 1777.19 2.06560866942e-05 
1 188 1787.82 2.03859629761e-05 
1 189 1798.52 2.00850718059e-05 
1 190 1809.17 1.9823206169e-05 
1 191 1819.88 1.95311254233e-05 
1 192 1829.95 1.92623833334e-05 
1 193 1839.45 1.90089093272e-05 
1 194 1848.88 1.872913731e-05 
1 195 1858.51 1.84706248603e-05 
1 196 1868.09 1.82266131826e-05 
1 197 1878.85 1.79586232655e-05 
1 198 1888.9 1.77109384293e-05 
1 199 1898.6 1.74785761347e-05 
1 200 1909.34 1.72302234011e-05 
1 201 1919.84 1.6990017842e-05 
1 202 1929.75 1.67421546945e-05 
1 203 1939.32 1.65106744524e-05 
1 204 1949.55 1.62809605484e-05 
1 205 1959.15 1.60548422776e-05 
1 206 1968.66 1.58448305501e-05 
1 207 1978.11 1.56078968671e-05 
1 208 1987.61 1.53917412175e-05 
1 209 1997.1 1.51774636867e-05 
1 210 2006.46 1.49790540431e-05 
1 211 2015.91 1.47546837331e-05 
1 212 2025.39 1.45500793719e-05 
1 213 2034.9 1.43569300156e-05 
1 214 2044.37 1.41446082184e-05 
1 215 2053.84 1.39486659884e-05 
1 216 2063.28 1.37651206375e-05 
1 217 2072.92 1.35599738227e-05 
1 218 2083.69 1.33714836125e-05 
1 219 2093.7 1.31850656543e-05 
1 220 2103.22 1.30009517514e-05 
1 221 2112.77 1.28294207379e-05 
1 222 2122.3 1.26378120918e-05 
1 223 2132.72 1.24622904963e-05 
1 224 2142.41 1.22980065974e-05 
1 225 2151.97 1.21146340195e-05 
1 226 2161.48 1.19459786936e-05 
1 227 2170.97 1.17788858633e-05 
1 228 2180.45 1.16143346187e-05 
1 229 2189.92 1.14517129334e-05 
1 230 2199.76 1.13017480367e-05 
1 231 2210.44 1.11312137131e-05 
1 232 2220.72 1.09762007513e-05 
1 233 2230.18 1.08227236121e-05 
1 234 2240.33 1.06711603983e-05 
1 235 2249.95 1.05307656411e-05 
1 236 2259.41 1.03724304185e-05 
1 237 2268.85 1.02280240683e-05 
1 238 2278.42 1.00847659935e-05 
1 239 2287.94 9.94362924984e-06 
1 240 2297.49 9.81288397108e-06 
1 241 2306.94 9.66517307983e-06 
1 242 2316.37 9.53040111004e-06 
1 243 2325.8 9.39679462594e-06 
1 244 2335.26 9.2729653442e-06 
1 245 2345.4 9.13369510111e-06 
1 246 2356.16 9.00648317079e-06 
1 247 2366.28 8.88012383576e-06 
1 248 2377.03 8.75571314915e-06 
1 249 2387.8 8.63289953735e-06 
1 250 2397.84 8.5116152971e-06 
1 251 2407.34 8.39209436863e-06 
1 252 2416.82 8.27413154665e-06 
1 253 2426.34 8.15793723259e-06 
1 254 2435.76 8.04341790742e-06 
1 255 2445.23 7.93855285908e-06 
1 256 2454.63 7.81758593526e-06 
1 257 2463.98 7.70857510353e-06 
1 258 2473.38 7.60025477033e-06 
1 259 2482.75 7.49374056918e-06 
1 260 2492.09 7.38835289734e-06 
1 261 2501.47 7.28481021539e-06 
1 262 2510.88 7.18240289666e-06 
1 263 2520.28 7.08136865355e-06 
1 264 2529.7 6.98169496544e-06 
1 265 2539.04 6.89063362983e-06 
1 266 2548.46 6.7856146104e-06 
1 267 2557.89 6.69084643634e-06 
1 268 2567.26 6.59688340388e-06 
1 269 2576.69 6.50442809077e-06 
1 270 2586.13 6.41302301668e-06 
1 271 2596.08 6.32269514862e-06 
1 272 2605.55 6.23367755955e-06 
1 273 2615.02 6.14608988845e-06 
1 274 2624.53 6.05972935696e-06 
1 275 2634.06 5.97437493124e-06 
1 276 2643.55 5.89031695109e-06 
1 277 2652.89 5.80749103088e-06 
1 278 2662.37 5.72573907142e-06 
1 279 2671.82 5.6451901191e-06 
1 280 2681.89 5.56577789925e-06 
1 281 2692.61 5.48736061339e-06 
1 282 2703.41 5.41026668602e-06 
1 283 2713.21 5.33402960736e-06 
1 284 2723.99 5.25899013681e-06 
1 285 2734.76 5.18489023733e-06 
1 286 2745.38 5.1119303583e-06 
1 287 2756.09 5.03991602946e-06 
1 288 2766.86 4.96913499285e-06 
1 289 2777.34 4.89935364453e-06 
1 290 2786.83 4.83003846868e-06 
1 291 2796.33 4.76208735694e-06 
1 292 2805.77 4.69500906012e-06 
1 293 2815.15 4.62905718585e-06 
1 294 2824.59 4.56377393654e-06 
1 295 2833.98 4.4994299089e-06 
1 296 2843.46 4.43616842841e-06 
1 297 2852.85 4.37363538578e-06 
1 298 2862.31 4.31210006747e-06 
1 299 2871.75 4.25141292335e-06 
1 300 2881.18 4.19147016684e-06 
1 301 2890.69 4.13244994704e-06 
1 302 2900.13 4.07427403494e-06 
1 303 2909.56 4.01692386368e-06 
1 304 2919.09 3.96024620491e-06 
1 305 2928.59 3.90456428101e-06 
1 306 2939.2 3.84949685109e-06 
1 307 2949.99 3.79530108277e-06 
1 308 2960.76 3.74185126604e-06 
1 309 2971.88 3.68906109706e-06 
1 310 2983.11 3.63713109648e-06 
1 311 2993.03 3.58587554865e-06 
1 312 3002.89 3.53563574501e-06 
1 313 3012.84 3.48577915232e-06 
1 314 3022.72 3.43641373766e-06 
1 315 3032.52 3.38800769375e-06 
1 316 3042.34 3.34027820999e-06 
1 317 3052.18 3.29321496924e-06 
1 318 3062.03 3.24681214256e-06 
1 319 3071.9 3.2011186538e-06 
1 320 3081.82 3.1561341144e-06 
1 321 3092.23 3.11147921665e-06 
1 322 3103.24 3.06760975538e-06 
1 323 3114.16 3.0244308921e-06 
1 324 3124.11 2.98194617918e-06 
1 325 3133.9 2.93975679803e-06 
1 326 3143.85 2.89834938128e-06 
1 327 3153.73 2.85756578812e-06 
1 328 3163.56 2.81736994992e-06 
1 329 3173.43 2.77750725934e-06 
1 330 3183.25 2.73836459388e-06 
1 331 3193.12 2.69978543942e-06 
1 332 3202.91 2.66170073698e-06 
1 333 3212.78 2.62430657962e-06 
1 334 3222.49 2.58731460211e-06 
1 335 3233.09 2.55076556995e-06 
1 336 3244.2 2.51482139628e-06 
1 337 3254.04 2.4793831115e-06 
1 338 3263.89 2.4444448166e-06 
1 339 3273.81 2.40993621443e-06 
1 340 3283.66 2.37599869033e-06 
1 341 3293.51 2.34249375274e-06 
1 342 3303.36 2.30949117572e-06 
1 343 3313.25 2.27691904991e-06 
1 344 3323.16 2.24483250302e-06 
1 345 3333 2.21321271201e-06 
1 346 3342.83 2.18198809776e-06 
1 347 3352.69 2.15125249872e-06 
1 348 3362.49 2.12089825905e-06 
1 349 3372.36 2.09101930902e-06 
1 350 3382.21 2.06163667574e-06 
1 351 3392.11 2.03250080254e-06 
1 352 3401.96 2.00392033894e-06 
1 353 3411.77 1.97553884043e-06 
1 354 3421.59 1.94774801143e-06 
1 355 3431.47 1.92023577958e-06 
1 356 3441.26 1.89527531164e-06 
1 357 3451.09 1.86616680498e-06 
1 358 3460.91 1.84001290463e-06 
1 359 3471.46 1.81415221073e-06 
1 360 3481.47 1.78859740399e-06 
1 361 3492.49 1.76337450629e-06 
1 362 3503.14 1.73854062868e-06 
1 363 3512.93 1.71402034041e-06 
1 364 3522.82 1.68987584004e-06 
1 365 3532.63 1.666040799e-06 
1 366 3542.52 1.64255677245e-06 
1 367 3552.36 1.61941098377e-06 
1 368 3562.19 1.59654160573e-06 
1 369 3572.01 1.57409917232e-06 
1 370 3581.89 1.55184980116e-06 
1 371 3591.7 1.5300226592e-06 
1 372 3601.53 1.5083565337e-06 
1 373 3611.39 1.48712018422e-06 
1 374 3621.24 1.46616354032e-06 
1 375 3631.15 1.44546687035e-06 
1 376 3640.96 1.42510045445e-06 
1 377 3650.8 1.40497094688e-06 
1 378 3660.64 1.38520638116e-06 
1 379 3670.52 1.36569008897e-06 
1 380 3680.34 1.34637589017e-06 
1 381 3690.16 1.32738182297e-06 
1 382 3699.97 1.30867266923e-06 
1 383 3709.82 1.29024989108e-06 
1 384 3719.65 1.27201605636e-06 
1 385 3729.52 1.25410654608e-06 
1 386 3739.47 1.23648473622e-06 
1 387 3749.46 1.21895244439e-06 
1 388 3759.32 1.20175483398e-06 
1 389 3769.25 1.18482504347e-06 
1 390 3779.11 1.16950001556e-06 
1 391 3789 1.15144932285e-06 
1 392 3798.88 1.13531730899e-06 
1 393 3808.83 1.11933403217e-06 
1 394 3818.64 1.10355742798e-06 
1 395 3828.48 1.08803042572e-06 
1 396 3838.37 1.07273512451e-06 
1 397 3848.34 1.05756268131e-06 
1 398 3858.31 1.042659139e-06 
1 399 3868.16 1.02792249675e-06 
1 400 3878.08 1.01345234606e-06 
1 401 3887.98 9.99137257056e-07 
1 402 3897.96 9.85050702526e-07 
1 403 3907.89 9.71163824421e-07 
1 404 3917.76 9.5748118699e-07 
1 405 3927.65 9.43955371848e-07 
1 406 3938.09 9.30642423665e-07 
1 407 3947.6 9.17521551683e-07 
1 408 3957.56 9.04572571115e-07 
1 409 3967.46 8.91825026358e-07 
1 410 3977.22 8.79242344484e-07 
1 411 3986.77 8.66846252225e-07 
1 412 3996.51 8.54625952464e-07 
1 413 4006.32 8.42557442576e-07 
1 414 4016.26 8.30669275802e-07 
1 415 4026.08 8.18967683333e-07 
1 416 4035.93 8.07409737099e-07 
1 417 4045.85 7.9601233874e-07 
1 418 4055.78 7.84793744059e-07 
1 419 4065.65 7.7372455994e-07 
1 420 4075.45 7.62811474616e-07 
1 421 4085.29 7.5205281873e-07 
1 422 4095.12 7.41436757043e-07 
1 423 4104.97 7.30992676228e-07 
1 424 4114.69 7.2067902869e-07 
1 425 4124.57 7.10510692358e-07 
1 426 4134.53 7.00487422531e-07 
1 427 4144.72 6.90596638899e-07 
1 428 4154.42 6.80864737754e-07 
1 429 4164.29 6.71277340827e-07 
1 430 4174.1 6.61796541749e-07 
1 431 4183.94 6.52481736611e-07 
1 432 4193.79 6.43246262441e-07 
1 433 4203.64 6.34179546963e-07 
1 434 4213.42 6.25253423531e-07 
1 435 4223.18 6.16429131432e-07 
1 436 4233 6.0778130133e-07 
1 437 4242.74 5.99153398984e-07 
1 438 4252.56 5.90685384728e-07 
1 439 4262.36 5.82375477926e-07 
1 440 4272.01 5.74172253056e-07 
1 441 4281.86 5.66041884717e-07 
1 442 4291.58 5.58071200109e-07 
1 443 4301.35 5.50204998479e-07 
1 444 4311.15 5.4243142055e-07 
1 445 4320.81 5.34792851496e-07 
1 446 4330.61 5.27234097296e-07 
1 447 4340.38 5.20398402138e-07 
1 448 4350.17 5.12388003165e-07 
1 449 4360.02 5.0583850692e-07 
1 450 4369.92 4.9857667509e-07 
1 451 4379.74 4.91434160417e-07 
1 452 4389.71 4.84417112194e-07 
1 453 4400.01 4.77587677851e-07 
1 454 4410.63 4.7079341748e-07 
1 455 4421.47 4.64079938728e-07 
1 456 4432.49 4.57610300601e-07 
1 457 4442.69 4.5115630063e-07 
1 458 4452.48 4.44809181175e-07 
1 459 4462.2 4.38538422888e-07 
1 460 4471.97 4.32357721908e-07 
1 461 4481.72 4.26246184769e-07 
1 462 4491.61 4.20220611789e-07 
1 463 4502.73 4.14293238308e-07 
1 464 4513.48 4.08445325304e-07 
1 465 4523.11 4.03145083822e-07 
1 466 4532.95 3.96914944078e-07 
1 467 4542.67 3.91793138817e-07 
1 468 4552.48 3.86209371365e-07 
1 469 4562.21 3.80481059498e-07 
1 470 4571.93 3.7508043653e-07 
1 471 4581.63 3.70405783148e-07 
1 472 4591.3 3.64896282097e-07 
1 473 4600.99 3.59778973571e-07 
1 474 4611.32 3.54608273271e-07 
1 475 4620.89 3.49660836717e-07 
1 476 4630.29 3.44689932059e-07 
1 477 4639.87 3.3980633897e-07 
1 478 4649.54 3.34990256556e-07 
1 479 4659.31 3.30845257738e-07 
1 480 4668.85 3.26017088076e-07 
1 481 4678.31 3.21266372435e-07 
1 482 4687.94 3.16652724072e-07 
1 483 4697.56 3.12193818346e-07 
1 484 4707.01 3.07741383524e-07 
1 485 4716.55 3.03445124346e-07 
1 486 4726.07 2.99092502333e-07 
1 487 4735.61 2.94735955698e-07 
1 488 4745.06 2.91000671945e-07 
1 489 4754.61 2.86646811434e-07 
1 490 4764.03 2.82537769161e-07 
1 491 4773.51 2.78520716243e-07 
1 492 4782.97 2.7456235669e-07 
1 493 4792.42 2.71013904657e-07 
1 494 4801.86 2.67023515775e-07 
1 495 4811.33 2.63113445089e-07 
1 496 4820.76 2.59339454179e-07 
1 497 4830.2 2.5559433412e-07 
1 498 4839.64 2.52003592977e-07 
1 499 4848.99 2.48528547386e-07 
1 500 4858.37 2.44936652826e-07 
1 501 4867.77 2.41461741766e-07 
1 502 4877.14 2.3845218278e-07 
1 503 4886.49 2.34843098629e-07 
1 504 4895.86 2.31542662647e-07 
1 505 4905.17 2.28158572319e-07 
1 506 4914.48 2.24916625715e-07 
1 507 4923.79 2.217479183e-07 
1 508 4933.13 2.1863640413e-07 
1 509 4942.43 2.15820457544e-07 
1 510 4951.67 2.1273149433e-07 
1 511 4960.97 2.09488239787e-07 
1 512 4970.25 2.06741821134e-07 
1 513 4979.51 2.03816088458e-07 
1 514 4988.73 2.00932208082e-07 
1 515 4998.05 1.98085218658e-07 
1 516 5007.29 1.95287160447e-07 
1 517 5016.53 1.92650099898e-07 
1 518 5025.66 1.89805105398e-07 
1 519 5034.92 1.87048148935e-07 
1 520 5044.13 1.84404207786e-07 
1 521 5053.39 1.81795100747e-07 
1 522 5062.55 1.79733608882e-07 
1 523 5071.78 1.77004632177e-07 
1 524 5080.94 1.74531989901e-07 
1 525 5090.13 1.71927685251e-07 
1 526 5097.82 1.71975983166e-07 
1 527 5105.51 1.69654027366e-07 
1 528 5113.19 1.66887040556e-07 
1 529 5120.83 1.64390037254e-07 
1 530 5128.51 1.61897991249e-07 
1 531 5136.27 1.59503686636e-07 
1 532 5143.96 1.57152048417e-07 
1 533 5151.68 1.54826546285e-07 
1 534 5159.35 1.52601942593e-07 
1 535 5167.05 1.50356838514e-07 
1 536 5174.73 1.48190344424e-07 
1 537 5182.42 1.46022123779e-07 
1 538 5190.11 1.43935130579e-07 
1 539 5197.77 1.41832736237e-07 
1 540 5205.43 1.39798304881e-07 
1 541 5213.09 1.37682402116e-07 
1 542 5220.78 1.35859730116e-07 
1 543 5228.45 1.33815596407e-07 
1 544 5236.16 1.31768856303e-07 
1 545 5243.82 1.3006716201e-07 
1 546 5251.45 1.28117195228e-07 
1 547 5259.14 1.26147242744e-07 
1 548 5266.77 1.24397549447e-07 
1 549 5274.44 1.22612161117e-07 
1 550 5282.08 1.2085616005e-07 
1 551 5289.72 1.19119500656e-07 
1 552 5297.37 1.1738916796e-07 
1 553 5305.01 1.15708033597e-07 
1 554 5312.67 1.14013117867e-07 
1 555 5320.31 1.12377962965e-07 
1 556 5327.99 1.1073547334e-07 
1 557 5335.65 1.09154486894e-07 
1 558 5343.35 1.07565109146e-07 
1 559 5350.98 1.06035361483e-07 
1 560 5358.64 1.04493986517e-07 
1 561 5366.29 1.02996686831e-07 
1 562 5373.88 1.01509509648e-07 
1 563 5381.49 1.00039858037e-07 
1 564 5389.13 9.86265946991e-08 
1 565 5396.81 9.72042130611e-08 
1 566 5404.47 9.58122371907e-08 
1 567 5412.11 9.44289887493e-08 
1 568 5419.78 9.30816514841e-08 
1 569 5427.38 9.17490438386e-08 
1 570 5435 9.04399860985e-08 
1 571 5442.62 8.91443158296e-08 
1 572 5450.28 8.7890559441e-08 
1 573 5457.91 8.66199126837e-08 
1 574 5465.6 8.53951457664e-08 
1 575 5473.26 8.41484344274e-08 
1 576 5480.94 8.29164829275e-08 
1 577 5488.59 8.1782847096e-08 
1 578 5496.27 8.05748776478e-08 
1 579 5503.95 7.94321807635e-08 
1 580 5511.54 7.8278461242e-08 
1 581 5519.16 7.716668508e-08 
1 582 5526.83 7.60796669965e-08 
1 583 5534.46 7.50208597021e-08 
1 584 5542.06 7.39606262956e-08 
1 585 5549.64 7.2875376895e-08 
1 586 5557.23 7.18742720236e-08 
1 587 5564.9 7.08058441393e-08 
1 588 5572.51 6.98266871776e-08 
1 589 5580.18 6.87985224686e-08 
1 590 5587.79 6.78635627093e-08 
1 591 5595.45 6.68590280598e-08 
1 592 5603.03 6.5936162393e-08 
1 593 5610.69 6.49696987741e-08 
1 594 5618.33 6.40658552574e-08 
1 595 5625.98 6.31315418097e-08 
1 596 5633.63 6.22247330808e-08 
1 597 5641.25 6.13591214695e-08 
1 598 5648.84 6.04775539899e-08 
1 599 5656.51 5.96317994047e-08 
1 600 5664.09 5.87718693938e-08 
1 601 5671.79 5.79397521782e-08 
1 602 5679.34 5.71110563886e-08 
1 603 5687.04 5.63144599561e-08 
1 604 5694.7 5.54960946858e-08 
1 605 5702.26 5.47037454631e-08 
1 606 5709.9 5.3895627744e-08 
1 607 5717.52 5.32384270866e-08 
1 608 5725.16 5.24311050546e-08 
1 609 5732.76 5.16527313113e-08 
1 610 5740.42 5.09432142196e-08 
1 611 5748.02 5.0238020279e-08 
1 612 5755.65 4.9545829784e-08 
1 613 5763.24 4.88660046867e-08 
1 614 5770.85 4.81694089234e-08 
1 615 5778.47 4.74907282403e-08 
1 616 5786.09 4.68019537695e-08 
1 617 5793.73 4.61363181147e-08 
1 618 5801.31 4.54688696622e-08 
1 619 5808.88 4.48118001165e-08 
1 620 5815.33 2.6302142206e-08 
1 621 5822.8 4.89752419297e-08 
1 622 5830.39 4.55877727203e-08 
1 623 5837.99 4.35925911776e-08 
1 624 5844.56 2.50238857979e-08 
1 625 5849.86 1.13593617625e-08 
1 626 5857.41 5.41925441625e-08 
1 627 5864.99 4.68642876146e-08 
1 628 5872.6 4.28319514048e-08 
1 629 5879.09 2.38619255562e-08 
1 630 5884.42 1.04505562275e-08 
1 631 5891.9 5.16584312423e-08 
1 632 5897.3 8.82944123972e-09 
1 633 5904.77 5.10132466326e-08 
1 634 5912.25 4.36147322012e-08 
1 635 5917.76 9.19315521223e-09 
1 636 5923.03 7.14795997726e-09 
1 637 5930.25 5.21615407699e-08 
1 638 5935.6 7.33886631495e-09 
1 639 5942.96 4.91660345506e-08 
1 640 5948.32 7.44345491088e-09 
1 641 5955.71 4.73613059622e-08 
1 642 5961.13 7.33822291048e-09 
1 643 5968.5 4.62360015939e-08 
1 644 5973.87 7.22445277912e-09 
1 645 5981.22 4.51839380549e-08 
1 646 5986.63 7.09223482873e-09 
1 647 5993.95 4.42366728422e-08 
1 648 5999.32 6.95462623809e-09 
1 649 6006.6 4.33282286514e-08 
1 650 6012.01 6.82327925164e-09 
1 651 6019.3 4.24703128957e-08 
1 652 6024.67 6.69888033304e-09 
1 653 6030.83 2.29428001933e-08 
1 654 6035.93 6.53801742295e-09 
1 655 6040.68 4.68334297906e-09 
1 656 6047.49 4.81427510428e-08 
1 657 6052.73 5.7098070262e-09 
1 658 6059.67 4.28329640165e-08 
1 659 6065.07 6.06993037852e-09 
1 660 6069.98 4.41447144869e-09 
1 661 6076.82 4.39271942721e-08 
1 662 6082.09 5.46024361982e-09 
1 663 6087.93 2.20359927946e-08 
1 664 6092.87 5.83008275536e-09 
1 665 6097.57 4.17899646478e-09 
1 666 6102.13 2.8888532146e-09 
1 667 6108.63 4.70665283479e-08 
1 668 6113.78 4.76628870775e-09 
1 669 6118.49 3.51421141411e-09 
1 670 6122.94 2.50098073668e-09 
1 671 6129.51 4.534426718e-08 
1 672 6134.61 4.56105092317e-09 
1 673 6139.32 3.34658959523e-09 
1 674 6146.06 4.21409010307e-08 
1 675 6151.26 4.74166348205e-09 
1 676 6156.02 3.46696773895e-09 
1 677 6161.73 2.19656165631e-08 
1 678 6166.56 4.7109252503e-09 
1 679 6171.16 3.33250745024e-09 
1 680 6175.63 2.34536761803e-09 
1 681 6179.79 1.57761258906e-09 
1 682 6183.58 1.16507413748e-09 
1 683 6189.44 4.63038188058e-08 
1 684 6194.39 3.89319734898e-09 
1 685 6199.03 2.82800696313e-09 
1 686 6203.57 2.00753205887e-09 
1 687 6207.88 1.44453535464e-09 
1 688 6211.9 9.9083253418e-10 
1 689 6215.65 7.5647507358e-10 
1 690 6221.32 4.48630667642e-08 
1 691 6226.26 3.62181121809e-09 
1 692 6230.89 2.63607156089e-09 
1 693 6235.28 1.87745249982e-09 
1 694 6239.63 1.334423966e-09 
1 695 6245.83 4.22466694023e-08 
1 696 6250.83 3.76413006479e-09 
1 697 6255.48 2.73334255109e-09 
1 698 6259.98 1.94238038862e-09 
1 699 6264.31 1.40434435938e-09 
1 700 6270.51 4.09077201022e-08 
1 701 6275.39 3.71007169254e-09 
1 702 6280.03 2.69409878179e-09 
1 703 6284.52 1.9148778784e-09 
1 704 6288.76 1.38016148304e-09 
1 705 6293.87 2.13649603977e-08 
1 706 6298.48 3.63715692043e-09 
1 707 6302.99 2.54705687e-09 
1 708 6307.03 1.69981649079e-09 
1 709 6310.8 1.24453720032e-09 
1 710 6314.48 8.93448819709e-10 
1 711 6317.46 6.43059697198e-10 
1 712 6319.77 0 
