/*--------------------------------*- C++ -*----------------------------------*\
| =========                 |                                                 |
| \\      /  F ield         | foam-extend: Open Source CFD                    |
|  \\    /   O peration     | Version:     4.1                                |
|   \\  /    A nd           | Web:         http://www.foam-extend.org         |
|    \\/     M anipulation  |                                                 |
\*---------------------------------------------------------------------------*/
FoamFile
{
    version     2.0;
    format      ascii;
    class       pointVectorField;
    location    "1";
    object      pointD;
}
// * * * * * * * * * * * * * * * * * * * * * * * * * * * * * * * * * * * * * //

dimensions      [0 1 0 0 0 0 0];

internalField   nonuniform List<vector> 
2142
(
(5.81385e-07 -2.41457e-07 -3.19126e-23)
(5.41872e-07 -2.14114e-07 0)
(5.17667e-07 -1.98681e-07 0)
(5.02714e-07 -1.89562e-07 0)
(4.94538e-07 -1.85093e-07 0)
(4.91156e-07 -1.83627e-07 0)
(4.91308e-07 -1.8429e-07 0)
(4.94099e-07 -1.86412e-07 0)
(4.98886e-07 -1.89559e-07 0)
(5.05209e-07 -1.93429e-07 0)
(5.1292e-07 -1.97961e-07 0)
(5.33463e-07 -2.60063e-07 -1.39538e-23)
(4.90583e-07 -2.38412e-07 0)
(4.64277e-07 -2.26597e-07 0)
(4.47947e-07 -2.19828e-07 0)
(4.38791e-07 -2.16939e-07 0)
(4.34659e-07 -2.16548e-07 0)
(4.34172e-07 -2.17979e-07 0)
(4.36379e-07 -2.20658e-07 0)
(4.40576e-07 -2.24247e-07 0)
(4.46308e-07 -2.28437e-07 0)
(4.53117e-07 -2.33197e-07 0)
(4.8237e-07 -2.77126e-07 2.18713e-23)
(4.37747e-07 -2.62125e-07 0)
(4.10344e-07 -2.54517e-07 0)
(3.93275e-07 -2.50471e-07 0)
(3.83535e-07 -2.49397e-07 0)
(3.78887e-07 -2.50228e-07 0)
(3.77886e-07 -2.52518e-07 0)
(3.79549e-07 -2.55812e-07 0)
(3.8315e-07 -2.59881e-07 0)
(3.8819e-07 -2.6442e-07 0)
(3.94229e-07 -2.69558e-07 0)
(4.28429e-07 -2.92522e-07 5.04256e-23)
(3.83851e-07 -2.84751e-07 0)
(3.56457e-07 -2.81699e-07 0)
(3.39351e-07 -2.80598e-07 0)
(3.29468e-07 -2.81472e-07 0)
(3.24569e-07 -2.83603e-07 0)
(3.23206e-07 -2.86789e-07 0)
(3.24402e-07 -2.90714e-07 0)
(3.27443e-07 -2.95256e-07 0)
(3.31824e-07 -3.00159e-07 0)
(3.37177e-07 -3.05606e-07 0)
(3.71971e-07 -3.06134e-07 1.71336e-24)
(3.29299e-07 -3.05761e-07 0)
(3.03065e-07 -3.07361e-07 0)
(2.86653e-07 -3.09263e-07 0)
(2.77084e-07 -3.12117e-07 0)
(2.72214e-07 -3.1556e-07 0)
(2.70654e-07 -3.19643e-07 0)
(2.7147e-07 -3.24194e-07 0)
(2.73995e-07 -3.29194e-07 0)
(2.77736e-07 -3.34456e-07 0)
(2.82404e-07 -3.40191e-07 0)
(3.13339e-07 -3.17854e-07 -3.10412e-23)
(2.74408e-07 -3.2463e-07 0)
(2.50466e-07 -3.30716e-07 0)
(2.35469e-07 -3.35512e-07 0)
(2.26666e-07 -3.40268e-07 0)
(2.22101e-07 -3.44969e-07 0)
(2.20505e-07 -3.49906e-07 0)
(2.2103e-07 -3.55049e-07 0)
(2.23075e-07 -3.6048e-07 0)
(2.26186e-07 -3.66087e-07 0)
(2.30145e-07 -3.72084e-07 0)
(2.52884e-07 -3.27584e-07 3.91987e-24)
(2.19404e-07 -3.40855e-07 0)
(1.98811e-07 -3.51014e-07 0)
(1.85898e-07 -3.58436e-07 0)
(1.78282e-07 -3.64914e-07 0)
(1.74279e-07 -3.70752e-07 0)
(1.72798e-07 -3.76457e-07 0)
(1.73111e-07 -3.82134e-07 0)
(1.74709e-07 -3.87951e-07 0)
(1.77194e-07 -3.93871e-07 0)
(1.80412e-07 -4.001e-07 0)
(1.90962e-07 -3.3524e-07 4.28536e-24)
(1.6443e-07 -3.53988e-07 0)
(1.48106e-07 -3.67576e-07 0)
(1.37863e-07 -3.77209e-07 0)
(1.318e-07 -3.85136e-07 0)
(1.28583e-07 -3.91929e-07 0)
(1.27348e-07 -3.9828e-07 0)
(1.27518e-07 -4.04406e-07 0)
(1.28693e-07 -4.10546e-07 0)
(1.30555e-07 -4.16733e-07 0)
(1.33e-07 -4.23155e-07 0)
(1.27936e-07 -3.40753e-07 1.15199e-23)
(1.0955e-07 -3.6365e-07 0)
(9.82335e-08 -3.79835e-07 0)
(9.11279e-08 -3.91142e-07 0)
(8.69112e-08 -4.00166e-07 0)
(8.46596e-08 -4.07682e-07 0)
(8.37737e-08 -4.14522e-07 0)
(8.38538e-08 -4.20987e-07 0)
(8.46258e-08 -4.27372e-07 0)
(8.58657e-08 -4.33765e-07 0)
(8.75114e-08 -4.40333e-07 0)
(6.41762e-08 -3.44072e-07 1.76643e-23)
(5.47709e-08 -3.69555e-07 0)
(4.89761e-08 -3.87362e-07 0)
(4.53346e-08 -3.99714e-07 0)
(4.31693e-08 -4.09423e-07 0)
(4.20078e-08 -4.17391e-07 0)
(4.15434e-08 -4.24535e-07 0)
(4.15716e-08 -4.31214e-07 0)
(4.19527e-08 -4.37752e-07 0)
(4.25711e-08 -4.44275e-07 0)
(4.33981e-08 -4.50935e-07 0)
(0 -3.45149e-07 1.23873e-23)
(0 -3.71532e-07 -5.02503e-26)
(0 -3.89913e-07 0)
(0 -4.02607e-07 0)
(0 -4.12557e-07 0)
(0 -4.20674e-07 0)
(0 -4.27924e-07 0)
(0 -4.34674e-07 0)
(0 -4.41265e-07 0)
(0 -4.47832e-07 0)
(0 -4.54522e-07 0)
(5.81385e-07 -2.41457e-07 -3.19126e-23)
(5.41872e-07 -2.14114e-07 0)
(5.17667e-07 -1.98681e-07 0)
(5.02714e-07 -1.89562e-07 0)
(4.94538e-07 -1.85093e-07 0)
(4.91156e-07 -1.83627e-07 0)
(4.91308e-07 -1.8429e-07 0)
(4.94099e-07 -1.86412e-07 0)
(4.98886e-07 -1.89559e-07 0)
(5.05209e-07 -1.93429e-07 0)
(5.1292e-07 -1.97961e-07 0)
(5.33463e-07 -2.60063e-07 -1.39538e-23)
(4.90583e-07 -2.38412e-07 0)
(4.64277e-07 -2.26597e-07 0)
(4.47947e-07 -2.19828e-07 0)
(4.38791e-07 -2.16939e-07 0)
(4.34659e-07 -2.16548e-07 0)
(4.34172e-07 -2.17979e-07 0)
(4.36379e-07 -2.20658e-07 0)
(4.40576e-07 -2.24247e-07 0)
(4.46308e-07 -2.28437e-07 0)
(4.53117e-07 -2.33197e-07 0)
(4.8237e-07 -2.77126e-07 2.18713e-23)
(4.37747e-07 -2.62125e-07 0)
(4.10344e-07 -2.54517e-07 0)
(3.93275e-07 -2.50471e-07 0)
(3.83535e-07 -2.49397e-07 0)
(3.78887e-07 -2.50228e-07 0)
(3.77886e-07 -2.52518e-07 0)
(3.79549e-07 -2.55812e-07 0)
(3.8315e-07 -2.59881e-07 0)
(3.8819e-07 -2.6442e-07 0)
(3.94229e-07 -2.69558e-07 0)
(4.28429e-07 -2.92522e-07 5.04256e-23)
(3.83851e-07 -2.84751e-07 0)
(3.56457e-07 -2.81699e-07 0)
(3.39351e-07 -2.80598e-07 0)
(3.29468e-07 -2.81472e-07 0)
(3.24569e-07 -2.83603e-07 0)
(3.23206e-07 -2.86789e-07 0)
(3.24402e-07 -2.90714e-07 0)
(3.27443e-07 -2.95256e-07 0)
(3.31824e-07 -3.00159e-07 0)
(3.37177e-07 -3.05606e-07 0)
(3.71971e-07 -3.06134e-07 1.71336e-24)
(3.29299e-07 -3.05761e-07 0)
(3.03065e-07 -3.07361e-07 0)
(2.86653e-07 -3.09263e-07 0)
(2.77084e-07 -3.12117e-07 0)
(2.72214e-07 -3.1556e-07 0)
(2.70654e-07 -3.19643e-07 0)
(2.7147e-07 -3.24194e-07 0)
(2.73995e-07 -3.29194e-07 0)
(2.77736e-07 -3.34456e-07 0)
(2.82404e-07 -3.40191e-07 0)
(3.13339e-07 -3.17854e-07 -3.10412e-23)
(2.74408e-07 -3.2463e-07 0)
(2.50466e-07 -3.30716e-07 0)
(2.35469e-07 -3.35512e-07 0)
(2.26666e-07 -3.40268e-07 0)
(2.22101e-07 -3.44969e-07 0)
(2.20505e-07 -3.49906e-07 0)
(2.2103e-07 -3.55049e-07 0)
(2.23075e-07 -3.6048e-07 0)
(2.26186e-07 -3.66087e-07 0)
(2.30145e-07 -3.72084e-07 0)
(2.52884e-07 -3.27584e-07 3.91987e-24)
(2.19404e-07 -3.40855e-07 0)
(1.98811e-07 -3.51014e-07 0)
(1.85898e-07 -3.58436e-07 0)
(1.78282e-07 -3.64914e-07 0)
(1.74279e-07 -3.70752e-07 0)
(1.72798e-07 -3.76457e-07 0)
(1.73111e-07 -3.82134e-07 0)
(1.74709e-07 -3.87951e-07 0)
(1.77194e-07 -3.93871e-07 0)
(1.80412e-07 -4.001e-07 0)
(1.90962e-07 -3.3524e-07 4.28536e-24)
(1.6443e-07 -3.53988e-07 0)
(1.48106e-07 -3.67576e-07 0)
(1.37863e-07 -3.77209e-07 0)
(1.318e-07 -3.85136e-07 0)
(1.28583e-07 -3.91929e-07 0)
(1.27348e-07 -3.9828e-07 0)
(1.27518e-07 -4.04406e-07 0)
(1.28693e-07 -4.10546e-07 0)
(1.30555e-07 -4.16733e-07 0)
(1.33e-07 -4.23155e-07 0)
(1.27936e-07 -3.40753e-07 1.15199e-23)
(1.0955e-07 -3.6365e-07 0)
(9.82335e-08 -3.79835e-07 0)
(9.11279e-08 -3.91142e-07 0)
(8.69112e-08 -4.00166e-07 0)
(8.46596e-08 -4.07682e-07 0)
(8.37737e-08 -4.14522e-07 0)
(8.38538e-08 -4.20987e-07 0)
(8.46258e-08 -4.27372e-07 0)
(8.58657e-08 -4.33765e-07 0)
(8.75114e-08 -4.40333e-07 0)
(6.41762e-08 -3.44072e-07 1.76643e-23)
(5.47709e-08 -3.69555e-07 0)
(4.89761e-08 -3.87362e-07 0)
(4.53346e-08 -3.99714e-07 0)
(4.31693e-08 -4.09423e-07 0)
(4.20078e-08 -4.17391e-07 0)
(4.15434e-08 -4.24535e-07 0)
(4.15716e-08 -4.31214e-07 0)
(4.19527e-08 -4.37752e-07 0)
(4.25711e-08 -4.44275e-07 0)
(4.33981e-08 -4.50935e-07 0)
(0 -3.45149e-07 1.23873e-23)
(0 -3.71532e-07 -5.02503e-26)
(0 -3.89913e-07 0)
(0 -4.02607e-07 0)
(0 -4.12557e-07 0)
(0 -4.20674e-07 0)
(0 -4.27924e-07 0)
(0 -4.34674e-07 0)
(0 -4.41265e-07 0)
(0 -4.47832e-07 0)
(0 -4.54522e-07 0)
(8.27705e-07 0 -1.01007e-23)
(8.37025e-07 0 4.09745e-26)
(8.4314e-07 0 0)
(8.47755e-07 0 0)
(8.52672e-07 0 0)
(8.58345e-07 0 0)
(8.6519e-07 0 0)
(8.73255e-07 0 0)
(8.82585e-07 0 0)
(8.93095e-07 0 0)
(9.04765e-07 0 0)
(8.25113e-07 -2.65598e-08 -4.53368e-24)
(8.33586e-07 -1.84506e-08 0)
(8.39164e-07 -1.36097e-08 0)
(8.4345e-07 -1.06142e-08 0)
(8.48141e-07 -8.87021e-09 0)
(8.53666e-07 -7.93681e-09 0)
(8.60402e-07 -7.54716e-09 0)
(8.68386e-07 -7.51899e-09 0)
(8.77648e-07 -7.73654e-09 0)
(8.88093e-07 -8.08985e-09 0)
(8.99711e-07 -8.59535e-09 0)
(8.17291e-07 -5.2965e-08 -8.8266e-24)
(8.23308e-07 -3.71561e-08 0)
(8.27359e-07 -2.77442e-08 0)
(8.30663e-07 -2.19287e-08 0)
(8.34704e-07 -1.85521e-08 0)
(8.39788e-07 -1.67545e-08 0)
(8.46209e-07 -1.60163e-08 0)
(8.53951e-07 -1.59827e-08 0)
(8.63015e-07 -1.64272e-08 0)
(8.73269e-07 -1.71376e-08 0)
(8.8473e-07 -1.81409e-08 0)
(8.04284e-07 -7.90842e-08 -2.64459e-23)
(8.06379e-07 -5.64042e-08 0)
(8.08003e-07 -4.29279e-08 0)
(8.09742e-07 -3.46119e-08 0)
(8.12748e-07 -2.98014e-08 0)
(8.17129e-07 -2.726e-08 0)
(8.23046e-07 -2.62424e-08 0)
(8.30402e-07 -2.62396e-08 0)
(8.39149e-07 -2.69244e-08 0)
(8.49099e-07 -2.79957e-08 0)
(8.60309e-07 -2.94792e-08 0)
(7.86204e-07 -1.04758e-07 -1.86687e-23)
(7.83148e-07 -7.64042e-08 0)
(7.81581e-07 -5.95887e-08 0)
(7.81264e-07 -4.92285e-08 0)
(7.82911e-07 -4.32673e-08 0)
(7.86366e-07 -4.01537e-08 0)
(7.9162e-07 -3.89558e-08 0)
(7.98467e-07 -3.9036e-08 0)
(8.06795e-07 -3.99804e-08 0)
(8.16346e-07 -4.14183e-08 0)
(8.27224e-07 -4.33594e-08 0)
(7.63194e-07 -1.29842e-07 -1.4707e-24)
(7.54069e-07 -9.73013e-08 0)
(7.48743e-07 -7.80515e-08 0)
(7.46002e-07 -6.62168e-08 0)
(7.46043e-07 -5.94589e-08 0)
(7.48403e-07 -5.59877e-08 0)
(7.52869e-07 -5.47337e-08 0)
(7.5911e-07 -5.49628e-08 0)
(7.66937e-07 -5.6192e-08 0)
(7.76014e-07 -5.80036e-08 0)
(7.86491e-07 -6.03734e-08 0)
(7.3543e-07 -1.54193e-07 -4.59921e-25)
(7.1969e-07 -1.19157e-07 0)
(7.10263e-07 -9.85056e-08 0)
(7.04876e-07 -8.58473e-08 0)
(7.03159e-07 -7.86975e-08 0)
(7.04317e-07 -7.51145e-08 0)
(7.07911e-07 -7.39478e-08 0)
(7.13479e-07 -7.44022e-08 0)
(7.20744e-07 -7.5948e-08 0)
(7.29295e-07 -7.81428e-08 0)
(7.39316e-07 -8.09135e-08 0)
(7.03121e-07 -1.77669e-07 -7.8101e-25)
(6.80625e-07 -1.41941e-07 0)
(6.67004e-07 -1.20992e-07 0)
(6.5891e-07 -1.08206e-07 0)
(6.55387e-07 -1.01098e-07 0)
(6.55301e-07 -9.76658e-08 0)
(6.57983e-07 -9.67399e-08 0)
(6.62839e-07 -9.75026e-08 0)
(6.69501e-07 -9.94018e-08 0)
(6.77493e-07 -1.01994e-07 0)
(6.87007e-07 -1.05138e-07 0)
(6.66501e-07 -2.00128e-07 3.78891e-23)
(6.37525e-07 -1.65526e-07 0)
(6.19879e-07 -1.45391e-07 0)
(6.09182e-07 -1.3318e-07 0)
(6.03913e-07 -1.26551e-07 0)
(6.02611e-07 -1.23535e-07 0)
(6.04387e-07 -1.23005e-07 0)
(6.08524e-07 -1.24159e-07 0)
(6.14559e-07 -1.26455e-07 0)
(6.21978e-07 -1.29468e-07 0)
(6.30953e-07 -1.32994e-07 0)
(6.25829e-07 -2.21436e-07 2.40309e-23)
(5.91057e-07 -1.89688e-07 0)
(5.69805e-07 -1.71429e-07 0)
(5.56772e-07 -1.60464e-07 0)
(5.49918e-07 -1.54729e-07 0)
(5.47495e-07 -1.52379e-07 0)
(5.4841e-07 -1.52387e-07 0)
(5.51842e-07 -1.54006e-07 0)
(5.57239e-07 -1.56732e-07 0)
(5.64083e-07 -1.60206e-07 0)
(5.72432e-07 -1.64117e-07 0)
(8.27705e-07 0 -1.01007e-23)
(8.37025e-07 0 4.09745e-26)
(8.4314e-07 0 0)
(8.47755e-07 0 0)
(8.52672e-07 0 0)
(8.58345e-07 0 0)
(8.6519e-07 0 0)
(8.73255e-07 0 0)
(8.82585e-07 0 0)
(8.93095e-07 0 0)
(9.04765e-07 0 0)
(8.25113e-07 -2.65598e-08 -4.53368e-24)
(8.33586e-07 -1.84506e-08 0)
(8.39164e-07 -1.36097e-08 0)
(8.4345e-07 -1.06142e-08 0)
(8.48141e-07 -8.87021e-09 0)
(8.53666e-07 -7.93681e-09 0)
(8.60402e-07 -7.54716e-09 0)
(8.68386e-07 -7.51899e-09 0)
(8.77648e-07 -7.73654e-09 0)
(8.88093e-07 -8.08985e-09 0)
(8.99711e-07 -8.59535e-09 0)
(8.17291e-07 -5.2965e-08 -8.8266e-24)
(8.23308e-07 -3.71561e-08 0)
(8.27359e-07 -2.77442e-08 0)
(8.30663e-07 -2.19287e-08 0)
(8.34704e-07 -1.85521e-08 0)
(8.39788e-07 -1.67545e-08 0)
(8.46209e-07 -1.60163e-08 0)
(8.53951e-07 -1.59827e-08 0)
(8.63015e-07 -1.64272e-08 0)
(8.73269e-07 -1.71376e-08 0)
(8.8473e-07 -1.81409e-08 0)
(8.04284e-07 -7.90842e-08 -2.64459e-23)
(8.06379e-07 -5.64042e-08 0)
(8.08003e-07 -4.29279e-08 0)
(8.09742e-07 -3.46119e-08 0)
(8.12748e-07 -2.98014e-08 0)
(8.17129e-07 -2.726e-08 0)
(8.23046e-07 -2.62424e-08 0)
(8.30402e-07 -2.62396e-08 0)
(8.39149e-07 -2.69244e-08 0)
(8.49099e-07 -2.79957e-08 0)
(8.60309e-07 -2.94792e-08 0)
(7.86204e-07 -1.04758e-07 -1.86687e-23)
(7.83148e-07 -7.64042e-08 0)
(7.81581e-07 -5.95887e-08 0)
(7.81264e-07 -4.92285e-08 0)
(7.82911e-07 -4.32673e-08 0)
(7.86366e-07 -4.01537e-08 0)
(7.9162e-07 -3.89558e-08 0)
(7.98467e-07 -3.9036e-08 0)
(8.06795e-07 -3.99804e-08 0)
(8.16346e-07 -4.14183e-08 0)
(8.27224e-07 -4.33594e-08 0)
(7.63194e-07 -1.29842e-07 -1.4707e-24)
(7.54069e-07 -9.73013e-08 0)
(7.48743e-07 -7.80515e-08 0)
(7.46002e-07 -6.62168e-08 0)
(7.46043e-07 -5.94589e-08 0)
(7.48403e-07 -5.59877e-08 0)
(7.52869e-07 -5.47337e-08 0)
(7.5911e-07 -5.49628e-08 0)
(7.66937e-07 -5.6192e-08 0)
(7.76014e-07 -5.80036e-08 0)
(7.86491e-07 -6.03734e-08 0)
(7.3543e-07 -1.54193e-07 -4.59921e-25)
(7.1969e-07 -1.19157e-07 0)
(7.10263e-07 -9.85056e-08 0)
(7.04876e-07 -8.58473e-08 0)
(7.03159e-07 -7.86975e-08 0)
(7.04317e-07 -7.51145e-08 0)
(7.07911e-07 -7.39478e-08 0)
(7.13479e-07 -7.44022e-08 0)
(7.20744e-07 -7.5948e-08 0)
(7.29295e-07 -7.81428e-08 0)
(7.39316e-07 -8.09135e-08 0)
(7.03121e-07 -1.77669e-07 -7.8101e-25)
(6.80625e-07 -1.41941e-07 0)
(6.67004e-07 -1.20992e-07 0)
(6.5891e-07 -1.08206e-07 0)
(6.55387e-07 -1.01098e-07 0)
(6.55301e-07 -9.76658e-08 0)
(6.57983e-07 -9.67399e-08 0)
(6.62839e-07 -9.75026e-08 0)
(6.69501e-07 -9.94018e-08 0)
(6.77493e-07 -1.01994e-07 0)
(6.87007e-07 -1.05138e-07 0)
(6.66501e-07 -2.00128e-07 3.78891e-23)
(6.37525e-07 -1.65526e-07 0)
(6.19879e-07 -1.45391e-07 0)
(6.09182e-07 -1.3318e-07 0)
(6.03913e-07 -1.26551e-07 0)
(6.02611e-07 -1.23535e-07 0)
(6.04387e-07 -1.23005e-07 0)
(6.08524e-07 -1.24159e-07 0)
(6.14559e-07 -1.26455e-07 0)
(6.21978e-07 -1.29468e-07 0)
(6.30953e-07 -1.32994e-07 0)
(6.25829e-07 -2.21436e-07 2.40309e-23)
(5.91057e-07 -1.89688e-07 0)
(5.69805e-07 -1.71429e-07 0)
(5.56772e-07 -1.60464e-07 0)
(5.49918e-07 -1.54729e-07 0)
(5.47495e-07 -1.52379e-07 0)
(5.4841e-07 -1.52387e-07 0)
(5.51842e-07 -1.54006e-07 0)
(5.57239e-07 -1.56732e-07 0)
(5.64083e-07 -1.60206e-07 0)
(5.72432e-07 -1.64117e-07 0)
(9.17552e-07 0 0)
(9.31286e-07 0 0)
(9.45855e-07 0 0)
(9.61186e-07 0 0)
(9.77199e-07 0 0)
(9.93824e-07 0 0)
(1.01099e-06 0 0)
(1.02864e-06 0 0)
(1.04671e-06 0 0)
(1.06514e-06 0 0)
(1.08388e-06 0 0)
(1.10286e-06 0 0)
(1.12204e-06 0 0)
(1.14134e-06 0 0)
(1.16071e-06 0 0)
(1.18007e-06 0 0)
(1.19935e-06 0 0)
(1.21849e-06 0 0)
(1.23732e-06 0 -3.02635e-27)
(1.25585e-06 0 -4.94827e-24)
(9.12952e-07 -8.66148e-09 0)
(9.27069e-07 -8.69151e-09 0)
(9.41975e-07 -8.7234e-09 0)
(9.57602e-07 -8.7237e-09 0)
(9.73877e-07 -8.68508e-09 0)
(9.90735e-07 -8.6001e-09 0)
(1.00811e-06 -8.46244e-09 0)
(1.02595e-06 -8.26793e-09 0)
(1.04419e-06 -8.0117e-09 0)
(1.06278e-06 -7.68926e-09 0)
(1.08166e-06 -7.29513e-09 0)
(1.10078e-06 -6.82303e-09 0)
(1.12008e-06 -6.26529e-09 0)
(1.1395e-06 -5.61256e-09 0)
(1.15898e-06 -4.85356e-09 0)
(1.17846e-06 -3.97427e-09 0)
(1.19784e-06 -2.9583e-09 0)
(1.21708e-06 -1.78348e-09 0)
(1.23601e-06 -4.30674e-10 0)
(1.25465e-06 1.15495e-09 -1.02465e-23)
(8.99303e-07 -1.81272e-08 0)
(9.14553e-07 -1.80706e-08 0)
(9.30455e-07 -1.80364e-08 0)
(9.46957e-07 -1.79579e-08 0)
(9.64007e-07 -1.78155e-08 0)
(9.81557e-07 -1.75929e-08 0)
(9.99556e-07 -1.72748e-08 0)
(1.01795e-06 -1.68513e-08 0)
(1.03671e-06 -1.63113e-08 0)
(1.05576e-06 -1.56446e-08 0)
(1.07508e-06 -1.48394e-08 0)
(1.09459e-06 -1.38823e-08 0)
(1.11427e-06 -1.27573e-08 0)
(1.13404e-06 -1.14453e-08 0)
(1.15386e-06 -9.92329e-09 0)
(1.17366e-06 -8.16272e-09 0)
(1.19335e-06 -6.13059e-09 0)
(1.2129e-06 -3.78229e-09 0)
(1.23213e-06 -1.07924e-09 0)
(1.25107e-06 2.08721e-09 -1.73328e-23)
(8.77023e-07 -2.91084e-08 0)
(8.94104e-07 -2.87433e-08 0)
(9.1162e-07 -2.84568e-08 0)
(9.29541e-07 -2.81504e-08 0)
(9.47854e-07 -2.77822e-08 0)
(9.66529e-07 -2.73238e-08 0)
(9.85541e-07 -2.67459e-08 0)
(1.00486e-06 -2.603e-08 0)
(1.02444e-06 -2.51558e-08 0)
(1.04426e-06 -2.41054e-08 0)
(1.06428e-06 -2.28587e-08 0)
(1.08445e-06 -2.13938e-08 0)
(1.10474e-06 -1.96854e-08 0)
(1.1251e-06 -1.77033e-08 0)
(1.14546e-06 -1.5412e-08 0)
(1.16579e-06 -1.27677e-08 0)
(1.18599e-06 -9.72014e-09 0)
(1.20603e-06 -6.20154e-09 0)
(1.22576e-06 -2.15296e-09 0)
(1.2452e-06 2.58734e-09 -2.78326e-24)
(8.46769e-07 -4.22458e-08 0)
(8.66291e-07 -4.1261e-08 0)
(8.85972e-07 -4.0459e-08 0)
(9.05805e-07 -3.97136e-08 0)
(9.25824e-07 -3.89463e-08 0)
(9.46023e-07 -3.81122e-08 0)
(9.66409e-07 -3.71612e-08 0)
(9.86967e-07 -3.60622e-08 0)
(1.00769e-06 -3.47814e-08 0)
(1.02855e-06 -3.32903e-08 0)
(1.04953e-06 -3.15582e-08 0)
(1.07059e-06 -2.95527e-08 0)
(1.09172e-06 -2.72372e-08 0)
(1.11286e-06 -2.45694e-08 0)
(1.13398e-06 -2.15e-08 0)
(1.15502e-06 -1.79691e-08 0)
(1.17592e-06 -1.39079e-08 0)
(1.19664e-06 -9.22491e-09 0)
(1.21704e-06 -3.83948e-09 0)
(1.23715e-06 2.46232e-09 4.34758e-24)
(8.09401e-07 -5.80563e-08 0)
(8.31863e-07 -5.6073e-08 0)
(8.5417e-07 -5.44304e-08 0)
(8.76335e-07 -5.29829e-08 0)
(8.98447e-07 -5.15993e-08 0)
(9.20523e-07 -5.02133e-08 0)
(9.42606e-07 -4.87467e-08 0)
(9.64705e-07 -4.71499e-08 0)
(9.86831e-07 -4.53717e-08 0)
(1.00898e-06 -4.33688e-08 0)
(1.03116e-06 -4.10966e-08 0)
(1.05333e-06 -3.85098e-08 0)
(1.07549e-06 -3.55586e-08 0)
(1.09761e-06 -3.21867e-08 0)
(1.11966e-06 -2.83297e-08 0)
(1.14159e-06 -2.39102e-08 0)
(1.16335e-06 -1.88403e-08 0)
(1.18491e-06 -1.30037e-08 0)
(1.20615e-06 -6.29662e-09 0)
(1.2271e-06 1.54537e-09 9.68908e-24)
(7.65945e-07 -7.68995e-08 0)
(7.91708e-07 -7.35083e-08 0)
(8.16999e-07 -7.06667e-08 0)
(8.41831e-07 -6.82227e-08 0)
(8.66352e-07 -6.59788e-08 0)
(8.90602e-07 -6.38402e-08 0)
(9.14657e-07 -6.16947e-08 0)
(9.38551e-07 -5.94676e-08 0)
(9.62321e-07 -5.70856e-08 0)
(9.85985e-07 -5.44865e-08 0)
(1.00955e-06 -5.16091e-08 0)
(1.03303e-06 -4.83919e-08 0)
(1.05641e-06 -4.477e-08 0)
(1.07967e-06 -4.06714e-08 0)
(1.1028e-06 -3.6015e-08 0)
(1.12578e-06 -3.07051e-08 0)
(1.14854e-06 -2.46333e-08 0)
(1.17109e-06 -1.76584e-08 0)
(1.1933e-06 -9.65262e-09 0)
(1.21523e-06 -3.04183e-10 1.74004e-23)
(7.17518e-07 -9.89359e-08 0)
(7.46792e-07 -9.37192e-08 0)
(7.75305e-07 -8.93067e-08 0)
(8.0305e-07 -8.5551e-08 0)
(8.30225e-07 -8.21861e-08 0)
(8.56885e-07 -7.90775e-08 0)
(8.83139e-07 -7.60771e-08 0)
(9.09043e-07 -7.3077e-08 0)
(9.34657e-07 -6.99783e-08 0)
(9.60019e-07 -6.66945e-08 0)
(9.8516e-07 -6.31442e-08 0)
(1.0101e-06 -5.92469e-08 0)
(1.03484e-06 -5.49202e-08 0)
(1.0594e-06 -5.00741e-08 0)
(1.08375e-06 -4.461e-08 0)
(1.10789e-06 -3.84125e-08 0)
(1.13178e-06 -3.13523e-08 0)
(1.15543e-06 -2.32629e-08 0)
(1.17873e-06 -1.39924e-08 0)
(1.20176e-06 -3.18495e-09 4.3497e-25)
(6.65319e-07 -1.24178e-07 0)
(6.98158e-07 -1.16766e-07 0)
(7.30003e-07 -1.10452e-07 0)
(7.60803e-07 -1.05081e-07 0)
(7.90786e-07 -1.00342e-07 0)
(8.20023e-07 -9.60458e-08 0)
(8.48641e-07 -9.20087e-08 0)
(8.76719e-07 -8.80847e-08 0)
(9.04335e-07 -8.41456e-08 0)
(9.31547e-07 -8.00779e-08 0)
(9.58404e-07 -7.57767e-08 0)
(9.8494e-07 -7.11405e-08 0)
(1.01118e-06 -6.60668e-08 0)
(1.03714e-06 -6.04466e-08 0)
(1.06282e-06 -5.41621e-08 0)
(1.08824e-06 -4.70776e-08 0)
(1.11336e-06 -3.9043e-08 0)
(1.1382e-06 -2.9867e-08 0)
(1.1627e-06 -1.93739e-08 0)
(1.18693e-06 -7.17352e-09 -5.01924e-24)
(6.10464e-07 -1.52319e-07 0)
(6.46775e-07 -1.42368e-07 0)
(6.81935e-07 -1.33871e-07 0)
(7.15865e-07 -1.26601e-07 0)
(7.48756e-07 -1.2025e-07 0)
(7.80694e-07 -1.14563e-07 0)
(8.11804e-07 -1.09324e-07 0)
(8.42183e-07 -1.04342e-07 0)
(8.71924e-07 -9.9457e-08 0)
(9.01104e-07 -9.45232e-08 0)
(9.29787e-07 -8.94092e-08 0)
(9.58023e-07 -8.39895e-08 0)
(9.85854e-07 -7.81399e-08 0)
(1.01331e-06 -7.17309e-08 0)
(1.04041e-06 -6.46249e-08 0)
(1.06717e-06 -5.6666e-08 0)
(1.0936e-06 -4.76833e-08 0)
(1.11971e-06 -3.74621e-08 0)
(1.14548e-06 -2.5804e-08 0)
(1.17098e-06 -1.22861e-08 3.08175e-24)
(5.54443e-07 -1.82984e-07 0)
(5.93973e-07 -1.70213e-07 0)
(6.32281e-07 -1.59399e-07 0)
(6.69239e-07 -1.50053e-07 0)
(7.04993e-07 -1.41913e-07 0)
(7.39626e-07 -1.34671e-07 0)
(7.73254e-07 -1.2808e-07 0)
(8.0598e-07 -1.21913e-07 0)
(8.37904e-07 -1.15974e-07 0)
(8.69116e-07 -1.10086e-07 0)
(8.99691e-07 -1.04089e-07 0)
(9.29696e-07 -9.78328e-08 0)
(9.59184e-07 -9.11692e-08 0)
(9.882e-07 -8.39478e-08 0)
(1.01678e-06 -7.60103e-08 0)
(1.04495e-06 -6.71818e-08 0)
(1.07274e-06 -5.72711e-08 0)
(1.10018e-06 -4.60445e-08 0)
(1.12727e-06 -3.32794e-08 0)
(1.15411e-06 -1.85333e-08 8.97658e-24)
(9.17552e-07 0 0)
(9.31286e-07 0 0)
(9.45855e-07 0 0)
(9.61186e-07 0 0)
(9.77199e-07 0 0)
(9.93824e-07 0 0)
(1.01099e-06 0 0)
(1.02864e-06 0 0)
(1.04671e-06 0 0)
(1.06514e-06 0 0)
(1.08388e-06 0 0)
(1.10286e-06 0 0)
(1.12204e-06 0 0)
(1.14134e-06 0 0)
(1.16071e-06 0 0)
(1.18007e-06 0 0)
(1.19935e-06 0 0)
(1.21849e-06 0 0)
(1.23732e-06 0 -3.02635e-27)
(1.25585e-06 0 -4.94827e-24)
(9.12952e-07 -8.66148e-09 0)
(9.27069e-07 -8.69151e-09 0)
(9.41975e-07 -8.7234e-09 0)
(9.57602e-07 -8.7237e-09 0)
(9.73877e-07 -8.68508e-09 0)
(9.90735e-07 -8.6001e-09 0)
(1.00811e-06 -8.46244e-09 0)
(1.02595e-06 -8.26793e-09 0)
(1.04419e-06 -8.0117e-09 0)
(1.06278e-06 -7.68926e-09 0)
(1.08166e-06 -7.29513e-09 0)
(1.10078e-06 -6.82303e-09 0)
(1.12008e-06 -6.26529e-09 0)
(1.1395e-06 -5.61256e-09 0)
(1.15898e-06 -4.85356e-09 0)
(1.17846e-06 -3.97427e-09 0)
(1.19784e-06 -2.9583e-09 0)
(1.21708e-06 -1.78348e-09 0)
(1.23601e-06 -4.30674e-10 0)
(1.25465e-06 1.15495e-09 -1.02465e-23)
(8.99303e-07 -1.81272e-08 0)
(9.14553e-07 -1.80706e-08 0)
(9.30455e-07 -1.80364e-08 0)
(9.46957e-07 -1.79579e-08 0)
(9.64007e-07 -1.78155e-08 0)
(9.81557e-07 -1.75929e-08 0)
(9.99556e-07 -1.72748e-08 0)
(1.01795e-06 -1.68513e-08 0)
(1.03671e-06 -1.63113e-08 0)
(1.05576e-06 -1.56446e-08 0)
(1.07508e-06 -1.48394e-08 0)
(1.09459e-06 -1.38823e-08 0)
(1.11427e-06 -1.27573e-08 0)
(1.13404e-06 -1.14453e-08 0)
(1.15386e-06 -9.92329e-09 0)
(1.17366e-06 -8.16272e-09 0)
(1.19335e-06 -6.13059e-09 0)
(1.2129e-06 -3.78229e-09 0)
(1.23213e-06 -1.07924e-09 0)
(1.25107e-06 2.08721e-09 -1.73328e-23)
(8.77023e-07 -2.91084e-08 0)
(8.94104e-07 -2.87433e-08 0)
(9.1162e-07 -2.84568e-08 0)
(9.29541e-07 -2.81504e-08 0)
(9.47854e-07 -2.77822e-08 0)
(9.66529e-07 -2.73238e-08 0)
(9.85541e-07 -2.67459e-08 0)
(1.00486e-06 -2.603e-08 0)
(1.02444e-06 -2.51558e-08 0)
(1.04426e-06 -2.41054e-08 0)
(1.06428e-06 -2.28587e-08 0)
(1.08445e-06 -2.13938e-08 0)
(1.10474e-06 -1.96854e-08 0)
(1.1251e-06 -1.77033e-08 0)
(1.14546e-06 -1.5412e-08 0)
(1.16579e-06 -1.27677e-08 0)
(1.18599e-06 -9.72014e-09 0)
(1.20603e-06 -6.20154e-09 0)
(1.22576e-06 -2.15296e-09 0)
(1.2452e-06 2.58734e-09 -2.78326e-24)
(8.46769e-07 -4.22458e-08 0)
(8.66291e-07 -4.1261e-08 0)
(8.85972e-07 -4.0459e-08 0)
(9.05805e-07 -3.97136e-08 0)
(9.25824e-07 -3.89463e-08 0)
(9.46023e-07 -3.81122e-08 0)
(9.66409e-07 -3.71612e-08 0)
(9.86967e-07 -3.60622e-08 0)
(1.00769e-06 -3.47814e-08 0)
(1.02855e-06 -3.32903e-08 0)
(1.04953e-06 -3.15582e-08 0)
(1.07059e-06 -2.95527e-08 0)
(1.09172e-06 -2.72372e-08 0)
(1.11286e-06 -2.45694e-08 0)
(1.13398e-06 -2.15e-08 0)
(1.15502e-06 -1.79691e-08 0)
(1.17592e-06 -1.39079e-08 0)
(1.19664e-06 -9.22491e-09 0)
(1.21704e-06 -3.83948e-09 0)
(1.23715e-06 2.46232e-09 4.34758e-24)
(8.09401e-07 -5.80563e-08 0)
(8.31863e-07 -5.6073e-08 0)
(8.5417e-07 -5.44304e-08 0)
(8.76335e-07 -5.29829e-08 0)
(8.98447e-07 -5.15993e-08 0)
(9.20523e-07 -5.02133e-08 0)
(9.42606e-07 -4.87467e-08 0)
(9.64705e-07 -4.71499e-08 0)
(9.86831e-07 -4.53717e-08 0)
(1.00898e-06 -4.33688e-08 0)
(1.03116e-06 -4.10966e-08 0)
(1.05333e-06 -3.85098e-08 0)
(1.07549e-06 -3.55586e-08 0)
(1.09761e-06 -3.21867e-08 0)
(1.11966e-06 -2.83297e-08 0)
(1.14159e-06 -2.39102e-08 0)
(1.16335e-06 -1.88403e-08 0)
(1.18491e-06 -1.30037e-08 0)
(1.20615e-06 -6.29662e-09 0)
(1.2271e-06 1.54537e-09 9.68908e-24)
(7.65945e-07 -7.68995e-08 0)
(7.91708e-07 -7.35083e-08 0)
(8.16999e-07 -7.06667e-08 0)
(8.41831e-07 -6.82227e-08 0)
(8.66352e-07 -6.59788e-08 0)
(8.90602e-07 -6.38402e-08 0)
(9.14657e-07 -6.16947e-08 0)
(9.38551e-07 -5.94676e-08 0)
(9.62321e-07 -5.70856e-08 0)
(9.85985e-07 -5.44865e-08 0)
(1.00955e-06 -5.16091e-08 0)
(1.03303e-06 -4.83919e-08 0)
(1.05641e-06 -4.477e-08 0)
(1.07967e-06 -4.06714e-08 0)
(1.1028e-06 -3.6015e-08 0)
(1.12578e-06 -3.07051e-08 0)
(1.14854e-06 -2.46333e-08 0)
(1.17109e-06 -1.76584e-08 0)
(1.1933e-06 -9.65262e-09 0)
(1.21523e-06 -3.04183e-10 1.74004e-23)
(7.17518e-07 -9.89359e-08 0)
(7.46792e-07 -9.37192e-08 0)
(7.75305e-07 -8.93067e-08 0)
(8.0305e-07 -8.5551e-08 0)
(8.30225e-07 -8.21861e-08 0)
(8.56885e-07 -7.90775e-08 0)
(8.83139e-07 -7.60771e-08 0)
(9.09043e-07 -7.3077e-08 0)
(9.34657e-07 -6.99783e-08 0)
(9.60019e-07 -6.66945e-08 0)
(9.8516e-07 -6.31442e-08 0)
(1.0101e-06 -5.92469e-08 0)
(1.03484e-06 -5.49202e-08 0)
(1.0594e-06 -5.00741e-08 0)
(1.08375e-06 -4.461e-08 0)
(1.10789e-06 -3.84125e-08 0)
(1.13178e-06 -3.13523e-08 0)
(1.15543e-06 -2.32629e-08 0)
(1.17873e-06 -1.39924e-08 0)
(1.20176e-06 -3.18495e-09 4.3497e-25)
(6.65319e-07 -1.24178e-07 0)
(6.98158e-07 -1.16766e-07 0)
(7.30003e-07 -1.10452e-07 0)
(7.60803e-07 -1.05081e-07 0)
(7.90786e-07 -1.00342e-07 0)
(8.20023e-07 -9.60458e-08 0)
(8.48641e-07 -9.20087e-08 0)
(8.76719e-07 -8.80847e-08 0)
(9.04335e-07 -8.41456e-08 0)
(9.31547e-07 -8.00779e-08 0)
(9.58404e-07 -7.57767e-08 0)
(9.8494e-07 -7.11405e-08 0)
(1.01118e-06 -6.60668e-08 0)
(1.03714e-06 -6.04466e-08 0)
(1.06282e-06 -5.41621e-08 0)
(1.08824e-06 -4.70776e-08 0)
(1.11336e-06 -3.9043e-08 0)
(1.1382e-06 -2.9867e-08 0)
(1.1627e-06 -1.93739e-08 0)
(1.18693e-06 -7.17352e-09 -5.01924e-24)
(6.10464e-07 -1.52319e-07 0)
(6.46775e-07 -1.42368e-07 0)
(6.81935e-07 -1.33871e-07 0)
(7.15865e-07 -1.26601e-07 0)
(7.48756e-07 -1.2025e-07 0)
(7.80694e-07 -1.14563e-07 0)
(8.11804e-07 -1.09324e-07 0)
(8.42183e-07 -1.04342e-07 0)
(8.71924e-07 -9.9457e-08 0)
(9.01104e-07 -9.45232e-08 0)
(9.29787e-07 -8.94092e-08 0)
(9.58023e-07 -8.39895e-08 0)
(9.85854e-07 -7.81399e-08 0)
(1.01331e-06 -7.17309e-08 0)
(1.04041e-06 -6.46249e-08 0)
(1.06717e-06 -5.6666e-08 0)
(1.0936e-06 -4.76833e-08 0)
(1.11971e-06 -3.74621e-08 0)
(1.14548e-06 -2.5804e-08 0)
(1.17098e-06 -1.22861e-08 3.08175e-24)
(5.54443e-07 -1.82984e-07 0)
(5.93973e-07 -1.70213e-07 0)
(6.32281e-07 -1.59399e-07 0)
(6.69239e-07 -1.50053e-07 0)
(7.04993e-07 -1.41913e-07 0)
(7.39626e-07 -1.34671e-07 0)
(7.73254e-07 -1.2808e-07 0)
(8.0598e-07 -1.21913e-07 0)
(8.37904e-07 -1.15974e-07 0)
(8.69116e-07 -1.10086e-07 0)
(8.99691e-07 -1.04089e-07 0)
(9.29696e-07 -9.78328e-08 0)
(9.59184e-07 -9.11692e-08 0)
(9.882e-07 -8.39478e-08 0)
(1.01678e-06 -7.60103e-08 0)
(1.04495e-06 -6.71818e-08 0)
(1.07274e-06 -5.72711e-08 0)
(1.10018e-06 -4.60445e-08 0)
(1.12727e-06 -3.32794e-08 0)
(1.15411e-06 -1.85333e-08 8.97658e-24)
(4.87045e-07 -2.22003e-07 0)
(5.2874e-07 -2.06518e-07 0)
(5.68853e-07 -1.92826e-07 0)
(6.07708e-07 -1.80986e-07 0)
(6.45331e-07 -1.70547e-07 0)
(6.8178e-07 -1.61277e-07 0)
(7.1713e-07 -1.52913e-07 0)
(7.51467e-07 -1.45227e-07 0)
(7.84877e-07 -1.38006e-07 0)
(8.17446e-07 -1.3106e-07 0)
(8.49254e-07 -1.24212e-07 0)
(8.80373e-07 -1.17302e-07 0)
(9.10867e-07 -1.10175e-07 0)
(9.40792e-07 -1.02678e-07 0)
(9.70199e-07 -9.46573e-08 0)
(9.99128e-07 -8.59531e-08 0)
(1.02762e-06 -7.63896e-08 0)
(1.05571e-06 -6.57793e-08 0)
(1.08346e-06 -5.38931e-08 0)
(1.11087e-06 -4.05227e-08 0)
(1.13806e-06 -2.52416e-08 9.36515e-24)
(4.64474e-07 -2.44973e-07 0)
(5.05861e-07 -2.29247e-07 0)
(5.45994e-07 -2.1493e-07 0)
(5.85026e-07 -2.02251e-07 0)
(6.22952e-07 -1.90872e-07 0)
(6.5979e-07 -1.80603e-07 0)
(6.95583e-07 -1.71221e-07 0)
(7.30391e-07 -1.62521e-07 0)
(7.64279e-07 -1.54307e-07 0)
(7.97316e-07 -1.46399e-07 0)
(8.29572e-07 -1.38627e-07 0)
(8.61111e-07 -1.30831e-07 0)
(8.91993e-07 -1.22856e-07 0)
(9.22274e-07 -1.14551e-07 0)
(9.52007e-07 -1.05762e-07 0)
(9.81236e-07 -9.63297e-08 0)
(1.01001e-06 -8.60819e-08 0)
(1.03838e-06 -7.48374e-08 0)
(1.0664e-06 -6.23791e-08 0)
(1.09411e-06 -4.85131e-08 0)
(1.12163e-06 -3.285e-08 1.90664e-23)
(4.44753e-07 -2.67212e-07 0)
(4.85587e-07 -2.51264e-07 0)
(5.25374e-07 -2.36504e-07 0)
(5.64258e-07 -2.23175e-07 0)
(6.02171e-07 -2.11014e-07 0)
(6.39111e-07 -1.99878e-07 0)
(6.75087e-07 -1.89583e-07 0)
(7.10134e-07 -1.79951e-07 0)
(7.44298e-07 -1.70809e-07 0)
(7.7763e-07 -1.61988e-07 0)
(8.10185e-07 -1.53329e-07 0)
(8.4202e-07 -1.44677e-07 0)
(8.73188e-07 -1.35883e-07 0)
(9.03742e-07 -1.26798e-07 0)
(9.33735e-07 -1.1727e-07 0)
(9.63214e-07 -1.07145e-07 0)
(9.92235e-07 -9.62585e-08 0)
(1.02085e-06 -8.44379e-08 0)
(1.04912e-06 -7.14814e-08 0)
(1.07711e-06 -5.72126e-08 0)
(1.10494e-06 -4.12813e-08 2.75157e-23)
(4.274e-07 -2.88509e-07 0)
(4.6749e-07 -2.72491e-07 0)
(5.06717e-07 -2.57441e-07 0)
(5.45217e-07 -2.43608e-07 0)
(5.82885e-07 -2.30802e-07 0)
(6.19703e-07 -2.1892e-07 0)
(6.55652e-07 -2.07817e-07 0)
(6.90749e-07 -1.97344e-07 0)
(7.25015e-07 -1.87347e-07 0)
(7.5849e-07 -1.77676e-07 0)
(7.91213e-07 -1.68183e-07 0)
(8.23231e-07 -1.58723e-07 0)
(8.5459e-07 -1.49151e-07 0)
(8.8534e-07 -1.39326e-07 0)
(9.15529e-07 -1.29102e-07 0)
(9.45207e-07 -1.18333e-07 0)
(9.74431e-07 -1.06861e-07 0)
(1.00326e-06 -9.45271e-08 0)
(1.03176e-06 -8.11475e-08 0)
(1.06e-06 -6.65644e-08 0)
(1.08812e-06 -5.04705e-08 2.41407e-23)
(4.12098e-07 -3.08862e-07 0)
(4.51299e-07 -2.92865e-07 0)
(4.89811e-07 -2.77649e-07 0)
(5.27753e-07 -2.63448e-07 0)
(5.64999e-07 -2.50127e-07 0)
(6.01517e-07 -2.37622e-07 0)
(6.37269e-07 -2.2582e-07 0)
(6.72253e-07 -2.146e-07 0)
(7.06476e-07 -2.03832e-07 0)
(7.3996e-07 -1.93383e-07 0)
(7.72733e-07 -1.83118e-07 0)
(8.04832e-07 -1.72904e-07 0)
(8.36296e-07 -1.62605e-07 0)
(8.67168e-07 -1.52088e-07 0)
(8.97494e-07 -1.41217e-07 0)
(9.27323e-07 -1.29852e-07 0)
(9.56711e-07 -1.17849e-07 0)
(9.85717e-07 -1.05063e-07 0)
(1.01442e-06 -9.13288e-08 0)
(1.04289e-06 -7.65092e-08 0)
(1.07126e-06 -6.03412e-08 2.43576e-23)
(3.98483e-07 -3.28263e-07 0)
(4.3672e-07 -3.12375e-07 0)
(4.74421e-07 -2.97091e-07 0)
(5.11688e-07 -2.82631e-07 0)
(5.48383e-07 -2.68908e-07 0)
(5.84467e-07 -2.55888e-07 0)
(6.19888e-07 -2.4349e-07 0)
(6.5463e-07 -2.31618e-07 0)
(6.88687e-07 -2.20164e-07 0)
(7.22068e-07 -2.09013e-07 0)
(7.54791e-07 -1.98046e-07 0)
(7.86883e-07 -1.8714e-07 0)
(8.18374e-07 -1.76173e-07 0)
(8.49303e-07 -1.6502e-07 0)
(8.79712e-07 -1.53554e-07 0)
(9.09646e-07 -1.41649e-07 0)
(9.39161e-07 -1.29172e-07 0)
(9.68317e-07 -1.15994e-07 0)
(9.9719e-07 -1.01969e-07 0)
(1.02586e-06 -8.69815e-08 0)
(1.05445e-06 -7.08125e-08 2.45486e-23)
(3.86253e-07 -3.46755e-07 0)
(4.2349e-07 -3.31032e-07 0)
(4.60323e-07 -3.15757e-07 0)
(4.96837e-07 -3.01128e-07 0)
(5.32892e-07 -2.87101e-07 0)
(5.68445e-07 -2.73665e-07 0)
(6.03433e-07 -2.60767e-07 0)
(6.37833e-07 -2.48334e-07 0)
(6.71627e-07 -2.36278e-07 0)
(7.04815e-07 -2.24503e-07 0)
(7.37404e-07 -2.12905e-07 0)
(7.69413e-07 -2.01375e-07 0)
(8.00867e-07 -1.89802e-07 0)
(8.31796e-07 -1.78071e-07 0)
(8.62238e-07 -1.66069e-07 0)
(8.92237e-07 -1.53679e-07 0)
(9.21845e-07 -1.40785e-07 0)
(9.51121e-07 -1.2727e-07 0)
(9.80139e-07 -1.13012e-07 0)
(1.00899e-06 -9.79153e-08 0)
(1.03777e-06 -8.18033e-08 2.11493e-23)
(3.75129e-07 -3.6439e-07 0)
(4.11361e-07 -3.48872e-07 0)
(4.47301e-07 -3.3366e-07 0)
(4.83019e-07 -3.18933e-07 0)
(5.18377e-07 -3.04681e-07 0)
(5.53332e-07 -2.90916e-07 0)
(5.87815e-07 -2.77603e-07 0)
(6.21797e-07 -2.64694e-07 0)
(6.55254e-07 -2.52119e-07 0)
(6.88176e-07 -2.39798e-07 0)
(7.20565e-07 -2.27642e-07 0)
(7.52431e-07 -2.15556e-07 0)
(7.83792e-07 -2.03441e-07 0)
(8.14673e-07 -1.91195e-07 0)
(8.45108e-07 -1.78715e-07 0)
(8.75136e-07 -1.65897e-07 0)
(9.04806e-07 -1.52639e-07 0)
(9.34174e-07 -1.38841e-07 0)
(9.63312e-07 -1.24402e-07 0)
(9.92304e-07 -1.09244e-07 0)
(1.02125e-06 -9.32327e-08 2.60147e-24)
(3.6487e-07 -3.81232e-07 0)
(4.00114e-07 -3.65939e-07 0)
(4.35157e-07 -3.50826e-07 0)
(4.70059e-07 -3.36056e-07 0)
(5.04688e-07 -3.21646e-07 0)
(5.39001e-07 -3.07624e-07 0)
(5.72931e-07 -2.93975e-07 0)
(6.06443e-07 -2.80668e-07 0)
(6.39508e-07 -2.6765e-07 0)
(6.72112e-07 -2.54858e-07 0)
(7.04249e-07 -2.42217e-07 0)
(7.35924e-07 -2.29644e-07 0)
(7.67149e-07 -2.17052e-07 0)
(7.97944e-07 -2.04352e-07 0)
(8.28337e-07 -1.91451e-07 0)
(8.58364e-07 -1.78261e-07 0)
(8.88068e-07 -1.64692e-07 0)
(9.17505e-07 -1.50661e-07 0)
(9.46737e-07 -1.36085e-07 0)
(9.75848e-07 -1.20905e-07 0)
(1.00492e-06 -1.05024e-07 1.25357e-23)
(3.55265e-07 -3.97346e-07 0)
(3.89548e-07 -3.82283e-07 0)
(4.23706e-07 -3.67291e-07 0)
(4.5779e-07 -3.52519e-07 0)
(4.91677e-07 -3.38004e-07 0)
(5.25327e-07 -3.23787e-07 0)
(5.58674e-07 -3.0987e-07 0)
(5.91682e-07 -2.96236e-07 0)
(6.24319e-07 -2.82848e-07 0)
(6.56567e-07 -2.69656e-07 0)
(6.88416e-07 -2.56599e-07 0)
(7.19864e-07 -2.43605e-07 0)
(7.5092e-07 -2.30601e-07 0)
(7.81599e-07 -2.17508e-07 0)
(8.11924e-07 -2.04245e-07 0)
(8.41925e-07 -1.90737e-07 0)
(8.71642e-07 -1.76906e-07 0)
(9.01124e-07 -1.62685e-07 0)
(9.30429e-07 -1.48009e-07 0)
(9.59636e-07 -1.32837e-07 0)
(9.8882e-07 -1.17104e-07 1.87648e-23)
(3.46127e-07 -4.12794e-07 0)
(3.79482e-07 -3.97957e-07 0)
(4.12777e-07 -3.83098e-07 0)
(4.46053e-07 -3.68353e-07 0)
(4.792e-07 -3.53775e-07 0)
(5.12181e-07 -3.39416e-07 0)
(5.44932e-07 -3.2529e-07 0)
(5.77419e-07 -3.11393e-07 0)
(6.09608e-07 -2.97701e-07 0)
(6.41477e-07 -2.84176e-07 0)
(6.73013e-07 -2.70768e-07 0)
(7.04212e-07 -2.57419e-07 0)
(7.35077e-07 -2.44065e-07 0)
(7.65618e-07 -2.30637e-07 0)
(7.95853e-07 -2.17067e-07 0)
(8.25809e-07 -2.03291e-07 0)
(8.5552e-07 -1.89244e-07 0)
(8.85029e-07 -1.74872e-07 0)
(9.14389e-07 -1.60128e-07 0)
(9.4367e-07 -1.44986e-07 0)
(9.72938e-07 -1.29408e-07 1.59517e-23)
(3.37284e-07 -4.27634e-07 0)
(3.69748e-07 -4.13012e-07 0)
(4.02208e-07 -3.9829e-07 0)
(4.34697e-07 -3.83591e-07 0)
(4.67119e-07 -3.68985e-07 0)
(4.99437e-07 -3.54527e-07 0)
(5.31594e-07 -3.40244e-07 0)
(5.63556e-07 -3.26141e-07 0)
(5.95288e-07 -3.12206e-07 0)
(6.26769e-07 -2.9841e-07 0)
(6.57981e-07 -2.84715e-07 0)
(6.88917e-07 -2.71071e-07 0)
(7.19577e-07 -2.57425e-07 0)
(7.49966e-07 -2.43719e-07 0)
(7.80099e-07 -2.29895e-07 0)
(8.09996e-07 -2.15897e-07 0)
(8.39686e-07 -2.01675e-07 0)
(8.69208e-07 -1.87187e-07 0)
(8.98605e-07 -1.724e-07 0)
(9.27942e-07 -1.57301e-07 0)
(9.57272e-07 -1.41878e-07 1.89299e-23)
(3.2858e-07 -4.41917e-07 0)
(3.60191e-07 -4.27496e-07 0)
(3.91849e-07 -4.12909e-07 0)
(4.23578e-07 -3.98272e-07 0)
(4.55296e-07 -3.83664e-07 0)
(4.8697e-07 -3.69145e-07 0)
(5.18546e-07 -3.5475e-07 0)
(5.49992e-07 -3.40493e-07 0)
(5.81273e-07 -3.26369e-07 0)
(6.12366e-07 -3.1236e-07 0)
(6.43253e-07 -2.98435e-07 0)
(6.73924e-07 -2.84554e-07 0)
(7.04374e-07 -2.70672e-07 0)
(7.34605e-07 -2.5674e-07 0)
(7.64627e-07 -2.42709e-07 0)
(7.94457e-07 -2.28534e-07 0)
(8.24116e-07 -2.14175e-07 0)
(8.53638e-07 -1.99599e-07 0)
(8.83059e-07 -1.84788e-07 0)
(9.12435e-07 -1.6974e-07 0)
(9.4181e-07 -1.54462e-07 2.97811e-24)
(3.19864e-07 -4.5569e-07 0)
(3.5066e-07 -4.41455e-07 0)
(3.81551e-07 -4.27e-07 0)
(4.12555e-07 -4.12435e-07 0)
(4.436e-07 -3.97847e-07 0)
(4.74657e-07 -3.833e-07 0)
(5.05677e-07 -3.68833e-07 0)
(5.36626e-07 -3.54467e-07 0)
(5.67472e-07 -3.40204e-07 0)
(5.98191e-07 -3.26034e-07 0)
(6.28762e-07 -3.11932e-07 0)
(6.59173e-07 -2.97867e-07 0)
(6.89415e-07 -2.83801e-07 0)
(7.19489e-07 -2.69692e-07 0)
(7.49398e-07 -2.55499e-07 0)
(7.79155e-07 -2.41186e-07 0)
(8.08777e-07 -2.2672e-07 0)
(8.38291e-07 -2.12082e-07 0)
(8.67725e-07 -1.97261e-07 0)
(8.97127e-07 -1.82264e-07 0)
(9.26531e-07 -1.67118e-07 1.58774e-23)
(3.10989e-07 -4.68992e-07 0)
(3.41009e-07 -4.54932e-07 0)
(3.71169e-07 -4.40606e-07 0)
(4.01486e-07 -4.26118e-07 0)
(4.31899e-07 -4.11571e-07 0)
(4.62377e-07 -3.97024e-07 0)
(4.92875e-07 -3.82521e-07 0)
(5.23359e-07 -3.68087e-07 0)
(5.53797e-07 -3.53731e-07 0)
(5.84164e-07 -3.39448e-07 0)
(6.14438e-07 -3.25218e-07 0)
(6.44602e-07 -3.11017e-07 0)
(6.74648e-07 -2.96813e-07 0)
(7.0457e-07 -2.82571e-07 0)
(7.34369e-07 -2.68256e-07 0)
(7.64053e-07 -2.53839e-07 0)
(7.93635e-07 -2.39296e-07 0)
(8.23133e-07 -2.24613e-07 0)
(8.52573e-07 -2.09791e-07 0)
(8.81989e-07 -1.94844e-07 0)
(9.1141e-07 -1.79811e-07 2.20735e-23)
(3.01806e-07 -4.81865e-07 0)
(3.31087e-07 -4.67963e-07 0)
(3.60547e-07 -4.53762e-07 0)
(3.90225e-07 -4.39369e-07 0)
(4.20061e-07 -4.24882e-07 0)
(4.50008e-07 -4.10361e-07 0)
(4.80031e-07 -3.95853e-07 0)
(5.10093e-07 -3.81389e-07 0)
(5.40162e-07 -3.66979e-07 0)
(5.7021e-07 -3.52624e-07 0)
(6.00214e-07 -3.3831e-07 0)
(6.30155e-07 -3.24017e-07 0)
(6.6002e-07 -3.09716e-07 0)
(6.89801e-07 -2.95379e-07 0)
(7.19497e-07 -2.80978e-07 0)
(7.49111e-07 -2.66487e-07 0)
(7.78651e-07 -2.5189e-07 0)
(8.08131e-07 -2.37178e-07 0)
(8.37568e-07 -2.2236e-07 0)
(8.6699e-07 -2.07455e-07 0)
(8.96418e-07 -1.92512e-07 -3.3188e-24)
(2.92135e-07 -4.94333e-07 0)
(3.20721e-07 -4.80574e-07 0)
(3.49549e-07 -4.66505e-07 0)
(3.78649e-07 -4.5223e-07 0)
(4.07961e-07 -4.37823e-07 0)
(4.37438e-07 -4.23353e-07 0)
(4.67042e-07 -4.0887e-07 0)
(4.96736e-07 -3.94407e-07 0)
(5.26485e-07 -3.7998e-07 0)
(5.56258e-07 -3.65591e-07 0)
(5.86029e-07 -3.5123e-07 0)
(6.15776e-07 -3.36881e-07 0)
(6.45483e-07 -3.2252e-07 0)
(6.75141e-07 -3.08122e-07 0)
(7.04743e-07 -2.93664e-07 0)
(7.3429e-07 -2.79125e-07 0)
(7.63788e-07 -2.64492e-07 0)
(7.93245e-07 -2.49763e-07 0)
(8.22675e-07 -2.3495e-07 0)
(8.52097e-07 -2.20078e-07 0)
(8.81524e-07 -2.05201e-07 3.16807e-24)
(2.81789e-07 -5.06445e-07 0)
(3.09735e-07 -4.92848e-07 0)
(3.38012e-07 -4.78922e-07 0)
(3.66605e-07 -4.64769e-07 0)
(3.95462e-07 -4.50457e-07 0)
(4.24542e-07 -4.36059e-07 0)
(4.53802e-07 -4.21627e-07 0)
(4.83198e-07 -4.07195e-07 0)
(5.1269e-07 -3.9278e-07 0)
(5.42245e-07 -3.78387e-07 0)
(5.7183e-07 -3.6401e-07 0)
(6.01421e-07 -3.49635e-07 0)
(6.30999e-07 -3.35243e-07 0)
(6.60551e-07 -3.20811e-07 0)
(6.9007e-07 -3.0632e-07 0)
(7.19555e-07 -2.91751e-07 0)
(7.49009e-07 -2.77097e-07 0)
(7.7844e-07 -2.62359e-07 0)
(8.07857e-07 -2.47551e-07 0)
(8.37272e-07 -2.32701e-07 0)
(8.66695e-07 -2.17863e-07 2.84908e-23)
(2.70612e-07 -5.18215e-07 0)
(2.97981e-07 -5.04802e-07 0)
(3.25768e-07 -4.91038e-07 0)
(3.53937e-07 -4.77023e-07 0)
(3.82435e-07 -4.62832e-07 0)
(4.11214e-07 -4.48533e-07 0)
(4.4022e-07 -4.34178e-07 0)
(4.69404e-07 -4.19801e-07 0)
(4.98719e-07 -4.05423e-07 0)
(5.28123e-07 -3.91051e-07 0)
(5.57579e-07 -3.76681e-07 0)
(5.87059e-07 -3.62302e-07 0)
(6.1654e-07 -3.47899e-07 0)
(6.46007e-07 -3.33452e-07 0)
(6.75454e-07 -3.18944e-07 0)
(7.04877e-07 -3.04362e-07 0)
(7.34283e-07 -2.89698e-07 0)
(7.63679e-07 -2.74956e-07 0)
(7.93074e-07 -2.60151e-07 0)
(8.22479e-07 -2.45314e-07 0)
(8.51894e-07 -2.30489e-07 2.20777e-23)
(2.58276e-07 -5.29748e-07 -1.08359e-23)
(2.85147e-07 -5.16541e-07 -1.61457e-23)
(3.12553e-07 -5.02962e-07 -1.2762e-23)
(3.40422e-07 -4.89112e-07 8.98409e-25)
(3.68689e-07 -4.75061e-07 5.64331e-24)
(3.97294e-07 -4.6088e-07 -5.73383e-24)
(4.26173e-07 -4.46618e-07 -1.37725e-23)
(4.55264e-07 -4.32313e-07 -7.64997e-24)
(4.84507e-07 -4.17986e-07 -2.69324e-24)
(5.13852e-07 -4.03647e-07 -1.42855e-23)
(5.43254e-07 -3.89295e-07 -1.66221e-23)
(5.72679e-07 -3.74923e-07 -1.08378e-23)
(6.02101e-07 -3.60518e-07 -8.12773e-24)
(6.31504e-07 -3.46065e-07 -8.12195e-24)
(6.60882e-07 -3.31548e-07 -8.11832e-24)
(6.90236e-07 -3.16958e-07 -1.8148e-24)
(7.19577e-07 -3.0229e-07 3.59312e-24)
(7.48919e-07 -2.87548e-07 -9.0594e-24)
(7.78278e-07 -2.72748e-07 -1.71721e-23)
(8.0767e-07 -2.57917e-07 -4.45734e-24)
(8.37084e-07 -2.43093e-07 1.44443e-23)
(4.87045e-07 -2.22003e-07 0)
(5.2874e-07 -2.06518e-07 0)
(5.68853e-07 -1.92826e-07 0)
(6.07708e-07 -1.80986e-07 0)
(6.45331e-07 -1.70547e-07 0)
(6.8178e-07 -1.61277e-07 0)
(7.1713e-07 -1.52913e-07 0)
(7.51467e-07 -1.45227e-07 0)
(7.84877e-07 -1.38006e-07 0)
(8.17446e-07 -1.3106e-07 0)
(8.49254e-07 -1.24212e-07 0)
(8.80373e-07 -1.17302e-07 0)
(9.10867e-07 -1.10175e-07 0)
(9.40792e-07 -1.02678e-07 0)
(9.70199e-07 -9.46573e-08 0)
(9.99128e-07 -8.59531e-08 0)
(1.02762e-06 -7.63896e-08 0)
(1.05571e-06 -6.57793e-08 0)
(1.08346e-06 -5.38931e-08 0)
(1.11087e-06 -4.05227e-08 0)
(1.13806e-06 -2.52416e-08 9.36515e-24)
(4.64474e-07 -2.44973e-07 0)
(5.05861e-07 -2.29247e-07 0)
(5.45994e-07 -2.1493e-07 0)
(5.85026e-07 -2.02251e-07 0)
(6.22952e-07 -1.90872e-07 0)
(6.5979e-07 -1.80603e-07 0)
(6.95583e-07 -1.71221e-07 0)
(7.30391e-07 -1.62521e-07 0)
(7.64279e-07 -1.54307e-07 0)
(7.97316e-07 -1.46399e-07 0)
(8.29572e-07 -1.38627e-07 0)
(8.61111e-07 -1.30831e-07 0)
(8.91993e-07 -1.22856e-07 0)
(9.22274e-07 -1.14551e-07 0)
(9.52007e-07 -1.05762e-07 0)
(9.81236e-07 -9.63297e-08 0)
(1.01001e-06 -8.60819e-08 0)
(1.03838e-06 -7.48374e-08 0)
(1.0664e-06 -6.23791e-08 0)
(1.09411e-06 -4.85131e-08 0)
(1.12163e-06 -3.285e-08 1.90664e-23)
(4.44753e-07 -2.67212e-07 0)
(4.85587e-07 -2.51264e-07 0)
(5.25374e-07 -2.36504e-07 0)
(5.64258e-07 -2.23175e-07 0)
(6.02171e-07 -2.11014e-07 0)
(6.39111e-07 -1.99878e-07 0)
(6.75087e-07 -1.89583e-07 0)
(7.10134e-07 -1.79951e-07 0)
(7.44298e-07 -1.70809e-07 0)
(7.7763e-07 -1.61988e-07 0)
(8.10185e-07 -1.53329e-07 0)
(8.4202e-07 -1.44677e-07 0)
(8.73188e-07 -1.35883e-07 0)
(9.03742e-07 -1.26798e-07 0)
(9.33735e-07 -1.1727e-07 0)
(9.63214e-07 -1.07145e-07 0)
(9.92235e-07 -9.62585e-08 0)
(1.02085e-06 -8.44379e-08 0)
(1.04912e-06 -7.14814e-08 0)
(1.07711e-06 -5.72126e-08 0)
(1.10494e-06 -4.12813e-08 2.75157e-23)
(4.274e-07 -2.88509e-07 0)
(4.6749e-07 -2.72491e-07 0)
(5.06717e-07 -2.57441e-07 0)
(5.45217e-07 -2.43608e-07 0)
(5.82885e-07 -2.30802e-07 0)
(6.19703e-07 -2.1892e-07 0)
(6.55652e-07 -2.07817e-07 0)
(6.90749e-07 -1.97344e-07 0)
(7.25015e-07 -1.87347e-07 0)
(7.5849e-07 -1.77676e-07 0)
(7.91213e-07 -1.68183e-07 0)
(8.23231e-07 -1.58723e-07 0)
(8.5459e-07 -1.49151e-07 0)
(8.8534e-07 -1.39326e-07 0)
(9.15529e-07 -1.29102e-07 0)
(9.45207e-07 -1.18333e-07 0)
(9.74431e-07 -1.06861e-07 0)
(1.00326e-06 -9.45271e-08 0)
(1.03176e-06 -8.11475e-08 0)
(1.06e-06 -6.65644e-08 0)
(1.08812e-06 -5.04705e-08 2.41407e-23)
(4.12098e-07 -3.08862e-07 0)
(4.51299e-07 -2.92865e-07 0)
(4.89811e-07 -2.77649e-07 0)
(5.27753e-07 -2.63448e-07 0)
(5.64999e-07 -2.50127e-07 0)
(6.01517e-07 -2.37622e-07 0)
(6.37269e-07 -2.2582e-07 0)
(6.72253e-07 -2.146e-07 0)
(7.06476e-07 -2.03832e-07 0)
(7.3996e-07 -1.93383e-07 0)
(7.72733e-07 -1.83118e-07 0)
(8.04832e-07 -1.72904e-07 0)
(8.36296e-07 -1.62605e-07 0)
(8.67168e-07 -1.52088e-07 0)
(8.97494e-07 -1.41217e-07 0)
(9.27323e-07 -1.29852e-07 0)
(9.56711e-07 -1.17849e-07 0)
(9.85717e-07 -1.05063e-07 0)
(1.01442e-06 -9.13288e-08 0)
(1.04289e-06 -7.65092e-08 0)
(1.07126e-06 -6.03412e-08 2.43576e-23)
(3.98483e-07 -3.28263e-07 0)
(4.3672e-07 -3.12375e-07 0)
(4.74421e-07 -2.97091e-07 0)
(5.11688e-07 -2.82631e-07 0)
(5.48383e-07 -2.68908e-07 0)
(5.84467e-07 -2.55888e-07 0)
(6.19888e-07 -2.4349e-07 0)
(6.5463e-07 -2.31618e-07 0)
(6.88687e-07 -2.20164e-07 0)
(7.22068e-07 -2.09013e-07 0)
(7.54791e-07 -1.98046e-07 0)
(7.86883e-07 -1.8714e-07 0)
(8.18374e-07 -1.76173e-07 0)
(8.49303e-07 -1.6502e-07 0)
(8.79712e-07 -1.53554e-07 0)
(9.09646e-07 -1.41649e-07 0)
(9.39161e-07 -1.29172e-07 0)
(9.68317e-07 -1.15994e-07 0)
(9.9719e-07 -1.01969e-07 0)
(1.02586e-06 -8.69815e-08 0)
(1.05445e-06 -7.08125e-08 2.45486e-23)
(3.86253e-07 -3.46755e-07 0)
(4.2349e-07 -3.31032e-07 0)
(4.60323e-07 -3.15757e-07 0)
(4.96837e-07 -3.01128e-07 0)
(5.32892e-07 -2.87101e-07 0)
(5.68445e-07 -2.73665e-07 0)
(6.03433e-07 -2.60767e-07 0)
(6.37833e-07 -2.48334e-07 0)
(6.71627e-07 -2.36278e-07 0)
(7.04815e-07 -2.24503e-07 0)
(7.37404e-07 -2.12905e-07 0)
(7.69413e-07 -2.01375e-07 0)
(8.00867e-07 -1.89802e-07 0)
(8.31796e-07 -1.78071e-07 0)
(8.62238e-07 -1.66069e-07 0)
(8.92237e-07 -1.53679e-07 0)
(9.21845e-07 -1.40785e-07 0)
(9.51121e-07 -1.2727e-07 0)
(9.80139e-07 -1.13012e-07 0)
(1.00899e-06 -9.79153e-08 0)
(1.03777e-06 -8.18033e-08 2.11493e-23)
(3.75129e-07 -3.6439e-07 0)
(4.11361e-07 -3.48872e-07 0)
(4.47301e-07 -3.3366e-07 0)
(4.83019e-07 -3.18933e-07 0)
(5.18377e-07 -3.04681e-07 0)
(5.53332e-07 -2.90916e-07 0)
(5.87815e-07 -2.77603e-07 0)
(6.21797e-07 -2.64694e-07 0)
(6.55254e-07 -2.52119e-07 0)
(6.88176e-07 -2.39798e-07 0)
(7.20565e-07 -2.27642e-07 0)
(7.52431e-07 -2.15556e-07 0)
(7.83792e-07 -2.03441e-07 0)
(8.14673e-07 -1.91195e-07 0)
(8.45108e-07 -1.78715e-07 0)
(8.75136e-07 -1.65897e-07 0)
(9.04806e-07 -1.52639e-07 0)
(9.34174e-07 -1.38841e-07 0)
(9.63312e-07 -1.24402e-07 0)
(9.92304e-07 -1.09244e-07 0)
(1.02125e-06 -9.32327e-08 2.60147e-24)
(3.6487e-07 -3.81232e-07 0)
(4.00114e-07 -3.65939e-07 0)
(4.35157e-07 -3.50826e-07 0)
(4.70059e-07 -3.36056e-07 0)
(5.04688e-07 -3.21646e-07 0)
(5.39001e-07 -3.07624e-07 0)
(5.72931e-07 -2.93975e-07 0)
(6.06443e-07 -2.80668e-07 0)
(6.39508e-07 -2.6765e-07 0)
(6.72112e-07 -2.54858e-07 0)
(7.04249e-07 -2.42217e-07 0)
(7.35924e-07 -2.29644e-07 0)
(7.67149e-07 -2.17052e-07 0)
(7.97944e-07 -2.04352e-07 0)
(8.28337e-07 -1.91451e-07 0)
(8.58364e-07 -1.78261e-07 0)
(8.88068e-07 -1.64692e-07 0)
(9.17505e-07 -1.50661e-07 0)
(9.46737e-07 -1.36085e-07 0)
(9.75848e-07 -1.20905e-07 0)
(1.00492e-06 -1.05024e-07 1.25357e-23)
(3.55265e-07 -3.97346e-07 0)
(3.89548e-07 -3.82283e-07 0)
(4.23706e-07 -3.67291e-07 0)
(4.5779e-07 -3.52519e-07 0)
(4.91677e-07 -3.38004e-07 0)
(5.25327e-07 -3.23787e-07 0)
(5.58674e-07 -3.0987e-07 0)
(5.91682e-07 -2.96236e-07 0)
(6.24319e-07 -2.82848e-07 0)
(6.56567e-07 -2.69656e-07 0)
(6.88416e-07 -2.56599e-07 0)
(7.19864e-07 -2.43605e-07 0)
(7.5092e-07 -2.30601e-07 0)
(7.81599e-07 -2.17508e-07 0)
(8.11924e-07 -2.04245e-07 0)
(8.41925e-07 -1.90737e-07 0)
(8.71642e-07 -1.76906e-07 0)
(9.01124e-07 -1.62685e-07 0)
(9.30429e-07 -1.48009e-07 0)
(9.59636e-07 -1.32837e-07 0)
(9.8882e-07 -1.17104e-07 1.87648e-23)
(3.46127e-07 -4.12794e-07 0)
(3.79482e-07 -3.97957e-07 0)
(4.12777e-07 -3.83098e-07 0)
(4.46053e-07 -3.68353e-07 0)
(4.792e-07 -3.53775e-07 0)
(5.12181e-07 -3.39416e-07 0)
(5.44932e-07 -3.2529e-07 0)
(5.77419e-07 -3.11393e-07 0)
(6.09608e-07 -2.97701e-07 0)
(6.41477e-07 -2.84176e-07 0)
(6.73013e-07 -2.70768e-07 0)
(7.04212e-07 -2.57419e-07 0)
(7.35077e-07 -2.44065e-07 0)
(7.65618e-07 -2.30637e-07 0)
(7.95853e-07 -2.17067e-07 0)
(8.25809e-07 -2.03291e-07 0)
(8.5552e-07 -1.89244e-07 0)
(8.85029e-07 -1.74872e-07 0)
(9.14389e-07 -1.60128e-07 0)
(9.4367e-07 -1.44986e-07 0)
(9.72938e-07 -1.29408e-07 1.59517e-23)
(3.37284e-07 -4.27634e-07 0)
(3.69748e-07 -4.13012e-07 0)
(4.02208e-07 -3.9829e-07 0)
(4.34697e-07 -3.83591e-07 0)
(4.67119e-07 -3.68985e-07 0)
(4.99437e-07 -3.54527e-07 0)
(5.31594e-07 -3.40244e-07 0)
(5.63556e-07 -3.26141e-07 0)
(5.95288e-07 -3.12206e-07 0)
(6.26769e-07 -2.9841e-07 0)
(6.57981e-07 -2.84715e-07 0)
(6.88917e-07 -2.71071e-07 0)
(7.19577e-07 -2.57425e-07 0)
(7.49966e-07 -2.43719e-07 0)
(7.80099e-07 -2.29895e-07 0)
(8.09996e-07 -2.15897e-07 0)
(8.39686e-07 -2.01675e-07 0)
(8.69208e-07 -1.87187e-07 0)
(8.98605e-07 -1.724e-07 0)
(9.27942e-07 -1.57301e-07 0)
(9.57272e-07 -1.41878e-07 1.89299e-23)
(3.2858e-07 -4.41917e-07 0)
(3.60191e-07 -4.27496e-07 0)
(3.91849e-07 -4.12909e-07 0)
(4.23578e-07 -3.98272e-07 0)
(4.55296e-07 -3.83664e-07 0)
(4.8697e-07 -3.69145e-07 0)
(5.18546e-07 -3.5475e-07 0)
(5.49992e-07 -3.40493e-07 0)
(5.81273e-07 -3.26369e-07 0)
(6.12366e-07 -3.1236e-07 0)
(6.43253e-07 -2.98435e-07 0)
(6.73924e-07 -2.84554e-07 0)
(7.04374e-07 -2.70672e-07 0)
(7.34605e-07 -2.5674e-07 0)
(7.64627e-07 -2.42709e-07 0)
(7.94457e-07 -2.28534e-07 0)
(8.24116e-07 -2.14175e-07 0)
(8.53638e-07 -1.99599e-07 0)
(8.83059e-07 -1.84788e-07 0)
(9.12435e-07 -1.6974e-07 0)
(9.4181e-07 -1.54462e-07 2.97811e-24)
(3.19864e-07 -4.5569e-07 0)
(3.5066e-07 -4.41455e-07 0)
(3.81551e-07 -4.27e-07 0)
(4.12555e-07 -4.12435e-07 0)
(4.436e-07 -3.97847e-07 0)
(4.74657e-07 -3.833e-07 0)
(5.05677e-07 -3.68833e-07 0)
(5.36626e-07 -3.54467e-07 0)
(5.67472e-07 -3.40204e-07 0)
(5.98191e-07 -3.26034e-07 0)
(6.28762e-07 -3.11932e-07 0)
(6.59173e-07 -2.97867e-07 0)
(6.89415e-07 -2.83801e-07 0)
(7.19489e-07 -2.69692e-07 0)
(7.49398e-07 -2.55499e-07 0)
(7.79155e-07 -2.41186e-07 0)
(8.08777e-07 -2.2672e-07 0)
(8.38291e-07 -2.12082e-07 0)
(8.67725e-07 -1.97261e-07 0)
(8.97127e-07 -1.82264e-07 0)
(9.26531e-07 -1.67118e-07 1.58774e-23)
(3.10989e-07 -4.68992e-07 0)
(3.41009e-07 -4.54932e-07 0)
(3.71169e-07 -4.40606e-07 0)
(4.01486e-07 -4.26118e-07 0)
(4.31899e-07 -4.11571e-07 0)
(4.62377e-07 -3.97024e-07 0)
(4.92875e-07 -3.82521e-07 0)
(5.23359e-07 -3.68087e-07 0)
(5.53797e-07 -3.53731e-07 0)
(5.84164e-07 -3.39448e-07 0)
(6.14438e-07 -3.25218e-07 0)
(6.44602e-07 -3.11017e-07 0)
(6.74648e-07 -2.96813e-07 0)
(7.0457e-07 -2.82571e-07 0)
(7.34369e-07 -2.68256e-07 0)
(7.64053e-07 -2.53839e-07 0)
(7.93635e-07 -2.39296e-07 0)
(8.23133e-07 -2.24613e-07 0)
(8.52573e-07 -2.09791e-07 0)
(8.81989e-07 -1.94844e-07 0)
(9.1141e-07 -1.79811e-07 2.20735e-23)
(3.01806e-07 -4.81865e-07 0)
(3.31087e-07 -4.67963e-07 0)
(3.60547e-07 -4.53762e-07 0)
(3.90225e-07 -4.39369e-07 0)
(4.20061e-07 -4.24882e-07 0)
(4.50008e-07 -4.10361e-07 0)
(4.80031e-07 -3.95853e-07 0)
(5.10093e-07 -3.81389e-07 0)
(5.40162e-07 -3.66979e-07 0)
(5.7021e-07 -3.52624e-07 0)
(6.00214e-07 -3.3831e-07 0)
(6.30155e-07 -3.24017e-07 0)
(6.6002e-07 -3.09716e-07 0)
(6.89801e-07 -2.95379e-07 0)
(7.19497e-07 -2.80978e-07 0)
(7.49111e-07 -2.66487e-07 0)
(7.78651e-07 -2.5189e-07 0)
(8.08131e-07 -2.37178e-07 0)
(8.37568e-07 -2.2236e-07 0)
(8.6699e-07 -2.07455e-07 0)
(8.96418e-07 -1.92512e-07 -3.3188e-24)
(2.92135e-07 -4.94333e-07 0)
(3.20721e-07 -4.80574e-07 0)
(3.49549e-07 -4.66505e-07 0)
(3.78649e-07 -4.5223e-07 0)
(4.07961e-07 -4.37823e-07 0)
(4.37438e-07 -4.23353e-07 0)
(4.67042e-07 -4.0887e-07 0)
(4.96736e-07 -3.94407e-07 0)
(5.26485e-07 -3.7998e-07 0)
(5.56258e-07 -3.65591e-07 0)
(5.86029e-07 -3.5123e-07 0)
(6.15776e-07 -3.36881e-07 0)
(6.45483e-07 -3.2252e-07 0)
(6.75141e-07 -3.08122e-07 0)
(7.04743e-07 -2.93664e-07 0)
(7.3429e-07 -2.79125e-07 0)
(7.63788e-07 -2.64492e-07 0)
(7.93245e-07 -2.49763e-07 0)
(8.22675e-07 -2.3495e-07 0)
(8.52097e-07 -2.20078e-07 0)
(8.81524e-07 -2.05201e-07 3.16807e-24)
(2.81789e-07 -5.06445e-07 0)
(3.09735e-07 -4.92848e-07 0)
(3.38012e-07 -4.78922e-07 0)
(3.66605e-07 -4.64769e-07 0)
(3.95462e-07 -4.50457e-07 0)
(4.24542e-07 -4.36059e-07 0)
(4.53802e-07 -4.21627e-07 0)
(4.83198e-07 -4.07195e-07 0)
(5.1269e-07 -3.9278e-07 0)
(5.42245e-07 -3.78387e-07 0)
(5.7183e-07 -3.6401e-07 0)
(6.01421e-07 -3.49635e-07 0)
(6.30999e-07 -3.35243e-07 0)
(6.60551e-07 -3.20811e-07 0)
(6.9007e-07 -3.0632e-07 0)
(7.19555e-07 -2.91751e-07 0)
(7.49009e-07 -2.77097e-07 0)
(7.7844e-07 -2.62359e-07 0)
(8.07857e-07 -2.47551e-07 0)
(8.37272e-07 -2.32701e-07 0)
(8.66695e-07 -2.17863e-07 2.84908e-23)
(2.70612e-07 -5.18215e-07 0)
(2.97981e-07 -5.04802e-07 0)
(3.25768e-07 -4.91038e-07 0)
(3.53937e-07 -4.77023e-07 0)
(3.82435e-07 -4.62832e-07 0)
(4.11214e-07 -4.48533e-07 0)
(4.4022e-07 -4.34178e-07 0)
(4.69404e-07 -4.19801e-07 0)
(4.98719e-07 -4.05423e-07 0)
(5.28123e-07 -3.91051e-07 0)
(5.57579e-07 -3.76681e-07 0)
(5.87059e-07 -3.62302e-07 0)
(6.1654e-07 -3.47899e-07 0)
(6.46007e-07 -3.33452e-07 0)
(6.75454e-07 -3.18944e-07 0)
(7.04877e-07 -3.04362e-07 0)
(7.34283e-07 -2.89698e-07 0)
(7.63679e-07 -2.74956e-07 0)
(7.93074e-07 -2.60151e-07 0)
(8.22479e-07 -2.45314e-07 0)
(8.51894e-07 -2.30489e-07 2.20777e-23)
(2.58276e-07 -5.29748e-07 -1.08359e-23)
(2.85147e-07 -5.16541e-07 -1.61457e-23)
(3.12553e-07 -5.02962e-07 -1.2762e-23)
(3.40422e-07 -4.89112e-07 8.98409e-25)
(3.68689e-07 -4.75061e-07 5.64331e-24)
(3.97294e-07 -4.6088e-07 -5.73383e-24)
(4.26173e-07 -4.46618e-07 -1.37725e-23)
(4.55264e-07 -4.32313e-07 -7.64997e-24)
(4.84507e-07 -4.17986e-07 -2.69324e-24)
(5.13852e-07 -4.03647e-07 -1.42855e-23)
(5.43254e-07 -3.89295e-07 -1.66221e-23)
(5.72679e-07 -3.74923e-07 -1.08378e-23)
(6.02101e-07 -3.60518e-07 -8.12773e-24)
(6.31504e-07 -3.46065e-07 -8.12195e-24)
(6.60882e-07 -3.31548e-07 -8.11832e-24)
(6.90236e-07 -3.16958e-07 -1.8148e-24)
(7.19577e-07 -3.0229e-07 3.59312e-24)
(7.48919e-07 -2.87548e-07 -9.0594e-24)
(7.78278e-07 -2.72748e-07 -1.71721e-23)
(8.0767e-07 -2.57917e-07 -4.45734e-24)
(8.37084e-07 -2.43093e-07 1.44443e-23)
(0 -4.61419e-07 0)
(4.20272e-08 -4.58161e-07 0)
(8.46468e-08 -4.48523e-07 0)
(1.28407e-07 -4.32878e-07 0)
(1.73767e-07 -4.11807e-07 0)
(2.21072e-07 -3.86082e-07 0)
(2.70509e-07 -3.56612e-07 0)
(3.22095e-07 -3.244e-07 0)
(3.7565e-07 -2.9051e-07 0)
(4.30884e-07 -2.55876e-07 0)
(0 -4.68505e-07 0)
(4.0823e-08 -4.65528e-07 0)
(8.21394e-08 -4.56716e-07 0)
(1.24404e-07 -4.4239e-07 0)
(1.68e-07 -4.2305e-07 0)
(2.13224e-07 -3.99355e-07 0)
(2.60242e-07 -3.72083e-07 0)
(3.09091e-07 -3.42088e-07 0)
(3.59621e-07 -3.10295e-07 0)
(4.11619e-07 -2.77438e-07 0)
(0 -4.75774e-07 0)
(3.9764e-08 -4.73043e-07 0)
(7.99373e-08 -4.64956e-07 0)
(1.20894e-07 -4.51795e-07 0)
(1.62954e-07 -4.33993e-07 0)
(2.06362e-07 -4.12124e-07 0)
(2.51261e-07 -3.86865e-07 0)
(2.97699e-07 -3.58949e-07 0)
(3.45573e-07 -3.29189e-07 0)
(3.94723e-07 -2.98169e-07 0)
(0 -4.83228e-07 0)
(3.88063e-08 -4.80712e-07 0)
(7.79544e-08 -4.73259e-07 0)
(1.17756e-07 -4.61115e-07 0)
(1.58475e-07 -4.44666e-07 0)
(2.00318e-07 -4.24415e-07 0)
(2.43403e-07 -4.00958e-07 0)
(2.87769e-07 -3.74936e-07 0)
(3.3334e-07 -3.47075e-07 0)
(3.79958e-07 -3.17885e-07 0)
(0 -4.90861e-07 0)
(3.79205e-08 -4.88534e-07 0)
(7.61276e-08 -4.81637e-07 0)
(1.14881e-07 -4.70394e-07 0)
(1.54402e-07 -4.55145e-07 0)
(1.9486e-07 -4.36341e-07 0)
(2.36356e-07 -4.14514e-07 0)
(2.78919e-07 -3.90228e-07 0)
(3.225e-07 -3.64127e-07 0)
(3.66931e-07 -3.3668e-07 0)
(0 -4.9866e-07 0)
(3.70866e-08 -4.965e-07 0)
(7.44157e-08 -4.90093e-07 0)
(1.12206e-07 -4.79641e-07 0)
(1.50643e-07 -4.65455e-07 0)
(1.89868e-07 -4.47936e-07 0)
(2.29965e-07 -4.27567e-07 0)
(2.70948e-07 -4.04855e-07 0)
(3.12791e-07 -3.80374e-07 0)
(3.55317e-07 -3.54571e-07 0)
(0 -5.06612e-07 0)
(3.62861e-08 -5.04599e-07 0)
(7.27794e-08 -4.98626e-07 0)
(1.09666e-07 -4.88877e-07 0)
(1.47104e-07 -4.75635e-07 0)
(1.8521e-07 -4.59266e-07 0)
(2.24057e-07 -4.40207e-07 0)
(2.63645e-07 -4.1892e-07 0)
(3.03964e-07 -3.95918e-07 0)
(3.44836e-07 -3.71634e-07 0)
(0 -5.14699e-07 0)
(3.55061e-08 -5.12816e-07 0)
(7.11917e-08 -5.07228e-07 0)
(1.07218e-07 -4.98104e-07 0)
(1.43721e-07 -4.85702e-07 0)
(1.80797e-07 -4.7036e-07 0)
(2.18511e-07 -4.52477e-07 0)
(2.56853e-07 -4.32478e-07 0)
(2.95821e-07 -4.10824e-07 0)
(3.35243e-07 -3.87934e-07 0)
(0 -5.22902e-07 0)
(3.47345e-08 -5.21134e-07 0)
(6.9627e-08 -5.1589e-07 0)
(1.04819e-07 -5.07324e-07 0)
(1.40431e-07 -4.95675e-07 0)
(1.76546e-07 -4.81254e-07 0)
(2.13217e-07 -4.64428e-07 0)
(2.50432e-07 -4.45591e-07 0)
(2.8819e-07 -4.25163e-07 0)
(3.2633e-07 -4.03544e-07 0)
(0 -5.31198e-07 0)
(3.39611e-08 -5.29535e-07 0)
(6.80642e-08 -5.24599e-07 0)
(1.02437e-07 -5.16534e-07 0)
(1.37187e-07 -5.0556e-07 0)
(1.72386e-07 -4.91966e-07 0)
(2.08084e-07 -4.76093e-07 0)
(2.44263e-07 -4.58307e-07 0)
(2.80923e-07 -4.3899e-07 0)
(3.17919e-07 -4.18527e-07 0)
(0 -5.39567e-07 0)
(3.31764e-08 -5.37998e-07 0)
(6.64834e-08 -5.3334e-07 0)
(1.00039e-07 -5.25725e-07 0)
(1.33941e-07 -5.15361e-07 0)
(1.68256e-07 -5.02514e-07 0)
(2.03028e-07 -4.87501e-07 0)
(2.3824e-07 -4.70665e-07 0)
(2.7389e-07 -4.52356e-07 0)
(3.09849e-07 -4.32942e-07 0)
(0 -5.47983e-07 0)
(3.23711e-08 -5.46499e-07 0)
(6.48652e-08 -5.42093e-07 0)
(9.75939e-08 -5.34887e-07 0)
(1.3065e-07 -5.25075e-07 0)
(1.64096e-07 -5.12906e-07 0)
(1.97973e-07 -4.98672e-07 0)
(2.32266e-07 -4.82697e-07 0)
(2.66973e-07 -4.65305e-07 0)
(3.01976e-07 -4.46841e-07 0)
(0 -5.56419e-07 0)
(3.15356e-08 -5.55013e-07 0)
(6.319e-08 -5.50836e-07 0)
(9.50718e-08 -5.44004e-07 0)
(1.27271e-07 -5.34694e-07 0)
(1.59849e-07 -5.23142e-07 0)
(1.92846e-07 -5.09619e-07 0)
(2.26251e-07 -4.94427e-07 0)
(2.60059e-07 -4.77867e-07 0)
(2.94168e-07 -4.60268e-07 0)
(0 -5.64846e-07 0)
(3.06598e-08 -5.63511e-07 0)
(6.14371e-08 -5.59545e-07 0)
(9.244e-08 -5.53055e-07 0)
(1.23759e-07 -5.44208e-07 0)
(1.55456e-07 -5.33221e-07 0)
(1.87572e-07 -5.20349e-07 0)
(2.201e-07 -5.05872e-07 0)
(2.53037e-07 -4.90074e-07 0)
(2.86294e-07 -4.7326e-07 0)
(0 -5.73225e-07 0)
(2.97323e-08 -5.71956e-07 0)
(5.95834e-08 -5.68186e-07 0)
(8.96635e-08 -5.62015e-07 0)
(1.20065e-07 -5.53595e-07 0)
(1.50854e-07 -5.43131e-07 0)
(1.82072e-07 -5.30859e-07 0)
(2.13721e-07 -5.17041e-07 0)
(2.45796e-07 -5.01941e-07 0)
(2.78223e-07 -4.85846e-07 0)
(0 -5.81526e-07 0)
(2.87403e-08 -5.80319e-07 0)
(5.76029e-08 -5.76732e-07 0)
(8.67022e-08 -5.70858e-07 0)
(1.16135e-07 -5.62839e-07 0)
(1.45972e-07 -5.52863e-07 0)
(1.7626e-07 -5.41149e-07 0)
(2.07008e-07 -5.27944e-07 0)
(2.38215e-07 -5.13491e-07 0)
(2.69819e-07 -4.9806e-07 0)
(0 -5.89688e-07 0)
(2.76691e-08 -5.8854e-07 0)
(5.54661e-08 -5.85127e-07 0)
(8.35115e-08 -5.79535e-07 0)
(1.11908e-07 -5.71895e-07 0)
(1.40734e-07 -5.62381e-07 0)
(1.70042e-07 -5.51195e-07 0)
(1.9985e-07 -5.38566e-07 0)
(2.30163e-07 -5.24722e-07 0)
(2.60929e-07 -5.09912e-07 0)
(0 -5.97685e-07 0)
(2.65e-08 -5.96594e-07 0)
(5.31354e-08 -5.93348e-07 0)
(8.00344e-08 -5.88028e-07 0)
(1.07308e-07 -5.80752e-07 0)
(1.35043e-07 -5.71682e-07 0)
(1.63301e-07 -5.61002e-07 0)
(1.92111e-07 -5.48925e-07 0)
(2.21483e-07 -5.35661e-07 0)
(2.51384e-07 -5.21442e-07 0)
(-0 -6.05401e-07 -1.35407e-27)
(2.52163e-08 -6.04365e-07 0)
(5.05775e-08 -6.01284e-07 0)
(7.62202e-08 -5.96231e-07 0)
(1.02265e-07 -5.89314e-07 0)
(1.28811e-07 -5.80679e-07 0)
(1.55931e-07 -5.70497e-07 0)
(1.83666e-07 -5.58962e-07 0)
(2.12037e-07 -5.46269e-07 0)
(2.41027e-07 -5.32631e-07 0)
(-0 -6.12864e-07 -2.214e-24)
(2.37746e-08 -6.11884e-07 -3.20254e-24)
(4.77063e-08 -6.08968e-07 -2.0671e-24)
(7.19415e-08 -6.04182e-07 -2.77295e-24)
(9.66129e-08 -5.97624e-07 -6.40343e-25)
(1.21832e-07 -5.89426e-07 9.02672e-24)
(1.4769e-07 -5.79744e-07 -1.43744e-24)
(1.74243e-07 -5.68755e-07 -3.67837e-24)
(2.01531e-07 -5.56636e-07 1.15995e-23)
(2.29547e-07 -5.43584e-07 4.51662e-24)
(0 -4.61419e-07 0)
(4.20272e-08 -4.58161e-07 0)
(8.46468e-08 -4.48523e-07 0)
(1.28407e-07 -4.32878e-07 0)
(1.73767e-07 -4.11807e-07 0)
(2.21072e-07 -3.86082e-07 0)
(2.70509e-07 -3.56612e-07 0)
(3.22095e-07 -3.244e-07 0)
(3.7565e-07 -2.9051e-07 0)
(4.30884e-07 -2.55876e-07 0)
(0 -4.68505e-07 0)
(4.0823e-08 -4.65528e-07 0)
(8.21394e-08 -4.56716e-07 0)
(1.24404e-07 -4.4239e-07 0)
(1.68e-07 -4.2305e-07 0)
(2.13224e-07 -3.99355e-07 0)
(2.60242e-07 -3.72083e-07 0)
(3.09091e-07 -3.42088e-07 0)
(3.59621e-07 -3.10295e-07 0)
(4.11619e-07 -2.77438e-07 0)
(0 -4.75774e-07 0)
(3.9764e-08 -4.73043e-07 0)
(7.99373e-08 -4.64956e-07 0)
(1.20894e-07 -4.51795e-07 0)
(1.62954e-07 -4.33993e-07 0)
(2.06362e-07 -4.12124e-07 0)
(2.51261e-07 -3.86865e-07 0)
(2.97699e-07 -3.58949e-07 0)
(3.45573e-07 -3.29189e-07 0)
(3.94723e-07 -2.98169e-07 0)
(0 -4.83228e-07 0)
(3.88063e-08 -4.80712e-07 0)
(7.79544e-08 -4.73259e-07 0)
(1.17756e-07 -4.61115e-07 0)
(1.58475e-07 -4.44666e-07 0)
(2.00318e-07 -4.24415e-07 0)
(2.43403e-07 -4.00958e-07 0)
(2.87769e-07 -3.74936e-07 0)
(3.3334e-07 -3.47075e-07 0)
(3.79958e-07 -3.17885e-07 0)
(0 -4.90861e-07 0)
(3.79205e-08 -4.88534e-07 0)
(7.61276e-08 -4.81637e-07 0)
(1.14881e-07 -4.70394e-07 0)
(1.54402e-07 -4.55145e-07 0)
(1.9486e-07 -4.36341e-07 0)
(2.36356e-07 -4.14514e-07 0)
(2.78919e-07 -3.90228e-07 0)
(3.225e-07 -3.64127e-07 0)
(3.66931e-07 -3.3668e-07 0)
(0 -4.9866e-07 0)
(3.70866e-08 -4.965e-07 0)
(7.44157e-08 -4.90093e-07 0)
(1.12206e-07 -4.79641e-07 0)
(1.50643e-07 -4.65455e-07 0)
(1.89868e-07 -4.47936e-07 0)
(2.29965e-07 -4.27567e-07 0)
(2.70948e-07 -4.04855e-07 0)
(3.12791e-07 -3.80374e-07 0)
(3.55317e-07 -3.54571e-07 0)
(0 -5.06612e-07 0)
(3.62861e-08 -5.04599e-07 0)
(7.27794e-08 -4.98626e-07 0)
(1.09666e-07 -4.88877e-07 0)
(1.47104e-07 -4.75635e-07 0)
(1.8521e-07 -4.59266e-07 0)
(2.24057e-07 -4.40207e-07 0)
(2.63645e-07 -4.1892e-07 0)
(3.03964e-07 -3.95918e-07 0)
(3.44836e-07 -3.71634e-07 0)
(0 -5.14699e-07 0)
(3.55061e-08 -5.12816e-07 0)
(7.11917e-08 -5.07228e-07 0)
(1.07218e-07 -4.98104e-07 0)
(1.43721e-07 -4.85702e-07 0)
(1.80797e-07 -4.7036e-07 0)
(2.18511e-07 -4.52477e-07 0)
(2.56853e-07 -4.32478e-07 0)
(2.95821e-07 -4.10824e-07 0)
(3.35243e-07 -3.87934e-07 0)
(0 -5.22902e-07 0)
(3.47345e-08 -5.21134e-07 0)
(6.9627e-08 -5.1589e-07 0)
(1.04819e-07 -5.07324e-07 0)
(1.40431e-07 -4.95675e-07 0)
(1.76546e-07 -4.81254e-07 0)
(2.13217e-07 -4.64428e-07 0)
(2.50432e-07 -4.45591e-07 0)
(2.8819e-07 -4.25163e-07 0)
(3.2633e-07 -4.03544e-07 0)
(0 -5.31198e-07 0)
(3.39611e-08 -5.29535e-07 0)
(6.80642e-08 -5.24599e-07 0)
(1.02437e-07 -5.16534e-07 0)
(1.37187e-07 -5.0556e-07 0)
(1.72386e-07 -4.91966e-07 0)
(2.08084e-07 -4.76093e-07 0)
(2.44263e-07 -4.58307e-07 0)
(2.80923e-07 -4.3899e-07 0)
(3.17919e-07 -4.18527e-07 0)
(0 -5.39567e-07 0)
(3.31764e-08 -5.37998e-07 0)
(6.64834e-08 -5.3334e-07 0)
(1.00039e-07 -5.25725e-07 0)
(1.33941e-07 -5.15361e-07 0)
(1.68256e-07 -5.02514e-07 0)
(2.03028e-07 -4.87501e-07 0)
(2.3824e-07 -4.70665e-07 0)
(2.7389e-07 -4.52356e-07 0)
(3.09849e-07 -4.32942e-07 0)
(0 -5.47983e-07 0)
(3.23711e-08 -5.46499e-07 0)
(6.48652e-08 -5.42093e-07 0)
(9.75939e-08 -5.34887e-07 0)
(1.3065e-07 -5.25075e-07 0)
(1.64096e-07 -5.12906e-07 0)
(1.97973e-07 -4.98672e-07 0)
(2.32266e-07 -4.82697e-07 0)
(2.66973e-07 -4.65305e-07 0)
(3.01976e-07 -4.46841e-07 0)
(0 -5.56419e-07 0)
(3.15356e-08 -5.55013e-07 0)
(6.319e-08 -5.50836e-07 0)
(9.50718e-08 -5.44004e-07 0)
(1.27271e-07 -5.34694e-07 0)
(1.59849e-07 -5.23142e-07 0)
(1.92846e-07 -5.09619e-07 0)
(2.26251e-07 -4.94427e-07 0)
(2.60059e-07 -4.77867e-07 0)
(2.94168e-07 -4.60268e-07 0)
(0 -5.64846e-07 0)
(3.06598e-08 -5.63511e-07 0)
(6.14371e-08 -5.59545e-07 0)
(9.244e-08 -5.53055e-07 0)
(1.23759e-07 -5.44208e-07 0)
(1.55456e-07 -5.33221e-07 0)
(1.87572e-07 -5.20349e-07 0)
(2.201e-07 -5.05872e-07 0)
(2.53037e-07 -4.90074e-07 0)
(2.86294e-07 -4.7326e-07 0)
(0 -5.73225e-07 0)
(2.97323e-08 -5.71956e-07 0)
(5.95834e-08 -5.68186e-07 0)
(8.96635e-08 -5.62015e-07 0)
(1.20065e-07 -5.53595e-07 0)
(1.50854e-07 -5.43131e-07 0)
(1.82072e-07 -5.30859e-07 0)
(2.13721e-07 -5.17041e-07 0)
(2.45796e-07 -5.01941e-07 0)
(2.78223e-07 -4.85846e-07 0)
(0 -5.81526e-07 0)
(2.87403e-08 -5.80319e-07 0)
(5.76029e-08 -5.76732e-07 0)
(8.67022e-08 -5.70858e-07 0)
(1.16135e-07 -5.62839e-07 0)
(1.45972e-07 -5.52863e-07 0)
(1.7626e-07 -5.41149e-07 0)
(2.07008e-07 -5.27944e-07 0)
(2.38215e-07 -5.13491e-07 0)
(2.69819e-07 -4.9806e-07 0)
(0 -5.89688e-07 0)
(2.76691e-08 -5.8854e-07 0)
(5.54661e-08 -5.85127e-07 0)
(8.35115e-08 -5.79535e-07 0)
(1.11908e-07 -5.71895e-07 0)
(1.40734e-07 -5.62381e-07 0)
(1.70042e-07 -5.51195e-07 0)
(1.9985e-07 -5.38566e-07 0)
(2.30163e-07 -5.24722e-07 0)
(2.60929e-07 -5.09912e-07 0)
(0 -5.97685e-07 0)
(2.65e-08 -5.96594e-07 0)
(5.31354e-08 -5.93348e-07 0)
(8.00344e-08 -5.88028e-07 0)
(1.07308e-07 -5.80752e-07 0)
(1.35043e-07 -5.71682e-07 0)
(1.63301e-07 -5.61002e-07 0)
(1.92111e-07 -5.48925e-07 0)
(2.21483e-07 -5.35661e-07 0)
(2.51384e-07 -5.21442e-07 0)
(-0 -6.05401e-07 -1.35407e-27)
(2.52163e-08 -6.04365e-07 0)
(5.05775e-08 -6.01284e-07 0)
(7.62202e-08 -5.96231e-07 0)
(1.02265e-07 -5.89314e-07 0)
(1.28811e-07 -5.80679e-07 0)
(1.55931e-07 -5.70497e-07 0)
(1.83666e-07 -5.58962e-07 0)
(2.12037e-07 -5.46269e-07 0)
(2.41027e-07 -5.32631e-07 0)
(-0 -6.12864e-07 -2.214e-24)
(2.37746e-08 -6.11884e-07 -3.20254e-24)
(4.77063e-08 -6.08968e-07 -2.0671e-24)
(7.19415e-08 -6.04182e-07 -2.77295e-24)
(9.66129e-08 -5.97624e-07 -6.40343e-25)
(1.21832e-07 -5.89426e-07 9.02672e-24)
(1.4769e-07 -5.79744e-07 -1.43744e-24)
(1.74243e-07 -5.68755e-07 -3.67837e-24)
(2.01531e-07 -5.56636e-07 1.15995e-23)
(2.29547e-07 -5.43584e-07 4.51662e-24)
)
;

boundaryField
{
    left
    {
        type            symmetryPlane;
    }
    right
    {
        type            calculated;
    }
    down
    {
        type            symmetryPlane;
    }
    up
    {
        type            calculated;
    }
    hole
    {
        type            calculated;
    }
    frontAndBack
    {
        type            empty;
    }
}


// ************************************************************************* //
