Time iteration ExecutionTime CPUTime
1 0 0.01 1 
1 1 0.01 0.306238 
1 2 0.03 0.157434 
1 3 0.03 0.0853148 
1 4 0.03 0.0535538 
1 5 0.03 0.0360769 
1 6 0.04 0.0260447 
1 7 0.04 0.0199516 
1 8 0.04 0.016879 
1 9 0.05 0.0146087 
1 10 0.05 0.0128592 
1 11 0.05 0.0114613 
1 12 0.05 0.0103103 
1 13 0.06 0.00933947 
1 14 0.06 0.00850502 
1 15 0.07 0.00776078 
1 16 0.07 0.00714449 
1 17 0.07 0.00658818 
1 18 0.08 0.0060748 
1 19 0.08 0.00560727 
1 20 0.08 0.00516179 
1 21 0.08 0.00478538 
1 22 0.08 0.00443642 
1 23 0.09 0.00411903 
1 24 0.09 0.00383117 
1 25 0.09 0.00357105 
1 26 0.09 0.00340533 
1 27 0.1 0.00327615 
1 28 0.1 0.00314677 
1 29 0.1 0.00300699 
1 30 0.1 0.00288482 
1 31 0.1 0.00276501 
1 32 0.11 0.00264765 
1 33 0.11 0.00253343 
1 34 0.11 0.00242278 
1 35 0.11 0.00231595 
1 36 0.12 0.00221303 
1 37 0.12 0.00211405 
1 38 0.12 0.00201898 
1 39 0.13 0.00192775 
1 40 0.13 0.00184028 
1 41 0.13 0.00175646 
1 42 0.13 0.00167618 
1 43 0.14 0.00159933 
1 44 0.14 0.00152579 
1 45 0.14 0.00145543 
1 46 0.14 0.00138815 
1 47 0.15 0.00132383 
1 48 0.15 0.00125434 
1 49 0.15 0.00118981 
1 50 0.15 0.00113639 
1 51 0.15 0.00108549 
1 52 0.16 0.00103637 
1 53 0.16 0.00108237 
1 54 0.16 0.000989877 
1 55 0.16 0.000926097 
1 56 0.17 0.000788788 
1 57 0.17 0.000781744 
1 58 0.17 0.000760017 
1 59 0.17 0.00073223 
1 60 0.18 0.000767075 
1 61 0.18 0.000702919 
1 62 0.18 0.000659072 
1 63 0.19 0.000564466 
1 64 0.19 0.000558998 
1 65 0.2 0.000543021 
1 66 0.2 0.000570207 
1 67 0.2 0.000523299 
1 68 0.21 0.000491337 
1 69 0.21 0.00046604 
1 70 0.21 0.000398971 
1 71 0.21 0.000396403 
1 72 0.21 0.000385486 
1 73 0.21 0.000371163 
1 74 0.21 0.000386449 
1 75 0.21 0.000354772 
1 76 0.22 0.000332934 
1 77 0.22 0.000287212 
1 78 0.22 0.000283707 
1 79 0.22 0.000274844 
1 80 0.22 0.000264441 
1 81 0.23 0.000273945 
1 82 0.23 0.000251372 
1 83 0.24 0.000236004 
1 84 0.24 0.000204077 
1 85 0.24 0.00020131 
1 86 0.24 0.000194859 
1 87 0.24 0.000202748 
1 88 0.24 0.000186183 
1 89 0.24 0.000175068 
1 90 0.25 0.000151654 
1 91 0.25 0.000149616 
1 92 0.25 0.000144804 
1 93 0.25 0.00015042 
1 94 0.25 0.000138155 
1 95 0.25 0.000129941 
1 96 0.26 0.000112737 
1 97 0.26 0.000111154 
1 98 0.26 0.000107532 
1 99 0.26 0.00011152 
1 100 0.26 0.000102445 
1 101 0.26 9.63676e-05 
1 102 0.27 8.37186e-05 
1 103 0.27 8.24963e-05 
1 104 0.27 7.97747e-05 
1 105 0.27 8.26129e-05 
1 106 0.27 7.59043e-05 
1 107 0.27 7.14084e-05 
1 108 0.27 6.21062e-05 
1 109 0.28 6.11689e-05 
1 110 0.28 5.9129e-05 
1 111 0.28 6.11554e-05 
1 112 0.28 5.61996e-05 
1 113 0.28 5.28749e-05 
1 114 0.28 4.60325e-05 
1 115 0.28 4.53182e-05 
1 116 0.29 4.37926e-05 
1 117 0.29 4.5243e-05 
1 118 0.29 4.15851e-05 
1 119 0.29 3.91272e-05 
1 120 0.29 3.40931e-05 
1 121 0.29 3.35514e-05 
1 122 0.3 3.24126e-05 
1 123 0.3 3.34522e-05 
1 124 0.3 3.07553e-05 
1 125 0.3 2.89384e-05 
1 126 0.3 2.52341e-05 
1 127 0.3 2.48251e-05 
1 128 0.3 2.58539e-05 
1 129 0.31 2.38015e-05 
1 130 0.31 2.2432e-05 
1 131 0.31 1.95732e-05 
1 132 0.31 1.9272e-05 
1 133 0.31 2.00805e-05 
1 134 0.32 1.84916e-05 
1 135 0.32 1.74318e-05 
1 136 0.32 1.52184e-05 
1 137 0.32 1.49831e-05 
1 138 0.32 1.56036e-05 
1 139 0.33 1.43699e-05 
1 140 0.33 1.35472e-05 
1 141 0.33 1.18327e-05 
1 142 0.33 1.16473e-05 
1 143 0.33 1.21229e-05 
1 144 0.33 1.1165e-05 
1 145 0.33 1.0526e-05 
1 146 0.34 9.19781e-06 
1 147 0.34 9.05185e-06 
1 148 0.34 9.41658e-06 
1 149 0.34 8.67293e-06 
1 150 0.35 8.17673e-06 
1 151 0.35 7.14775e-06 
1 152 0.35 7.03301e-06 
1 153 0.35 7.31301e-06 
1 154 0.35 6.7358e-06 
1 155 0.35 6.35052e-06 
1 156 0.36 5.5533e-06 
1 157 0.36 5.46324e-06 
1 158 0.36 5.67838e-06 
1 159 0.36 5.23041e-06 
1 160 0.36 4.9313e-06 
1 161 0.37 4.6722e-06 
1 162 0.37 4.41139e-06 
1 163 0.37 3.86566e-06 
1 164 0.37 3.81627e-06 
1 165 0.37 3.97569e-06 
1 166 0.38 3.66494e-06 
1 167 0.38 3.45679e-06 
1 168 0.38 3.02551e-06 
1 169 0.38 2.97668e-06 
1 170 0.38 3.09235e-06 
1 171 0.38 2.84897e-06 
1 172 0.39 2.68617e-06 
1 173 0.39 2.54514e-06 
1 174 0.39 2.40304e-06 
1 175 0.39 2.10716e-06 
1 176 0.39 2.07958e-06 
1 177 0.39 2.16478e-06 
1 178 0.4 1.99576e-06 
1 179 0.4 1.88241e-06 
1 180 0.4 1.78426e-06 
1 181 0.4 1.68489e-06 
1 182 0.4 1.478e-06 
1 183 0.4 1.45868e-06 
1 184 0.41 1.51808e-06 
1 185 0.41 1.39968e-06 
1 186 0.41 1.32019e-06 
1 187 0.41 1.25139e-06 
1 188 0.41 1.18168e-06 
1 189 0.41 1.03688e-06 
1 190 0.42 1.02318e-06 
1 191 0.42 1.06449e-06 
1 192 0.42 9.81517e-07 
1 193 0.42 9.2577e-07 
1 194 0.42 8.77517e-07 
1 195 0.42 8.28624e-07 
1 196 0.43 7.27255e-07 
1 197 0.43 7.1756e-07 
1 198 0.43 7.46317e-07 
1 199 0.43 6.88166e-07 
1 200 0.43 6.49079e-07 
1 201 0.44 6.15241e-07 
1 202 0.44 5.80956e-07 
1 203 0.44 5.0999e-07 
1 204 0.44 5.03137e-07 
1 205 0.44 5.23171e-07 
1 206 0.44 4.8242e-07 
1 207 0.44 4.5502e-07 
1 208 0.45 4.31294e-07 
1 209 0.45 4.07258e-07 
1 210 0.45 3.57573e-07 
1 211 0.45 3.52735e-07 
1 212 0.45 3.66701e-07 
1 213 0.45 3.38147e-07 
1 214 0.45 3.18941e-07 
1 215 0.46 3.02308e-07 
1 216 0.46 2.85459e-07 
1 217 0.46 2.50672e-07 
1 218 0.46 2.47261e-07 
1 219 0.46 2.57002e-07 
1 220 0.46 2.36995e-07 
1 221 0.46 2.23535e-07 
1 222 0.47 2.11876e-07 
1 223 0.47 2.00066e-07 
1 224 0.47 1.75709e-07 
1 225 0.47 1.73306e-07 
1 226 0.47 1.80104e-07 
1 227 0.47 1.66086e-07 
1 228 0.47 1.56654e-07 
1 229 0.47 1.48482e-07 
1 230 0.47 1.40206e-07 
1 231 0.47 1.23151e-07 
1 232 0.48 1.21459e-07 
1 233 0.48 1.26205e-07 
1 234 0.49 1.16385e-07 
1 235 0.49 1.09775e-07 
1 236 0.49 1.04048e-07 
1 237 0.49 9.82483e-08 
1 238 0.49 8.63057e-08 
1 239 0.5 8.51157e-08 
1 240 0.5 8.84307e-08 
1 241 0.5 8.15507e-08 
1 242 0.5 7.69198e-08 
1 243 0.5 7.29059e-08 
1 244 0.5 6.88423e-08 
1 245 0.51 6.04795e-08 
1 246 0.51 5.96428e-08 
1 247 0.51 6.19589e-08 
1 248 0.51 5.71392e-08 
1 249 0.51 5.46041e-08 
1 250 0.52 4.71781e-08 
1 251 0.52 5.09876e-08 
1 252 0.52 4.62625e-08 
1 253 0.52 4.44503e-08 
1 254 0.52 3.84586e-08 
1 255 0.53 4.41141e-08 
1 256 0.53 3.78438e-08 
1 257 0.53 3.14231e-08 
1 258 0.53 3.51346e-08 
1 259 0.53 3.57818e-08 
1 260 0.54 3.04964e-08 
1 261 0.54 2.46569e-08 
1 262 0.54 3.05471e-08 
1 263 0.54 2.59876e-08 
1 264 0.54 2.76149e-08 
1 265 0.55 2.31127e-08 
1 266 0.55 2.45286e-08 
1 267 0.55 2.02869e-08 
1 268 0.55 2.18214e-08 
1 269 0.55 1.82763e-08 
1 270 0.55 1.94057e-08 
1 271 0.56 1.64199e-08 
1 272 0.56 1.76525e-08 
1 273 0.56 1.66508e-08 
1 274 0.56 1.32308e-08 
1 275 0.56 1.48531e-08 
1 276 0.56 1.40796e-08 
1 277 0.57 1.09771e-08 
1 278 0.57 1.26828e-08 
1 279 0.57 1.20844e-08 
1 280 0.57 1.13942e-08 
1 281 0.57 1.07361e-08 
1 282 0.57 8.69916e-09 
1 283 0.57 9.86698e-09 
1 284 0.57 9.23237e-09 
1 285 0.58 6.60707e-09 
1 286 0.58 8.41442e-09 
1 287 0.58 5.9377e-09 
1 288 0.58 7.68122e-09 
1 289 0.58 5.28715e-09 
1 290 0.58 7.26238e-09 
1 291 0.58 4.74495e-09 
1 292 0.59 3.58717e-09 
1 293 0.59 6.64778e-09 
1 294 0.59 3.63272e-09 
1 295 0.59 3.25973e-09 
1 296 0.59 1.50149e-09 
1 297 0.59 1.27589e-09 
1 298 0.59 0 
2 0 0.62 1 
2 1 0.62 0.306238 
2 2 0.63 0.157434 
2 3 0.63 0.0853148 
2 4 0.64 0.0535538 
2 5 0.64 0.0360769 
2 6 0.64 0.0260447 
2 7 0.65 0.0199516 
2 8 0.65 0.016879 
2 9 0.66 0.0146087 
2 10 0.66 0.0128592 
2 11 0.67 0.0114613 
2 12 0.67 0.0103103 
2 13 0.68 0.00933947 
2 14 0.68 0.00850502 
2 15 0.68 0.00776078 
2 16 0.69 0.00714449 
2 17 0.69 0.00658818 
2 18 0.69 0.0060748 
2 19 0.7 0.00560728 
2 20 0.7 0.00516179 
2 21 0.7 0.00478539 
2 22 0.7 0.00443642 
2 23 0.7 0.00411903 
2 24 0.71 0.00383117 
2 25 0.71 0.00357105 
2 26 0.71 0.00340533 
2 27 0.71 0.00327615 
2 28 0.71 0.00314678 
2 29 0.72 0.00300699 
2 30 0.72 0.00288483 
2 31 0.72 0.00276501 
2 32 0.72 0.00264765 
2 33 0.72 0.00253343 
2 34 0.72 0.00242278 
2 35 0.73 0.00231595 
2 36 0.73 0.00221303 
2 37 0.73 0.00211405 
2 38 0.73 0.00201898 
2 39 0.74 0.00192775 
2 40 0.74 0.00184028 
2 41 0.74 0.00175646 
2 42 0.74 0.00167618 
2 43 0.74 0.00159933 
2 44 0.74 0.00152579 
2 45 0.75 0.00145543 
2 46 0.75 0.00138815 
2 47 0.75 0.00132383 
2 48 0.75 0.00125434 
2 49 0.75 0.00118981 
2 50 0.75 0.00113639 
2 51 0.76 0.00108549 
2 52 0.76 0.00103637 
2 53 0.76 0.00108237 
2 54 0.76 0.000989878 
2 55 0.76 0.000926097 
2 56 0.76 0.000788788 
2 57 0.77 0.000781744 
2 58 0.77 0.000760018 
2 59 0.77 0.00073223 
2 60 0.77 0.000767075 
2 61 0.77 0.000702919 
2 62 0.78 0.000659072 
2 63 0.78 0.000564466 
2 64 0.78 0.000558998 
2 65 0.78 0.000543021 
2 66 0.78 0.000570208 
2 67 0.79 0.000523299 
2 68 0.79 0.000491337 
2 69 0.79 0.000466041 
2 70 0.79 0.000398971 
2 71 0.79 0.000396404 
2 72 0.79 0.000385486 
2 73 0.8 0.000371163 
2 74 0.8 0.000386449 
2 75 0.8 0.000354772 
2 76 0.8 0.000332934 
2 77 0.81 0.000287212 
2 78 0.81 0.000283707 
2 79 0.81 0.000274844 
2 80 0.81 0.000264441 
2 81 0.81 0.000273945 
2 82 0.82 0.000251372 
2 83 0.82 0.000236004 
2 84 0.82 0.000204077 
2 85 0.82 0.00020131 
2 86 0.83 0.000194859 
2 87 0.83 0.000202748 
2 88 0.83 0.000186183 
2 89 0.83 0.000175068 
2 90 0.83 0.000151654 
2 91 0.83 0.000149616 
2 92 0.84 0.000144804 
2 93 0.84 0.00015042 
2 94 0.84 0.000138155 
2 95 0.84 0.000129941 
2 96 0.85 0.000112737 
2 97 0.85 0.000111154 
2 98 0.85 0.000107532 
2 99 0.85 0.00011152 
2 100 0.85 0.000102445 
2 101 0.86 9.63676e-05 
2 102 0.86 8.37186e-05 
2 103 0.86 8.24963e-05 
2 104 0.86 7.97747e-05 
2 105 0.86 8.26129e-05 
2 106 0.87 7.59044e-05 
2 107 0.87 7.14084e-05 
2 108 0.87 6.21063e-05 
2 109 0.87 6.11689e-05 
2 110 0.88 5.9129e-05 
2 111 0.88 6.11554e-05 
2 112 0.88 5.61997e-05 
2 113 0.88 5.28749e-05 
2 114 0.88 4.60325e-05 
2 115 0.89 4.53182e-05 
2 116 0.89 4.37926e-05 
2 117 0.89 4.5243e-05 
2 118 0.89 4.15851e-05 
2 119 0.89 3.91272e-05 
2 120 0.89 3.40931e-05 
2 121 0.89 3.35514e-05 
2 122 0.9 3.24126e-05 
2 123 0.9 3.34522e-05 
2 124 0.9 3.07553e-05 
2 125 0.9 2.89384e-05 
2 126 0.9 2.52342e-05 
2 127 0.9 2.48251e-05 
2 128 0.91 2.58539e-05 
2 129 0.91 2.38015e-05 
2 130 0.91 2.2432e-05 
2 131 0.91 1.95732e-05 
2 132 0.91 1.9272e-05 
2 133 0.91 2.00805e-05 
2 134 0.91 1.84916e-05 
2 135 0.92 1.74318e-05 
2 136 0.92 1.52184e-05 
2 137 0.92 1.49831e-05 
2 138 0.92 1.56036e-05 
2 139 0.92 1.43699e-05 
2 140 0.92 1.35472e-05 
2 141 0.93 1.18327e-05 
2 142 0.93 1.16473e-05 
2 143 0.93 1.21229e-05 
2 144 0.93 1.1165e-05 
2 145 0.93 1.0526e-05 
2 146 0.93 9.19781e-06 
2 147 0.93 9.05185e-06 
2 148 0.94 9.41658e-06 
2 149 0.94 8.67294e-06 
2 150 0.94 8.17673e-06 
2 151 0.94 7.14776e-06 
2 152 0.94 7.03302e-06 
2 153 0.94 7.31302e-06 
2 154 0.94 6.7358e-06 
2 155 0.95 6.35052e-06 
2 156 0.95 5.5533e-06 
2 157 0.95 5.46324e-06 
2 158 0.95 5.67838e-06 
2 159 0.95 5.23041e-06 
2 160 0.95 4.93131e-06 
2 161 0.95 4.6722e-06 
2 162 0.96 4.41139e-06 
2 163 0.96 3.86567e-06 
2 164 0.96 3.81627e-06 
2 165 0.96 3.97569e-06 
2 166 0.96 3.66495e-06 
2 167 0.97 3.45679e-06 
2 168 0.97 3.02552e-06 
2 169 0.97 2.97668e-06 
2 170 0.97 3.09235e-06 
2 171 0.97 2.84897e-06 
2 172 0.98 2.68617e-06 
2 173 0.98 2.54514e-06 
2 174 0.98 2.40304e-06 
2 175 0.98 2.10716e-06 
2 176 0.99 2.07958e-06 
2 177 0.99 2.16478e-06 
2 178 0.99 1.99577e-06 
2 179 0.99 1.88241e-06 
2 180 0.99 1.78426e-06 
2 181 1 1.68489e-06 
2 182 1 1.478e-06 
2 183 1 1.45868e-06 
2 184 1 1.51808e-06 
2 185 1 1.39968e-06 
2 186 1.01 1.32019e-06 
2 187 1.01 1.25139e-06 
2 188 1.01 1.18168e-06 
2 189 1.01 1.03688e-06 
2 190 1.01 1.02318e-06 
2 191 1.02 1.0645e-06 
2 192 1.02 9.81518e-07 
2 193 1.02 9.25771e-07 
2 194 1.03 8.77517e-07 
2 195 1.03 8.28624e-07 
2 196 1.03 7.27255e-07 
2 197 1.03 7.1756e-07 
2 198 1.03 7.46318e-07 
2 199 1.04 6.88166e-07 
2 200 1.04 6.49079e-07 
2 201 1.04 6.15241e-07 
2 202 1.04 5.80957e-07 
2 203 1.04 5.0999e-07 
2 204 1.04 5.03137e-07 
2 205 1.05 5.23171e-07 
2 206 1.05 4.8242e-07 
2 207 1.05 4.5502e-07 
2 208 1.05 4.31294e-07 
2 209 1.05 4.07258e-07 
2 210 1.05 3.57573e-07 
2 211 1.05 3.52735e-07 
2 212 1.05 3.66701e-07 
2 213 1.05 3.38147e-07 
2 214 1.07 3.18941e-07 
2 215 1.07 3.02308e-07 
2 216 1.07 2.85459e-07 
2 217 1.07 2.50672e-07 
2 218 1.07 2.47261e-07 
2 219 1.07 2.57002e-07 
2 220 1.07 2.36995e-07 
2 221 1.07 2.23535e-07 
2 222 1.08 2.11876e-07 
2 223 1.08 2.00067e-07 
2 224 1.08 1.75709e-07 
2 225 1.08 1.73306e-07 
2 226 1.08 1.80104e-07 
2 227 1.08 1.66087e-07 
2 228 1.09 1.56654e-07 
2 229 1.09 1.48482e-07 
2 230 1.09 1.40206e-07 
2 231 1.09 1.23151e-07 
2 232 1.09 1.21459e-07 
2 233 1.1 1.26205e-07 
2 234 1.1 1.16385e-07 
2 235 1.1 1.11225e-07 
2 236 1.1 9.60755e-08 
2 237 1.11 1.03867e-07 
2 238 1.11 9.42327e-08 
2 239 1.11 9.05473e-08 
2 240 1.11 7.83245e-08 
2 241 1.11 8.98802e-08 
2 242 1.12 7.70917e-08 
2 243 1.12 6.39943e-08 
2 244 1.12 7.15782e-08 
2 245 1.12 7.29051e-08 
2 246 1.12 6.21257e-08 
2 247 1.13 5.02143e-08 
2 248 1.13 6.1865e-08 
2 249 1.13 5.30597e-08 
2 250 1.13 5.63547e-08 
2 251 1.13 4.70955e-08 
2 252 1.13 4.99729e-08 
2 253 1.13 4.13655e-08 
2 254 1.13 4.45124e-08 
2 255 1.14 3.72835e-08 
2 256 1.14 3.96143e-08 
2 257 1.14 3.35242e-08 
2 258 1.14 3.5949e-08 
2 259 1.14 3.39206e-08 
2 260 1.14 2.69596e-08 
2 261 1.14 3.02526e-08 
2 262 1.14 2.86785e-08 
2 263 1.14 2.23606e-08 
2 264 1.15 2.58399e-08 
2 265 1.15 2.46215e-08 
2 266 1.15 2.32157e-08 
2 267 1.15 2.16823e-08 
2 268 1.15 1.76893e-08 
2 269 1.15 1.72935e-08 
2 270 1.15 1.91771e-08 
2 271 1.16 1.4278e-08 
2 272 1.16 1.75734e-08 
2 273 1.16 1.375e-08 
2 274 1.16 1.14549e-08 
2 275 1.16 1.58377e-08 
2 276 1.16 1.01454e-08 
2 277 1.16 1.45427e-08 
2 278 1.17 9.23464e-09 
2 279 1.17 5.02096e-09 
2 280 1.17 6.40012e-09 
2 281 1.17 3.32068e-09 
2 282 1.17 2.85357e-09 
2 283 1.17 2.54585e-09 
2 284 1.17 0 
3 0 1.19 1 
3 1 1.19 0.306238 
3 2 1.2 0.157434 
3 3 1.2 0.0853148 
3 4 1.2 0.0535538 
3 5 1.2 0.0360769 
3 6 1.2 0.0260447 
3 7 1.2 0.0199516 
3 8 1.21 0.016879 
3 9 1.22 0.0146087 
3 10 1.22 0.0128592 
3 11 1.22 0.0114613 
3 12 1.22 0.0103103 
3 13 1.23 0.00933947 
3 14 1.23 0.00850502 
3 15 1.23 0.00776078 
3 16 1.24 0.00714449 
3 17 1.24 0.00658818 
3 18 1.25 0.0060748 
3 19 1.26 0.00560728 
3 20 1.26 0.00516179 
3 21 1.27 0.00478539 
3 22 1.27 0.00443642 
3 23 1.27 0.00411903 
3 24 1.27 0.00383117 
3 25 1.28 0.00357105 
3 26 1.28 0.00340533 
3 27 1.28 0.00327615 
3 28 1.29 0.00314678 
3 29 1.29 0.00300699 
3 30 1.29 0.00288483 
3 31 1.29 0.00276501 
3 32 1.29 0.00264765 
3 33 1.29 0.00253343 
3 34 1.29 0.00242278 
3 35 1.29 0.00231595 
3 36 1.29 0.00221303 
3 37 1.31 0.00211405 
3 38 1.31 0.00201898 
3 39 1.31 0.00192775 
3 40 1.32 0.00184028 
3 41 1.32 0.00175646 
3 42 1.32 0.00167618 
3 43 1.32 0.00159933 
3 44 1.33 0.00152579 
3 45 1.33 0.00145544 
3 46 1.33 0.00138816 
3 47 1.33 0.00132383 
3 48 1.34 0.00125434 
3 49 1.34 0.00118981 
3 50 1.35 0.00113639 
3 51 1.35 0.00108549 
3 52 1.36 0.00103637 
3 53 1.36 0.00108237 
3 54 1.37 0.000989878 
3 55 1.37 0.000926098 
3 56 1.38 0.000788788 
3 57 1.38 0.000781745 
3 58 1.38 0.000760018 
3 59 1.38 0.00073223 
3 60 1.38 0.000767075 
3 61 1.39 0.000702919 
3 62 1.4 0.000659072 
3 63 1.4 0.000564466 
3 64 1.4 0.000558998 
3 65 1.4 0.000543022 
3 66 1.4 0.000570208 
3 67 1.41 0.000523299 
3 68 1.41 0.000491337 
3 69 1.41 0.000466041 
3 70 1.41 0.000398971 
3 71 1.42 0.000396404 
3 72 1.42 0.000385486 
3 73 1.42 0.000371163 
3 74 1.42 0.00038645 
3 75 1.43 0.000354773 
3 76 1.43 0.000332934 
3 77 1.43 0.000287212 
3 78 1.43 0.000283707 
3 79 1.43 0.000274844 
3 80 1.44 0.000264441 
3 81 1.44 0.000273945 
3 82 1.44 0.000251373 
3 83 1.44 0.000236004 
3 84 1.45 0.000204077 
3 85 1.45 0.00020131 
3 86 1.45 0.00019486 
3 87 1.45 0.000202748 
3 88 1.45 0.000186183 
3 89 1.45 0.000175068 
3 90 1.46 0.000151654 
3 91 1.46 0.000149616 
3 92 1.46 0.000144804 
3 93 1.46 0.00015042 
3 94 1.46 0.000138155 
3 95 1.47 0.000129941 
3 96 1.47 0.000112737 
3 97 1.47 0.000111155 
3 98 1.47 0.000107533 
3 99 1.48 0.00011152 
3 100 1.48 0.000102445 
3 101 1.48 9.63677e-05 
3 102 1.48 8.37187e-05 
3 103 1.48 8.24963e-05 
3 104 1.49 7.97747e-05 
3 105 1.49 8.26129e-05 
3 106 1.49 7.59044e-05 
3 107 1.49 7.14084e-05 
3 108 1.49 6.21063e-05 
3 109 1.5 6.11689e-05 
3 110 1.5 5.9129e-05 
3 111 1.5 6.11554e-05 
3 112 1.5 5.61997e-05 
3 113 1.5 5.28749e-05 
3 114 1.51 4.60326e-05 
3 115 1.51 4.53182e-05 
3 116 1.51 4.37926e-05 
3 117 1.51 4.5243e-05 
3 118 1.51 4.15851e-05 
3 119 1.51 3.91272e-05 
3 120 1.52 3.40931e-05 
3 121 1.52 3.35515e-05 
3 122 1.52 3.24126e-05 
3 123 1.52 3.34522e-05 
3 124 1.52 3.07553e-05 
3 125 1.52 2.89384e-05 
3 126 1.53 2.52342e-05 
3 127 1.53 2.48251e-05 
3 128 1.53 2.58539e-05 
3 129 1.53 2.38015e-05 
3 130 1.53 2.2432e-05 
3 131 1.54 1.95732e-05 
3 132 1.54 1.9272e-05 
3 133 1.54 2.00805e-05 
3 134 1.54 1.84916e-05 
3 135 1.54 1.74318e-05 
3 136 1.55 1.52184e-05 
3 137 1.55 1.49832e-05 
3 138 1.55 1.56036e-05 
3 139 1.55 1.437e-05 
3 140 1.55 1.35472e-05 
3 141 1.55 1.18327e-05 
3 142 1.56 1.16473e-05 
3 143 1.56 1.21229e-05 
3 144 1.56 1.1165e-05 
3 145 1.56 1.0526e-05 
3 146 1.56 9.19782e-06 
3 147 1.57 9.05185e-06 
3 148 1.57 9.41658e-06 
3 149 1.57 8.67294e-06 
3 150 1.57 8.17673e-06 
3 151 1.57 7.14776e-06 
3 152 1.57 7.03302e-06 
3 153 1.58 7.31302e-06 
3 154 1.58 6.7358e-06 
3 155 1.58 6.35052e-06 
3 156 1.58 5.5533e-06 
3 157 1.58 5.46324e-06 
3 158 1.58 5.67838e-06 
3 159 1.59 5.23041e-06 
3 160 1.59 4.93131e-06 
3 161 1.59 4.6722e-06 
3 162 1.59 4.41139e-06 
3 163 1.59 3.86567e-06 
3 164 1.6 3.81627e-06 
3 165 1.6 3.97569e-06 
3 166 1.6 3.66495e-06 
3 167 1.6 3.45679e-06 
3 168 1.6 3.02552e-06 
3 169 1.6 2.97668e-06 
3 170 1.61 3.09235e-06 
3 171 1.61 2.84897e-06 
3 172 1.61 2.68617e-06 
3 173 1.61 2.54514e-06 
3 174 1.61 2.40304e-06 
3 175 1.61 2.10716e-06 
3 176 1.62 2.07958e-06 
3 177 1.62 2.16478e-06 
3 178 1.62 1.99577e-06 
3 179 1.63 1.88241e-06 
3 180 1.63 1.78426e-06 
3 181 1.63 1.68489e-06 
3 182 1.63 1.478e-06 
3 183 1.63 1.45868e-06 
3 184 1.63 1.51808e-06 
3 185 1.64 1.39968e-06 
3 186 1.64 1.32019e-06 
3 187 1.64 1.25139e-06 
3 188 1.64 1.18168e-06 
3 189 1.65 1.03688e-06 
3 190 1.65 1.02318e-06 
3 191 1.65 1.0645e-06 
3 192 1.65 9.81518e-07 
3 193 1.65 9.25771e-07 
3 194 1.66 8.77518e-07 
3 195 1.66 8.28624e-07 
3 196 1.66 7.27256e-07 
3 197 1.66 7.1756e-07 
3 198 1.67 7.46318e-07 
3 199 1.67 6.88166e-07 
3 200 1.67 6.49079e-07 
3 201 1.67 6.15242e-07 
3 202 1.67 5.80957e-07 
3 203 1.68 5.0999e-07 
3 204 1.68 5.03138e-07 
3 205 1.68 5.23171e-07 
3 206 1.68 4.82421e-07 
3 207 1.68 4.5502e-07 
3 208 1.69 4.31294e-07 
3 209 1.69 4.07258e-07 
3 210 1.69 3.57573e-07 
3 211 1.7 3.52736e-07 
3 212 1.7 3.66701e-07 
3 213 1.7 3.38147e-07 
3 214 1.7 3.18941e-07 
3 215 1.71 3.02308e-07 
3 216 1.71 2.85459e-07 
3 217 1.71 2.50672e-07 
3 218 1.71 2.47261e-07 
3 219 1.71 2.57002e-07 
3 220 1.71 2.36995e-07 
3 221 1.72 2.23535e-07 
3 222 1.72 2.11876e-07 
3 223 1.72 2.00067e-07 
3 224 1.72 1.75709e-07 
3 225 1.72 1.87224e-07 
3 226 1.72 1.73201e-07 
3 227 1.73 1.66187e-07 
3 228 1.73 1.42457e-07 
3 229 1.73 1.55681e-07 
3 230 1.73 1.41513e-07 
3 231 1.73 1.36046e-07 
3 232 1.73 1.17769e-07 
3 233 1.73 1.35023e-07 
3 234 1.74 1.1581e-07 
3 235 1.74 9.61102e-08 
3 236 1.74 1.07509e-07 
3 237 1.74 1.09529e-07 
3 238 1.74 9.33266e-08 
3 239 1.74 7.54152e-08 
3 240 1.74 9.34929e-08 
3 241 1.75 7.94955e-08 
3 242 1.75 8.44989e-08 
3 243 1.75 7.06896e-08 
3 244 1.75 7.50211e-08 
3 245 1.75 6.20509e-08 
3 246 1.75 6.68207e-08 
3 247 1.75 5.59328e-08 
3 248 1.75 5.94933e-08 
3 249 1.76 5.03413e-08 
3 250 1.76 5.4004e-08 
3 251 1.76 5.09634e-08 
3 252 1.76 4.04926e-08 
3 253 1.76 4.54521e-08 
3 254 1.76 4.3086e-08 
3 255 1.76 3.3581e-08 
3 256 1.77 3.88229e-08 
3 257 1.77 3.69897e-08 
3 258 1.77 3.48767e-08 
3 259 1.77 3.25719e-08 
3 260 1.77 2.65679e-08 
3 261 1.77 2.59802e-08 
3 262 1.77 2.88142e-08 
3 263 1.77 2.14509e-08 
3 264 1.78 2.6403e-08 
3 265 1.78 2.06573e-08 
3 266 1.78 1.72077e-08 
3 267 1.78 2.3798e-08 
3 268 1.78 1.52397e-08 
3 269 1.78 2.18493e-08 
3 270 1.78 1.38735e-08 
3 271 1.79 7.54236e-09 
3 272 1.79 9.61405e-09 
3 273 1.79 4.98826e-09 
3 274 1.79 4.28688e-09 
3 275 1.79 3.82496e-09 
3 276 1.79 0 
4 0 1.83 1 
4 1 1.83 0.306238 
4 2 1.84 0.157434 
4 3 1.84 0.0853148 
4 4 1.85 0.0535538 
4 5 1.85 0.0360769 
4 6 1.86 0.0260447 
4 7 1.86 0.0199516 
4 8 1.87 0.016879 
4 9 1.87 0.0146087 
4 10 1.88 0.0128592 
4 11 1.88 0.0114613 
4 12 1.88 0.0103103 
4 13 1.88 0.00933947 
4 14 1.89 0.00850502 
4 15 1.89 0.00776078 
4 16 1.89 0.00714449 
4 17 1.9 0.00658818 
4 18 1.9 0.0060748 
4 19 1.9 0.00560728 
4 20 1.9 0.00516179 
4 21 1.91 0.00478539 
4 22 1.91 0.00443642 
4 23 1.91 0.00411903 
4 24 1.91 0.00383117 
4 25 1.91 0.00357105 
4 26 1.91 0.00340533 
4 27 1.91 0.00327615 
4 28 1.92 0.00314678 
4 29 1.92 0.00300699 
4 30 1.92 0.00288483 
4 31 1.92 0.00276501 
4 32 1.92 0.00264765 
4 33 1.92 0.00253343 
4 34 1.93 0.00242279 
4 35 1.93 0.00231595 
4 36 1.93 0.00221303 
4 37 1.94 0.00211405 
4 38 1.94 0.00201898 
4 39 1.94 0.00192775 
4 40 1.94 0.00184028 
4 41 1.94 0.00175646 
4 42 1.95 0.00167618 
4 43 1.95 0.00159933 
4 44 1.95 0.00152579 
4 45 1.95 0.00145544 
4 46 1.96 0.00138816 
4 47 1.96 0.00132383 
4 48 1.96 0.00125434 
4 49 1.96 0.00118981 
4 50 1.97 0.00113639 
4 51 1.97 0.00108549 
4 52 1.97 0.00103637 
4 53 1.97 0.00108237 
4 54 1.97 0.000989878 
4 55 1.97 0.000926098 
4 56 1.97 0.000788789 
4 57 1.98 0.000781745 
4 58 1.98 0.000760018 
4 59 1.98 0.000732231 
4 60 1.98 0.000767075 
4 61 1.98 0.000702919 
4 62 1.99 0.000659073 
4 63 1.99 0.000564467 
4 64 1.99 0.000558998 
4 65 1.99 0.000543022 
4 66 1.99 0.000570208 
4 67 1.99 0.0005233 
4 68 2 0.000491337 
4 69 2 0.000466041 
4 70 2 0.000398971 
4 71 2 0.000396404 
4 72 2 0.000385486 
4 73 2 0.000371163 
4 74 2.01 0.00038645 
4 75 2.01 0.000354773 
4 76 2.01 0.000332934 
4 77 2.01 0.000287213 
4 78 2.01 0.000283707 
4 79 2.01 0.000274844 
4 80 2.01 0.000264441 
4 81 2.02 0.000273945 
4 82 2.02 0.000251373 
4 83 2.02 0.000236004 
4 84 2.02 0.000204077 
4 85 2.02 0.00020131 
4 86 2.02 0.00019486 
4 87 2.02 0.000202748 
4 88 2.03 0.000186183 
4 89 2.03 0.000175068 
4 90 2.03 0.000151654 
4 91 2.03 0.000149616 
4 92 2.03 0.000144804 
4 93 2.04 0.00015042 
4 94 2.04 0.000138155 
4 95 2.04 0.000129941 
4 96 2.04 0.000112737 
4 97 2.04 0.000111155 
4 98 2.05 0.000107533 
4 99 2.05 0.00011152 
4 100 2.05 0.000102445 
4 101 2.05 9.63677e-05 
4 102 2.06 8.37187e-05 
4 103 2.06 8.24964e-05 
4 104 2.06 7.97748e-05 
4 105 2.06 8.26129e-05 
4 106 2.06 7.59044e-05 
4 107 2.07 7.14084e-05 
4 108 2.07 6.21063e-05 
4 109 2.07 6.11689e-05 
4 110 2.07 5.91291e-05 
4 111 2.07 6.11554e-05 
4 112 2.08 5.61997e-05 
4 113 2.08 5.2875e-05 
4 114 2.08 4.60326e-05 
4 115 2.08 4.53182e-05 
4 116 2.08 4.37927e-05 
4 117 2.09 4.5243e-05 
4 118 2.09 4.15851e-05 
4 119 2.09 3.91272e-05 
4 120 2.09 3.40931e-05 
4 121 2.09 3.35515e-05 
4 122 2.09 3.24126e-05 
4 123 2.09 3.34522e-05 
4 124 2.1 3.07553e-05 
4 125 2.1 2.89384e-05 
4 126 2.1 2.52342e-05 
4 127 2.1 2.48251e-05 
4 128 2.1 2.58539e-05 
4 129 2.1 2.38015e-05 
4 130 2.1 2.2432e-05 
4 131 2.11 1.95732e-05 
4 132 2.11 1.9272e-05 
4 133 2.11 2.00805e-05 
4 134 2.11 1.84916e-05 
4 135 2.12 1.74318e-05 
4 136 2.12 1.52184e-05 
4 137 2.12 1.49832e-05 
4 138 2.12 1.56036e-05 
4 139 2.12 1.437e-05 
4 140 2.12 1.35472e-05 
4 141 2.13 1.18327e-05 
4 142 2.13 1.16473e-05 
4 143 2.13 1.21229e-05 
4 144 2.13 1.1165e-05 
4 145 2.13 1.0526e-05 
4 146 2.13 9.19782e-06 
4 147 2.14 9.05186e-06 
4 148 2.14 9.41659e-06 
4 149 2.14 8.67294e-06 
4 150 2.14 8.17674e-06 
4 151 2.14 7.14776e-06 
4 152 2.14 7.03302e-06 
4 153 2.15 7.31302e-06 
4 154 2.15 6.7358e-06 
4 155 2.15 6.35053e-06 
4 156 2.15 5.5533e-06 
4 157 2.15 5.46325e-06 
4 158 2.15 5.67838e-06 
4 159 2.15 5.23041e-06 
4 160 2.15 4.93131e-06 
4 161 2.15 4.67221e-06 
4 162 2.15 4.41139e-06 
4 163 2.15 3.86567e-06 
4 164 2.16 3.81627e-06 
4 165 2.16 3.97569e-06 
4 166 2.17 3.66495e-06 
4 167 2.17 3.45679e-06 
4 168 2.17 3.02552e-06 
4 169 2.17 2.97668e-06 
4 170 2.17 3.09235e-06 
4 171 2.18 2.84897e-06 
4 172 2.18 2.68617e-06 
4 173 2.18 2.54514e-06 
4 174 2.18 2.40304e-06 
4 175 2.19 2.10716e-06 
4 176 2.19 2.07958e-06 
4 177 2.19 2.16478e-06 
4 178 2.19 1.99577e-06 
4 179 2.19 1.88241e-06 
4 180 2.2 1.78426e-06 
4 181 2.2 1.68489e-06 
4 182 2.2 1.478e-06 
4 183 2.2 1.45868e-06 
4 184 2.21 1.51808e-06 
4 185 2.21 1.39968e-06 
4 186 2.21 1.3202e-06 
4 187 2.21 1.25139e-06 
4 188 2.22 1.18168e-06 
4 189 2.22 1.03688e-06 
4 190 2.22 1.02318e-06 
4 191 2.22 1.0645e-06 
4 192 2.22 9.81518e-07 
4 193 2.23 9.25771e-07 
4 194 2.23 8.77518e-07 
4 195 2.23 8.28625e-07 
4 196 2.23 7.27256e-07 
4 197 2.23 7.17561e-07 
4 198 2.24 7.46318e-07 
4 199 2.24 6.88166e-07 
4 200 2.24 6.4908e-07 
4 201 2.24 6.15242e-07 
4 202 2.24 5.80957e-07 
4 203 2.24 5.0999e-07 
4 204 2.24 5.03138e-07 
4 205 2.25 5.23171e-07 
4 206 2.25 4.82421e-07 
4 207 2.25 4.5502e-07 
4 208 2.25 4.31295e-07 
4 209 2.25 4.07258e-07 
4 210 2.25 3.57573e-07 
4 211 2.25 3.52736e-07 
4 212 2.26 3.66701e-07 
4 213 2.26 3.38147e-07 
4 214 2.26 3.18942e-07 
4 215 2.26 3.02308e-07 
4 216 2.26 2.85459e-07 
4 217 2.26 2.50672e-07 
4 218 2.26 2.47261e-07 
4 219 2.26 2.57002e-07 
4 220 2.26 2.36995e-07 
4 221 2.26 2.26501e-07 
4 222 2.26 1.94218e-07 
4 223 2.27 2.11549e-07 
4 224 2.27 1.92268e-07 
4 225 2.28 1.84675e-07 
4 226 2.28 1.59888e-07 
4 227 2.28 1.83162e-07 
4 228 2.28 1.57091e-07 
4 229 2.28 1.30363e-07 
4 230 2.28 1.45808e-07 
4 231 2.28 1.48548e-07 
4 232 2.28 1.26561e-07 
4 233 2.29 1.02259e-07 
4 234 2.29 1.1826e-07 
4 235 2.29 1.20495e-07 
4 236 2.29 1.02623e-07 
4 237 2.29 1.08186e-07 
4 238 2.29 9.03407e-08 
4 239 2.3 9.52996e-08 
4 240 2.3 7.93102e-08 
4 241 2.3 8.57532e-08 
4 242 2.3 7.15948e-08 
4 243 2.3 7.63464e-08 
4 244 2.31 6.4492e-08 
4 245 2.31 6.95137e-08 
4 246 2.31 6.55844e-08 
4 247 2.31 5.20447e-08 
4 248 2.31 5.85408e-08 
4 249 2.31 5.52322e-08 
4 250 2.31 4.36189e-08 
4 251 2.32 5.04759e-08 
4 252 2.32 4.7928e-08 
4 253 2.32 4.50582e-08 
4 254 2.32 4.23888e-08 
4 255 2.32 3.48286e-08 
4 256 2.32 3.8941e-08 
4 257 2.32 3.63524e-08 
4 258 2.32 2.67978e-08 
4 259 2.32 3.31062e-08 
4 260 2.33 2.32439e-08 
4 261 2.33 3.11873e-08 
4 262 2.33 2.03314e-08 
4 263 2.33 2.86583e-08 
4 264 2.33 1.85811e-08 
4 265 2.33 1.40702e-08 
4 266 2.33 2.61688e-08 
4 267 2.33 1.43687e-08 
4 268 2.33 1.27806e-08 
4 269 2.33 5.91215e-09 
4 270 2.33 5.02855e-09 
4 271 2.34 0 
5 0 2.36 1 
5 1 2.36 0.306238 
5 2 2.37 0.157434 
5 3 2.37 0.0853148 
5 4 2.37 0.0535538 
5 5 2.37 0.0360769 
5 6 2.38 0.0260447 
5 7 2.38 0.0199516 
5 8 2.38 0.016879 
5 9 2.39 0.0146087 
5 10 2.39 0.0128592 
5 11 2.39 0.0114613 
5 12 2.39 0.0103103 
5 13 2.4 0.00933948 
5 14 2.4 0.00850503 
5 15 2.4 0.00776079 
5 16 2.41 0.00714449 
5 17 2.41 0.00658818 
5 18 2.41 0.0060748 
5 19 2.41 0.00560728 
5 20 2.42 0.00516179 
5 21 2.42 0.00478539 
5 22 2.42 0.00443642 
5 23 2.42 0.00411903 
5 24 2.42 0.00383117 
5 25 2.42 0.00357105 
5 26 2.43 0.00340534 
5 27 2.43 0.00327615 
5 28 2.43 0.00314678 
5 29 2.43 0.003007 
5 30 2.43 0.00288483 
5 31 2.44 0.00276501 
5 32 2.44 0.00264765 
5 33 2.44 0.00253343 
5 34 2.44 0.00242279 
5 35 2.45 0.00231595 
5 36 2.45 0.00221303 
5 37 2.45 0.00211405 
5 38 2.45 0.00201898 
5 39 2.45 0.00192775 
5 40 2.46 0.00184028 
5 41 2.46 0.00175646 
5 42 2.46 0.00167618 
5 43 2.46 0.00159933 
5 44 2.46 0.00152579 
5 45 2.47 0.00145544 
5 46 2.47 0.00138816 
5 47 2.47 0.00132383 
5 48 2.47 0.00125434 
5 49 2.47 0.00118981 
5 50 2.48 0.00113639 
5 51 2.48 0.00108549 
5 52 2.48 0.00103637 
5 53 2.48 0.00108237 
5 54 2.49 0.000989879 
5 55 2.49 0.000926098 
5 56 2.49 0.000788789 
5 57 2.49 0.000781745 
5 58 2.49 0.000760018 
5 59 2.5 0.000732231 
5 60 2.5 0.000767076 
5 61 2.5 0.00070292 
5 62 2.5 0.000659073 
5 63 2.5 0.000564467 
5 64 2.5 0.000558999 
5 65 2.5 0.000543022 
5 66 2.51 0.000570208 
5 67 2.51 0.0005233 
5 68 2.51 0.000491338 
5 69 2.51 0.000466041 
5 70 2.51 0.000398971 
5 71 2.52 0.000396404 
5 72 2.52 0.000385486 
5 73 2.52 0.000371164 
5 74 2.52 0.00038645 
5 75 2.53 0.000354773 
5 76 2.53 0.000332934 
5 77 2.53 0.000287213 
5 78 2.53 0.000283707 
5 79 2.53 0.000274844 
5 80 2.53 0.000264441 
5 81 2.53 0.000273945 
5 82 2.54 0.000251373 
5 83 2.54 0.000236004 
5 84 2.54 0.000204077 
5 85 2.54 0.00020131 
5 86 2.54 0.00019486 
5 87 2.55 0.000202748 
5 88 2.55 0.000186183 
5 89 2.55 0.000175068 
5 90 2.55 0.000151654 
5 91 2.55 0.000149616 
5 92 2.55 0.000144804 
5 93 2.56 0.00015042 
5 94 2.56 0.000138155 
5 95 2.56 0.000129941 
5 96 2.56 0.000112737 
5 97 2.56 0.000111155 
5 98 2.57 0.000107533 
5 99 2.57 0.00011152 
5 100 2.57 0.000102445 
5 101 2.57 9.63677e-05 
5 102 2.58 8.37187e-05 
5 103 2.58 8.24964e-05 
5 104 2.58 7.97748e-05 
5 105 2.58 8.2613e-05 
5 106 2.58 7.59044e-05 
5 107 2.59 7.14084e-05 
5 108 2.59 6.21063e-05 
5 109 2.59 6.11689e-05 
5 110 2.59 5.91291e-05 
5 111 2.59 6.11554e-05 
5 112 2.59 5.61997e-05 
5 113 2.59 5.2875e-05 
5 114 2.6 4.60326e-05 
5 115 2.6 4.53182e-05 
5 116 2.6 4.37927e-05 
5 117 2.6 4.5243e-05 
5 118 2.6 4.15851e-05 
5 119 2.61 3.91272e-05 
5 120 2.61 3.40931e-05 
5 121 2.61 3.35515e-05 
5 122 2.61 3.24126e-05 
5 123 2.61 3.34522e-05 
5 124 2.61 3.07554e-05 
5 125 2.61 2.89384e-05 
5 126 2.62 2.52342e-05 
5 127 2.62 2.48251e-05 
5 128 2.62 2.58539e-05 
5 129 2.62 2.38015e-05 
5 130 2.62 2.2432e-05 
5 131 2.62 1.95732e-05 
5 132 2.63 1.9272e-05 
5 133 2.63 2.00806e-05 
5 134 2.63 1.84916e-05 
5 135 2.63 1.74318e-05 
5 136 2.63 1.52184e-05 
5 137 2.63 1.49832e-05 
5 138 2.64 1.56036e-05 
5 139 2.64 1.437e-05 
5 140 2.64 1.35472e-05 
5 141 2.64 1.18327e-05 
5 142 2.64 1.16473e-05 
5 143 2.64 1.21229e-05 
5 144 2.64 1.1165e-05 
5 145 2.64 1.0526e-05 
5 146 2.65 9.19782e-06 
5 147 2.65 9.05186e-06 
5 148 2.65 9.41659e-06 
5 149 2.65 8.67294e-06 
5 150 2.65 8.17674e-06 
5 151 2.65 7.14776e-06 
5 152 2.66 7.03302e-06 
5 153 2.66 7.31302e-06 
5 154 2.66 6.7358e-06 
5 155 2.66 6.35053e-06 
5 156 2.66 5.5533e-06 
5 157 2.66 5.46325e-06 
5 158 2.66 5.67838e-06 
5 159 2.66 5.23042e-06 
5 160 2.67 4.93131e-06 
5 161 2.67 4.67221e-06 
5 162 2.67 4.41139e-06 
5 163 2.67 3.86567e-06 
5 164 2.67 3.81627e-06 
5 165 2.67 3.97569e-06 
5 166 2.67 3.66495e-06 
5 167 2.67 3.45679e-06 
5 168 2.67 3.02552e-06 
5 169 2.68 2.97669e-06 
5 170 2.69 3.09235e-06 
5 171 2.69 2.84897e-06 
5 172 2.69 2.68617e-06 
5 173 2.69 2.54514e-06 
5 174 2.69 2.40304e-06 
5 175 2.69 2.10716e-06 
5 176 2.69 2.07958e-06 
5 177 2.69 2.16478e-06 
5 178 2.7 1.99577e-06 
5 179 2.7 1.88241e-06 
5 180 2.7 1.78426e-06 
5 181 2.7 1.68489e-06 
5 182 2.7 1.478e-06 
5 183 2.71 1.45868e-06 
5 184 2.71 1.51808e-06 
5 185 2.71 1.39968e-06 
5 186 2.71 1.3202e-06 
5 187 2.71 1.25139e-06 
5 188 2.71 1.18168e-06 
5 189 2.72 1.03688e-06 
5 190 2.72 1.02318e-06 
5 191 2.72 1.0645e-06 
5 192 2.72 9.81518e-07 
5 193 2.72 9.25771e-07 
5 194 2.72 8.77518e-07 
5 195 2.72 8.28625e-07 
5 196 2.72 7.27256e-07 
5 197 2.73 7.17561e-07 
5 198 2.73 7.46318e-07 
5 199 2.73 6.88166e-07 
5 200 2.73 6.4908e-07 
5 201 2.73 6.15242e-07 
5 202 2.73 5.80957e-07 
5 203 2.73 5.09991e-07 
5 204 2.74 5.03138e-07 
5 205 2.74 5.23171e-07 
5 206 2.74 4.82421e-07 
5 207 2.74 4.5502e-07 
5 208 2.74 4.31295e-07 
5 209 2.74 4.07258e-07 
5 210 2.74 3.57573e-07 
5 211 2.75 3.52736e-07 
5 212 2.75 3.66701e-07 
5 213 2.75 3.38147e-07 
5 214 2.75 3.18942e-07 
5 215 2.75 3.02308e-07 
5 216 2.75 2.89398e-07 
5 217 2.75 2.48376e-07 
5 218 2.76 2.71911e-07 
5 219 2.76 2.45825e-07 
5 220 2.76 2.37473e-07 
5 221 2.76 2.06698e-07 
5 222 2.76 2.36318e-07 
5 223 2.76 2.02257e-07 
5 224 2.76 1.68809e-07 
5 225 2.76 1.87771e-07 
5 226 2.77 1.79595e-07 
5 227 2.77 1.56821e-07 
5 228 2.77 1.55222e-07 
5 229 2.77 1.53281e-07 
5 230 2.77 1.54522e-07 
5 231 2.77 1.32059e-07 
5 232 2.77 1.17783e-07 
5 233 2.77 1.17199e-07 
5 234 2.78 1.28363e-07 
5 235 2.78 1.06797e-07 
5 236 2.78 1.12473e-07 
5 237 2.78 9.4633e-08 
5 238 2.78 1.01283e-07 
5 239 2.78 8.46029e-08 
5 240 2.78 9.0238e-08 
5 241 2.79 8.50879e-08 
5 242 2.79 6.78607e-08 
5 243 2.79 7.58613e-08 
5 244 2.79 7.18752e-08 
5 245 2.79 5.60884e-08 
5 246 2.79 6.4723e-08 
5 247 2.79 6.16064e-08 
5 248 2.79 5.80695e-08 
5 249 2.79 5.42196e-08 
5 250 2.8 4.42116e-08 
5 251 2.8 4.32237e-08 
5 252 2.8 4.79878e-08 
5 253 2.8 3.56952e-08 
5 254 2.8 4.39729e-08 
5 255 2.8 3.43752e-08 
5 256 2.8 2.86218e-08 
5 257 2.8 3.96614e-08 
5 258 2.8 2.53421e-08 
5 259 2.8 3.44964e-08 
5 260 2.81 2.33603e-08 
5 261 2.81 1.74639e-08 
5 262 2.81 3.27028e-08 
5 263 2.81 1.76468e-08 
5 264 2.81 1.45565e-08 
5 265 2.81 7.53859e-09 
5 266 2.81 6.57948e-09 
5 267 2.81 0 
6 0 2.84 1 
6 1 2.84 0.306238 
6 2 2.85 0.157434 
6 3 2.85 0.0853148 
6 4 2.85 0.0535538 
6 5 2.85 0.0360769 
6 6 2.86 0.0260447 
6 7 2.86 0.0199516 
6 8 2.86 0.016879 
6 9 2.87 0.0146087 
6 10 2.87 0.0128592 
6 11 2.87 0.0114613 
6 12 2.88 0.0103103 
6 13 2.88 0.00933948 
6 14 2.88 0.00850503 
6 15 2.89 0.00776079 
6 16 2.89 0.00714449 
6 17 2.89 0.00658818 
6 18 2.89 0.0060748 
6 19 2.9 0.00560728 
6 20 2.9 0.00516179 
6 21 2.9 0.00478539 
6 22 2.9 0.00443642 
6 23 2.9 0.00411903 
6 24 2.9 0.00383117 
6 25 2.91 0.00357105 
6 26 2.91 0.00340534 
6 27 2.91 0.00327616 
6 28 2.91 0.00314678 
6 29 2.91 0.003007 
6 30 2.92 0.00288483 
6 31 2.92 0.00276501 
6 32 2.92 0.00264765 
6 33 2.92 0.00253344 
6 34 2.92 0.00242279 
6 35 2.92 0.00231595 
6 36 2.92 0.00221303 
6 37 2.93 0.00211405 
6 38 2.93 0.00201898 
6 39 2.93 0.00192776 
6 40 2.93 0.00184028 
6 41 2.93 0.00175646 
6 42 2.93 0.00167618 
6 43 2.94 0.00159933 
6 44 2.94 0.00152579 
6 45 2.94 0.00145544 
6 46 2.94 0.00138816 
6 47 2.94 0.00132383 
6 48 2.94 0.00125434 
6 49 2.95 0.00118981 
6 50 2.95 0.00113639 
6 51 2.95 0.00108549 
6 52 2.95 0.00103637 
6 53 2.96 0.00108237 
6 54 2.96 0.000989879 
6 55 2.96 0.000926098 
6 56 2.96 0.000788789 
6 57 2.97 0.000781745 
6 58 2.97 0.000760018 
6 59 2.97 0.000732231 
6 60 2.97 0.000767076 
6 61 2.97 0.00070292 
6 62 2.97 0.000659073 
6 63 2.98 0.000564467 
6 64 2.98 0.000558999 
6 65 2.98 0.000543022 
6 66 2.98 0.000570208 
6 67 2.98 0.0005233 
6 68 2.98 0.000491338 
6 69 2.99 0.000466041 
6 70 2.99 0.000398971 
6 71 2.99 0.000396404 
6 72 2.99 0.000385486 
6 73 2.99 0.000371164 
6 74 2.99 0.00038645 
6 75 2.99 0.000354773 
6 76 3 0.000332934 
6 77 3 0.000287213 
6 78 3 0.000283707 
6 79 3 0.000274844 
6 80 3 0.000264441 
6 81 3 0.000273945 
6 82 3 0.000251373 
6 83 3 0.000236004 
6 84 3.01 0.000204077 
6 85 3.01 0.00020131 
6 86 3.01 0.00019486 
6 87 3.01 0.000202748 
6 88 3.01 0.000186183 
6 89 3.01 0.000175068 
6 90 3.02 0.000151654 
6 91 3.02 0.000149616 
6 92 3.02 0.000144804 
6 93 3.02 0.00015042 
6 94 3.02 0.000138155 
6 95 3.02 0.000129941 
6 96 3.03 0.000112737 
6 97 3.03 0.000111155 
6 98 3.03 0.000107533 
6 99 3.03 0.00011152 
6 100 3.03 0.000102445 
6 101 3.04 9.63677e-05 
6 102 3.04 8.37187e-05 
6 103 3.04 8.24964e-05 
6 104 3.04 7.97748e-05 
6 105 3.04 8.2613e-05 
6 106 3.05 7.59044e-05 
6 107 3.05 7.14085e-05 
6 108 3.05 6.21063e-05 
6 109 3.05 6.11689e-05 
6 110 3.05 5.91291e-05 
6 111 3.05 6.11555e-05 
6 112 3.06 5.61997e-05 
6 113 3.06 5.2875e-05 
6 114 3.06 4.60326e-05 
6 115 3.06 4.53182e-05 
6 116 3.06 4.37927e-05 
6 117 3.06 4.5243e-05 
6 118 3.06 4.15851e-05 
6 119 3.07 3.91272e-05 
6 120 3.07 3.40931e-05 
6 121 3.07 3.35515e-05 
6 122 3.07 3.24126e-05 
6 123 3.07 3.34522e-05 
6 124 3.07 3.07554e-05 
6 125 3.08 2.89384e-05 
6 126 3.08 2.52342e-05 
6 127 3.08 2.48251e-05 
6 128 3.08 2.58539e-05 
6 129 3.08 2.38015e-05 
6 130 3.08 2.2432e-05 
6 131 3.08 1.95732e-05 
6 132 3.09 1.9272e-05 
6 133 3.09 2.00806e-05 
6 134 3.09 1.84916e-05 
6 135 3.09 1.74319e-05 
6 136 3.09 1.52184e-05 
6 137 3.09 1.49832e-05 
6 138 3.09 1.56036e-05 
6 139 3.1 1.437e-05 
6 140 3.1 1.35472e-05 
6 141 3.1 1.18327e-05 
6 142 3.1 1.16473e-05 
6 143 3.1 1.21229e-05 
6 144 3.1 1.1165e-05 
6 145 3.11 1.0526e-05 
6 146 3.11 9.19782e-06 
6 147 3.11 9.05186e-06 
6 148 3.11 9.41659e-06 
6 149 3.11 8.67295e-06 
6 150 3.11 8.17674e-06 
6 151 3.11 7.14776e-06 
6 152 3.12 7.03302e-06 
6 153 3.12 7.31302e-06 
6 154 3.12 6.73581e-06 
6 155 3.12 6.35053e-06 
6 156 3.12 5.55331e-06 
6 157 3.12 5.46325e-06 
6 158 3.12 5.67839e-06 
6 159 3.13 5.23042e-06 
6 160 3.13 4.93131e-06 
6 161 3.13 4.67221e-06 
6 162 3.13 4.41139e-06 
6 163 3.13 3.86567e-06 
6 164 3.13 3.81627e-06 
6 165 3.13 3.97569e-06 
6 166 3.14 3.66495e-06 
6 167 3.14 3.45679e-06 
6 168 3.14 3.02552e-06 
6 169 3.14 2.97669e-06 
6 170 3.14 3.09235e-06 
6 171 3.14 2.84897e-06 
6 172 3.14 2.68617e-06 
6 173 3.15 2.54514e-06 
6 174 3.15 2.40304e-06 
6 175 3.15 2.10716e-06 
6 176 3.15 2.07958e-06 
6 177 3.15 2.16478e-06 
6 178 3.15 1.99577e-06 
6 179 3.15 1.88241e-06 
6 180 3.16 1.78427e-06 
6 181 3.16 1.68489e-06 
6 182 3.16 1.478e-06 
6 183 3.16 1.45868e-06 
6 184 3.16 1.51808e-06 
6 185 3.16 1.39968e-06 
6 186 3.16 1.3202e-06 
6 187 3.17 1.25139e-06 
6 188 3.17 1.18168e-06 
6 189 3.17 1.03688e-06 
6 190 3.17 1.02318e-06 
6 191 3.18 1.0645e-06 
6 192 3.18 9.81519e-07 
6 193 3.18 9.25772e-07 
6 194 3.18 8.77518e-07 
6 195 3.18 8.28625e-07 
6 196 3.18 7.27256e-07 
6 197 3.19 7.17561e-07 
6 198 3.19 7.46318e-07 
6 199 3.19 6.88167e-07 
6 200 3.19 6.4908e-07 
6 201 3.19 6.15242e-07 
6 202 3.19 5.80957e-07 
6 203 3.2 5.09991e-07 
6 204 3.2 5.03138e-07 
6 205 3.2 5.23171e-07 
6 206 3.2 4.82421e-07 
6 207 3.2 4.5502e-07 
6 208 3.21 4.31295e-07 
6 209 3.21 4.07258e-07 
6 210 3.21 3.57573e-07 
6 211 3.21 3.81172e-07 
6 212 3.21 3.52612e-07 
6 213 3.21 3.38358e-07 
6 214 3.22 2.89932e-07 
6 215 3.22 3.1701e-07 
6 216 3.22 2.88115e-07 
6 217 3.22 2.77017e-07 
6 218 3.22 2.39721e-07 
6 219 3.22 2.75015e-07 
6 220 3.22 2.35408e-07 
6 221 3.22 1.96203e-07 
6 222 3.23 2.18798e-07 
6 223 3.23 2.09756e-07 
6 224 3.23 1.83043e-07 
6 225 3.23 1.8094e-07 
6 226 3.23 1.7845e-07 
6 227 3.24 1.82765e-07 
6 228 3.24 1.52632e-07 
6 229 3.24 1.3669e-07 
6 230 3.24 1.36753e-07 
6 231 3.24 1.49354e-07 
6 232 3.24 1.2389e-07 
6 233 3.24 1.3271e-07 
6 234 3.25 1.11508e-07 
6 235 3.25 1.17516e-07 
6 236 3.25 1.10686e-07 
6 237 3.25 8.88501e-08 
6 238 3.25 9.84149e-08 
6 239 3.25 9.29886e-08 
6 240 3.25 7.33106e-08 
6 241 3.25 8.29256e-08 
6 242 3.25 7.91612e-08 
6 243 3.26 7.39884e-08 
6 244 3.26 5.80931e-08 
6 245 3.26 6.78242e-08 
6 246 3.26 6.53421e-08 
6 247 3.26 5.29822e-08 
6 248 3.26 5.89669e-08 
6 249 3.26 5.59285e-08 
6 250 3.26 3.9245e-08 
6 251 3.27 5.15878e-08 
6 252 3.27 3.48544e-08 
6 253 3.27 4.50333e-08 
6 254 3.27 3.1236e-08 
6 255 3.27 4.32896e-08 
6 256 3.27 2.81653e-08 
6 257 3.27 2.13126e-08 
6 258 3.27 3.65154e-08 
6 259 3.28 2.14589e-08 
6 260 3.28 2.01496e-08 
6 261 3.28 9.02205e-09 
6 262 3.28 7.59828e-09 
6 263 3.28 0 
7 0 3.31 1 
7 1 3.31 0.306238 
7 2 3.31 0.157434 
7 3 3.31 0.0853148 
7 4 3.32 0.0535538 
7 5 3.32 0.0360769 
7 6 3.32 0.0260447 
7 7 3.32 0.0199516 
7 8 3.32 0.016879 
7 9 3.33 0.0146087 
7 10 3.33 0.0128592 
7 11 3.33 0.0114613 
7 12 3.33 0.0103103 
7 13 3.34 0.00933948 
7 14 3.34 0.00850503 
7 15 3.34 0.00776079 
7 16 3.34 0.00714449 
7 17 3.35 0.00658819 
7 18 3.36 0.0060748 
7 19 3.36 0.00560728 
7 20 3.36 0.00516179 
7 21 3.36 0.00478539 
7 22 3.36 0.00443642 
7 23 3.36 0.00411903 
7 24 3.37 0.00383117 
7 25 3.37 0.00357105 
7 26 3.37 0.00340534 
7 27 3.37 0.00327616 
7 28 3.37 0.00314678 
7 29 3.37 0.003007 
7 30 3.37 0.00288483 
7 31 3.38 0.00276501 
7 32 3.38 0.00264765 
7 33 3.38 0.00253344 
7 34 3.38 0.00242279 
7 35 3.38 0.00231595 
7 36 3.38 0.00221303 
7 37 3.38 0.00211405 
7 38 3.39 0.00201898 
7 39 3.39 0.00192776 
7 40 3.39 0.00184028 
7 41 3.39 0.00175646 
7 42 3.39 0.00167618 
7 43 3.39 0.00159933 
7 44 3.39 0.00152579 
7 45 3.39 0.00145544 
7 46 3.4 0.00138816 
7 47 3.4 0.00132383 
7 48 3.4 0.00125434 
7 49 3.4 0.00118981 
7 50 3.4 0.00113639 
7 51 3.4 0.0010855 
7 52 3.41 0.00103637 
7 53 3.41 0.00108237 
7 54 3.41 0.000989879 
7 55 3.41 0.000926099 
7 56 3.41 0.000788789 
7 57 3.41 0.000781746 
7 58 3.41 0.000760019 
7 59 3.42 0.000732231 
7 60 3.42 0.000767076 
7 61 3.42 0.00070292 
7 62 3.42 0.000659073 
7 63 3.42 0.000564467 
7 64 3.42 0.000558999 
7 65 3.42 0.000543022 
7 66 3.43 0.000570208 
7 67 3.43 0.0005233 
7 68 3.43 0.000491338 
7 69 3.43 0.000466041 
7 70 3.43 0.000398971 
7 71 3.43 0.000396404 
7 72 3.44 0.000385487 
7 73 3.44 0.000371164 
7 74 3.44 0.00038645 
7 75 3.44 0.000354773 
7 76 3.44 0.000332934 
7 77 3.44 0.000287213 
7 78 3.44 0.000283707 
7 79 3.45 0.000274844 
7 80 3.45 0.000264441 
7 81 3.45 0.000273945 
7 82 3.45 0.000251373 
7 83 3.45 0.000236004 
7 84 3.45 0.000204077 
7 85 3.45 0.00020131 
7 86 3.46 0.00019486 
7 87 3.46 0.000202749 
7 88 3.46 0.000186183 
7 89 3.46 0.000175069 
7 90 3.46 0.000151654 
7 91 3.46 0.000149616 
7 92 3.46 0.000144804 
7 93 3.46 0.00015042 
7 94 3.47 0.000138155 
7 95 3.47 0.000129941 
7 96 3.47 0.000112737 
7 97 3.47 0.000111155 
7 98 3.47 0.000107533 
7 99 3.48 0.00011152 
7 100 3.48 0.000102445 
7 101 3.48 9.63678e-05 
7 102 3.48 8.37188e-05 
7 103 3.48 8.24964e-05 
7 104 3.48 7.97748e-05 
7 105 3.48 8.2613e-05 
7 106 3.48 7.59045e-05 
7 107 3.49 7.14085e-05 
7 108 3.49 6.21063e-05 
7 109 3.49 6.1169e-05 
7 110 3.49 5.91291e-05 
7 111 3.49 6.11555e-05 
7 112 3.49 5.61997e-05 
7 113 3.5 5.2875e-05 
7 114 3.5 4.60326e-05 
7 115 3.5 4.53182e-05 
7 116 3.5 4.37927e-05 
7 117 3.51 4.5243e-05 
7 118 3.51 4.15852e-05 
7 119 3.51 3.91272e-05 
7 120 3.51 3.40932e-05 
7 121 3.51 3.35515e-05 
7 122 3.52 3.24126e-05 
7 123 3.52 3.34522e-05 
7 124 3.52 3.07554e-05 
7 125 3.52 2.89384e-05 
7 126 3.52 2.52342e-05 
7 127 3.53 2.48251e-05 
7 128 3.53 2.58539e-05 
7 129 3.53 2.38015e-05 
7 130 3.53 2.2432e-05 
7 131 3.53 1.95732e-05 
7 132 3.53 1.9272e-05 
7 133 3.53 2.00806e-05 
7 134 3.54 1.84916e-05 
7 135 3.54 1.74319e-05 
7 136 3.54 1.52184e-05 
7 137 3.54 1.49832e-05 
7 138 3.54 1.56036e-05 
7 139 3.54 1.437e-05 
7 140 3.55 1.35472e-05 
7 141 3.55 1.18327e-05 
7 142 3.55 1.16473e-05 
7 143 3.55 1.21229e-05 
7 144 3.55 1.1165e-05 
7 145 3.55 1.0526e-05 
7 146 3.56 9.19783e-06 
7 147 3.56 9.05186e-06 
7 148 3.56 9.41659e-06 
7 149 3.56 8.67295e-06 
7 150 3.56 8.17674e-06 
7 151 3.57 7.14777e-06 
7 152 3.57 7.03303e-06 
7 153 3.57 7.31303e-06 
7 154 3.57 6.73581e-06 
7 155 3.57 6.35053e-06 
7 156 3.58 5.55331e-06 
7 157 3.58 5.46325e-06 
7 158 3.58 5.67839e-06 
7 159 3.58 5.23042e-06 
7 160 3.58 4.93131e-06 
7 161 3.58 4.67221e-06 
7 162 3.58 4.4114e-06 
7 163 3.59 3.86567e-06 
7 164 3.59 3.81627e-06 
7 165 3.59 3.97569e-06 
7 166 3.59 3.66495e-06 
7 167 3.6 3.45679e-06 
7 168 3.6 3.02552e-06 
7 169 3.6 2.97669e-06 
7 170 3.6 3.09235e-06 
7 171 3.6 2.84897e-06 
7 172 3.6 2.68617e-06 
7 173 3.6 2.54514e-06 
7 174 3.61 2.40304e-06 
7 175 3.61 2.10716e-06 
7 176 3.61 2.07958e-06 
7 177 3.61 2.16478e-06 
7 178 3.61 1.99577e-06 
7 179 3.61 1.88241e-06 
7 180 3.61 1.78427e-06 
7 181 3.61 1.68489e-06 
7 182 3.61 1.478e-06 
7 183 3.61 1.45868e-06 
7 184 3.61 1.51808e-06 
7 185 3.61 1.39969e-06 
7 186 3.61 1.3202e-06 
7 187 3.62 1.25139e-06 
7 188 3.63 1.18168e-06 
7 189 3.63 1.03688e-06 
7 190 3.63 1.02318e-06 
7 191 3.63 1.0645e-06 
7 192 3.63 9.81519e-07 
7 193 3.63 9.25772e-07 
7 194 3.63 8.77519e-07 
7 195 3.63 8.28625e-07 
7 196 3.64 7.27256e-07 
7 197 3.64 7.17561e-07 
7 198 3.64 7.46319e-07 
7 199 3.64 6.88167e-07 
7 200 3.64 6.4908e-07 
7 201 3.64 6.15242e-07 
7 202 3.64 5.80957e-07 
7 203 3.65 5.09991e-07 
7 204 3.65 5.03138e-07 
7 205 3.65 5.23171e-07 
7 206 3.65 4.82421e-07 
7 207 3.65 4.55021e-07 
7 208 3.65 4.31295e-07 
7 209 3.65 4.12895e-07 
7 210 3.66 3.5429e-07 
7 211 3.66 3.87977e-07 
7 212 3.66 3.50725e-07 
7 213 3.66 3.3883e-07 
7 214 3.66 2.91696e-07 
7 215 3.66 3.17024e-07 
7 216 3.67 2.87637e-07 
7 217 3.67 2.75608e-07 
7 218 3.67 2.69233e-07 
7 219 3.67 2.37516e-07 
7 220 3.67 2.33593e-07 
7 221 3.67 2.29809e-07 
7 222 3.68 2.02139e-07 
7 223 3.68 2.00935e-07 
7 224 3.68 1.96805e-07 
7 225 3.68 2.02024e-07 
7 226 3.68 1.69699e-07 
7 227 3.68 1.78752e-07 
7 228 3.68 1.4818e-07 
7 229 3.68 1.58944e-07 
7 230 3.69 1.30755e-07 
7 231 3.69 1.41882e-07 
7 232 3.69 1.20371e-07 
7 233 3.69 1.28546e-07 
7 234 3.69 1.21187e-07 
7 235 3.69 9.64149e-08 
7 236 3.69 1.07951e-07 
7 237 3.7 1.02273e-07 
7 238 3.7 7.99595e-08 
7 239 3.7 9.14487e-08 
7 240 3.7 8.80131e-08 
7 241 3.7 8.30215e-08 
7 242 3.7 7.75117e-08 
7 243 3.7 6.32441e-08 
7 244 3.7 6.98685e-08 
7 245 3.7 5.95351e-08 
7 246 3.71 6.58363e-08 
7 247 3.71 4.71436e-08 
7 248 3.71 5.84432e-08 
7 249 3.71 4.10632e-08 
7 250 3.71 5.34478e-08 
7 251 3.71 3.68531e-08 
7 252 3.71 5.04464e-08 
7 253 3.71 3.28606e-08 
7 254 3.72 2.47538e-08 
7 255 3.72 4.59077e-08 
7 256 3.73 2.51094e-08 
7 257 3.73 2.2442e-08 
7 258 3.73 1.03256e-08 
7 259 3.73 8.77363e-09 
7 260 3.73 0 
8 0 3.75 1 
8 1 3.75 0.306238 
8 2 3.76 0.157434 
8 3 3.76 0.0853148 
8 4 3.76 0.0535538 
8 5 3.77 0.0360769 
8 6 3.77 0.0260448 
8 7 3.77 0.0199516 
8 8 3.77 0.016879 
8 9 3.78 0.0146087 
8 10 3.78 0.0128592 
8 11 3.78 0.0114613 
8 12 3.78 0.0103103 
8 13 3.79 0.00933948 
8 14 3.79 0.00850503 
8 15 3.8 0.00776079 
8 16 3.8 0.0071445 
8 17 3.8 0.00658819 
8 18 3.81 0.0060748 
8 19 3.81 0.00560728 
8 20 3.81 0.00516179 
8 21 3.81 0.00478539 
8 22 3.81 0.00443642 
8 23 3.81 0.00411903 
8 24 3.82 0.00383117 
8 25 3.82 0.00357105 
8 26 3.82 0.00340534 
8 27 3.82 0.00327616 
8 28 3.82 0.00314678 
8 29 3.82 0.003007 
8 30 3.83 0.00288483 
8 31 3.83 0.00276501 
8 32 3.83 0.00264766 
8 33 3.83 0.00253344 
8 34 3.83 0.00242279 
8 35 3.83 0.00231595 
8 36 3.83 0.00221303 
8 37 3.84 0.00211405 
8 38 3.84 0.00201898 
8 39 3.84 0.00192776 
8 40 3.84 0.00184028 
8 41 3.84 0.00175646 
8 42 3.84 0.00167618 
8 43 3.84 0.00159933 
8 44 3.85 0.00152579 
8 45 3.85 0.00145544 
8 46 3.85 0.00138816 
8 47 3.85 0.00132383 
8 48 3.85 0.00125434 
8 49 3.85 0.00118981 
8 50 3.85 0.00113639 
8 51 3.86 0.0010855 
8 52 3.86 0.00103637 
8 53 3.86 0.00108237 
8 54 3.86 0.000989879 
8 55 3.86 0.000926099 
8 56 3.86 0.00078879 
8 57 3.87 0.000781746 
8 58 3.87 0.000760019 
8 59 3.87 0.000732232 
8 60 3.87 0.000767076 
8 61 3.87 0.00070292 
8 62 3.87 0.000659073 
8 63 3.87 0.000564467 
8 64 3.88 0.000558999 
8 65 3.88 0.000543022 
8 66 3.88 0.000570209 
8 67 3.88 0.0005233 
8 68 3.88 0.000491338 
8 69 3.88 0.000466041 
8 70 3.88 0.000398972 
8 71 3.89 0.000396404 
8 72 3.89 0.000385487 
8 73 3.89 0.000371164 
8 74 3.89 0.00038645 
8 75 3.89 0.000354773 
8 76 3.89 0.000332935 
8 77 3.89 0.000287213 
8 78 3.9 0.000283707 
8 79 3.9 0.000274845 
8 80 3.9 0.000264441 
8 81 3.9 0.000273945 
8 82 3.9 0.000251373 
8 83 3.9 0.000236004 
8 84 3.91 0.000204078 
8 85 3.91 0.00020131 
8 86 3.91 0.00019486 
8 87 3.91 0.000202749 
8 88 3.92 0.000186183 
8 89 3.92 0.000175069 
8 90 3.93 0.000151654 
8 91 3.93 0.000149616 
8 92 3.94 0.000144804 
8 93 3.94 0.00015042 
8 94 3.94 0.000138155 
8 95 3.94 0.000129942 
8 96 3.94 0.000112737 
8 97 3.95 0.000111155 
8 98 3.95 0.000107533 
8 99 3.95 0.00011152 
8 100 3.95 0.000102445 
8 101 3.95 9.63678e-05 
8 102 3.96 8.37188e-05 
8 103 3.96 8.24965e-05 
8 104 3.96 7.97749e-05 
8 105 3.96 8.2613e-05 
8 106 3.97 7.59045e-05 
8 107 3.97 7.14085e-05 
8 108 3.97 6.21064e-05 
8 109 3.97 6.1169e-05 
8 110 3.97 5.91291e-05 
8 111 3.97 6.11555e-05 
8 112 3.98 5.61997e-05 
8 113 3.98 5.2875e-05 
8 114 3.98 4.60326e-05 
8 115 3.98 4.53183e-05 
8 116 3.98 4.37927e-05 
8 117 3.98 4.5243e-05 
8 118 3.98 4.15852e-05 
8 119 3.99 3.91272e-05 
8 120 3.99 3.40932e-05 
8 121 3.99 3.35515e-05 
8 122 3.99 3.24126e-05 
8 123 3.99 3.34522e-05 
8 124 3.99 3.07554e-05 
8 125 3.99 2.89384e-05 
8 126 4 2.52342e-05 
8 127 4 2.48251e-05 
8 128 4 2.58539e-05 
8 129 4 2.38015e-05 
8 130 4 2.2432e-05 
8 131 4 1.95732e-05 
8 132 4 1.92721e-05 
8 133 4.01 2.00806e-05 
8 134 4.01 1.84916e-05 
8 135 4.01 1.74319e-05 
8 136 4.01 1.52184e-05 
8 137 4.01 1.49832e-05 
8 138 4.01 1.56036e-05 
8 139 4.01 1.437e-05 
8 140 4.02 1.35472e-05 
8 141 4.02 1.18327e-05 
8 142 4.02 1.16473e-05 
8 143 4.02 1.21229e-05 
8 144 4.02 1.1165e-05 
8 145 4.02 1.0526e-05 
8 146 4.03 9.19783e-06 
8 147 4.03 9.05187e-06 
8 148 4.03 9.4166e-06 
8 149 4.03 8.67295e-06 
8 150 4.03 8.17674e-06 
8 151 4.03 7.14777e-06 
8 152 4.04 7.03303e-06 
8 153 4.04 7.31303e-06 
8 154 4.04 6.73581e-06 
8 155 4.04 6.35053e-06 
8 156 4.04 5.55331e-06 
8 157 4.05 5.46325e-06 
8 158 4.05 5.67839e-06 
8 159 4.05 5.23042e-06 
8 160 4.05 4.93131e-06 
8 161 4.06 4.67221e-06 
8 162 4.06 4.4114e-06 
8 163 4.06 3.86567e-06 
8 164 4.07 3.81627e-06 
8 165 4.07 3.9757e-06 
8 166 4.07 3.66495e-06 
8 167 4.07 3.4568e-06 
8 168 4.08 3.02552e-06 
8 169 4.08 2.97669e-06 
8 170 4.08 3.09235e-06 
8 171 4.08 2.84897e-06 
8 172 4.08 2.68617e-06 
8 173 4.09 2.54514e-06 
8 174 4.09 2.40305e-06 
8 175 4.09 2.10716e-06 
8 176 4.09 2.07958e-06 
8 177 4.09 2.16478e-06 
8 178 4.1 1.99577e-06 
8 179 4.1 1.88241e-06 
8 180 4.1 1.78427e-06 
8 181 4.1 1.6849e-06 
8 182 4.1 1.478e-06 
8 183 4.1 1.45868e-06 
8 184 4.11 1.51808e-06 
8 185 4.11 1.39969e-06 
8 186 4.11 1.3202e-06 
8 187 4.11 1.25139e-06 
8 188 4.12 1.18168e-06 
8 189 4.12 1.03688e-06 
8 190 4.12 1.02318e-06 
8 191 4.12 1.0645e-06 
8 192 4.12 9.81519e-07 
8 193 4.13 9.25772e-07 
8 194 4.13 8.77519e-07 
8 195 4.13 8.28626e-07 
8 196 4.13 7.27257e-07 
8 197 4.13 7.17561e-07 
8 198 4.14 7.46319e-07 
8 199 4.14 6.88167e-07 
8 200 4.14 6.4908e-07 
8 201 4.14 6.15242e-07 
8 202 4.14 5.80958e-07 
8 203 4.15 5.09991e-07 
8 204 4.15 5.03138e-07 
8 205 4.15 5.23172e-07 
8 206 4.15 4.82421e-07 
8 207 4.15 4.61093e-07 
8 208 4.16 3.95207e-07 
8 209 4.16 4.30714e-07 
8 210 4.16 3.8916e-07 
8 211 4.16 3.75583e-07 
8 212 4.16 3.26868e-07 
8 213 4.16 3.73263e-07 
8 214 4.16 3.19687e-07 
8 215 4.17 2.66609e-07 
8 216 4.17 2.96644e-07 
8 217 4.17 2.83645e-07 
8 218 4.17 2.47607e-07 
8 219 4.17 2.45198e-07 
8 220 4.17 2.42171e-07 
8 221 4.17 2.45063e-07 
8 222 4.17 2.08505e-07 
8 223 4.18 1.85518e-07 
8 224 4.18 1.85203e-07 
8 225 4.18 2.02871e-07 
8 226 4.18 1.6872e-07 
8 227 4.18 1.77473e-07 
8 228 4.18 1.51909e-07 
8 229 4.18 1.59853e-07 
8 230 4.19 1.33358e-07 
8 231 4.19 1.42317e-07 
8 232 4.19 1.34194e-07 
8 233 4.19 1.06922e-07 
8 234 4.19 1.19701e-07 
8 235 4.19 1.13424e-07 
8 236 4.19 8.8424e-08 
8 237 4.19 1.02126e-07 
8 238 4.19 9.72131e-08 
8 239 4.2 9.16321e-08 
8 240 4.2 8.55559e-08 
8 241 4.2 8.04604e-08 
8 242 4.2 5.48088e-08 
8 243 4.2 7.54232e-08 
8 244 4.2 5.65946e-08 
8 245 4.2 6.93133e-08 
8 246 4.2 4.91273e-08 
8 247 4.2 6.5132e-08 
8 248 4.2 4.3092e-08 
8 249 4.21 5.65229e-08 
8 250 4.21 3.93549e-08 
8 251 4.21 4.1549e-08 
8 252 4.21 2.06493e-08 
8 253 4.21 2.39243e-08 
8 254 4.21 1.29834e-08 
8 255 4.21 1.124e-08 
8 256 4.21 0 
9 0 4.23 1 
9 1 4.23 0.306238 
9 2 4.24 0.157434 
9 3 4.24 0.0853148 
9 4 4.24 0.0535538 
9 5 4.24 0.0360769 
9 6 4.25 0.0260448 
9 7 4.25 0.0199516 
9 8 4.25 0.016879 
9 9 4.25 0.0146087 
9 10 4.26 0.0128592 
9 11 4.26 0.0114613 
9 12 4.26 0.0103103 
9 13 4.26 0.00933948 
9 14 4.27 0.00850503 
9 15 4.27 0.00776079 
9 16 4.27 0.0071445 
9 17 4.27 0.00658819 
9 18 4.28 0.0060748 
9 19 4.28 0.00560728 
9 20 4.28 0.00516179 
9 21 4.28 0.00478539 
9 22 4.29 0.00443643 
9 23 4.29 0.00411903 
9 24 4.29 0.00383118 
9 25 4.29 0.00357106 
9 26 4.29 0.00340534 
9 27 4.3 0.00327616 
9 28 4.3 0.00314678 
9 29 4.3 0.003007 
9 30 4.3 0.00288483 
9 31 4.3 0.00276502 
9 32 4.3 0.00264766 
9 33 4.31 0.00253344 
9 34 4.31 0.00242279 
9 35 4.31 0.00231595 
9 36 4.31 0.00221303 
9 37 4.31 0.00211405 
9 38 4.32 0.00201898 
9 39 4.32 0.00192776 
9 40 4.32 0.00184028 
9 41 4.32 0.00175646 
9 42 4.32 0.00167619 
9 43 4.33 0.00159933 
9 44 4.33 0.00152579 
9 45 4.33 0.00145544 
9 46 4.33 0.00138816 
9 47 4.33 0.00132383 
9 48 4.33 0.00125435 
9 49 4.33 0.00118981 
9 50 4.34 0.00113639 
9 51 4.34 0.0010855 
9 52 4.34 0.00103637 
9 53 4.34 0.00108237 
9 54 4.34 0.00098988 
9 55 4.34 0.000926099 
9 56 4.34 0.00078879 
9 57 4.35 0.000781746 
9 58 4.35 0.000760019 
9 59 4.35 0.000732232 
9 60 4.35 0.000767077 
9 61 4.35 0.000702921 
9 62 4.35 0.000659074 
9 63 4.35 0.000564467 
9 64 4.36 0.000558999 
9 65 4.36 0.000543023 
9 66 4.36 0.000570209 
9 67 4.36 0.0005233 
9 68 4.36 0.000491338 
9 69 4.36 0.000466042 
9 70 4.37 0.000398972 
9 71 4.37 0.000396404 
9 72 4.37 0.000385487 
9 73 4.37 0.000371164 
9 74 4.37 0.00038645 
9 75 4.37 0.000354773 
9 76 4.38 0.000332935 
9 77 4.38 0.000287213 
9 78 4.38 0.000283707 
9 79 4.38 0.000274845 
9 80 4.38 0.000264441 
9 81 4.38 0.000273945 
9 82 4.39 0.000251373 
9 83 4.39 0.000236004 
9 84 4.39 0.000204078 
9 85 4.39 0.00020131 
9 86 4.39 0.00019486 
9 87 4.39 0.000202749 
9 88 4.39 0.000186183 
9 89 4.4 0.000175069 
9 90 4.4 0.000151654 
9 91 4.4 0.000149616 
9 92 4.4 0.000144804 
9 93 4.4 0.00015042 
9 94 4.4 0.000138156 
9 95 4.4 0.000129942 
9 96 4.41 0.000112737 
9 97 4.41 0.000111155 
9 98 4.41 0.000107533 
9 99 4.41 0.00011152 
9 100 4.41 0.000102446 
9 101 4.41 9.63678e-05 
9 102 4.41 8.37188e-05 
9 103 4.42 8.24965e-05 
9 104 4.42 7.97749e-05 
9 105 4.42 8.26131e-05 
9 106 4.42 7.59045e-05 
9 107 4.42 7.14085e-05 
9 108 4.42 6.21064e-05 
9 109 4.42 6.1169e-05 
9 110 4.43 5.91291e-05 
9 111 4.43 6.11555e-05 
9 112 4.43 5.61998e-05 
9 113 4.43 5.2875e-05 
9 114 4.43 4.60326e-05 
9 115 4.43 4.53183e-05 
9 116 4.43 4.37927e-05 
9 117 4.44 4.52431e-05 
9 118 4.44 4.15852e-05 
9 119 4.44 3.91272e-05 
9 120 4.44 3.40932e-05 
9 121 4.44 3.35515e-05 
9 122 4.44 3.24127e-05 
9 123 4.44 3.34523e-05 
9 124 4.45 3.07554e-05 
9 125 4.45 2.89384e-05 
9 126 4.45 2.52342e-05 
9 127 4.45 2.48251e-05 
9 128 4.45 2.58539e-05 
9 129 4.45 2.38015e-05 
9 130 4.46 2.2432e-05 
9 131 4.46 1.95732e-05 
9 132 4.46 1.92721e-05 
9 133 4.46 2.00806e-05 
9 134 4.46 1.84916e-05 
9 135 4.46 1.74319e-05 
9 136 4.47 1.52184e-05 
9 137 4.47 1.49832e-05 
9 138 4.47 1.56036e-05 
9 139 4.47 1.437e-05 
9 140 4.47 1.35472e-05 
9 141 4.47 1.18327e-05 
9 142 4.48 1.16473e-05 
9 143 4.48 1.21229e-05 
9 144 4.48 1.1165e-05 
9 145 4.48 1.0526e-05 
9 146 4.48 9.19783e-06 
9 147 4.49 9.05187e-06 
9 148 4.49 9.4166e-06 
9 149 4.49 8.67295e-06 
9 150 4.49 8.17675e-06 
9 151 4.49 7.14777e-06 
9 152 4.49 7.03303e-06 
9 153 4.49 7.31303e-06 
9 154 4.5 6.73581e-06 
9 155 4.5 6.35053e-06 
9 156 4.5 5.55331e-06 
9 157 4.5 5.46325e-06 
9 158 4.5 5.67839e-06 
9 159 4.5 5.23042e-06 
9 160 4.51 4.93132e-06 
9 161 4.51 4.67221e-06 
9 162 4.51 4.4114e-06 
9 163 4.51 3.86567e-06 
9 164 4.51 3.81628e-06 
9 165 4.52 3.9757e-06 
9 166 4.52 3.66495e-06 
9 167 4.52 3.4568e-06 
9 168 4.52 3.02552e-06 
9 169 4.52 2.97669e-06 
9 170 4.53 3.09235e-06 
9 171 4.53 2.84898e-06 
9 172 4.53 2.68617e-06 
9 173 4.53 2.54514e-06 
9 174 4.53 2.40305e-06 
9 175 4.53 2.10716e-06 
9 176 4.54 2.07958e-06 
9 177 4.54 2.16478e-06 
9 178 4.54 1.99577e-06 
9 179 4.54 1.88241e-06 
9 180 4.54 1.78427e-06 
9 181 4.54 1.6849e-06 
9 182 4.55 1.478e-06 
9 183 4.55 1.45868e-06 
9 184 4.55 1.51808e-06 
9 185 4.55 1.39969e-06 
9 186 4.55 1.3202e-06 
9 187 4.55 1.25139e-06 
9 188 4.55 1.18169e-06 
9 189 4.55 1.03688e-06 
9 190 4.56 1.02318e-06 
9 191 4.56 1.0645e-06 
9 192 4.56 9.8152e-07 
9 193 4.56 9.25773e-07 
9 194 4.56 8.77519e-07 
9 195 4.56 8.28626e-07 
9 196 4.57 7.27257e-07 
9 197 4.57 7.17562e-07 
9 198 4.57 7.46319e-07 
9 199 4.57 6.88167e-07 
9 200 4.57 6.4908e-07 
9 201 4.57 6.15243e-07 
9 202 4.58 5.80958e-07 
9 203 4.58 5.09991e-07 
9 204 4.58 5.43794e-07 
9 205 4.58 5.0304e-07 
9 206 4.58 4.82729e-07 
9 207 4.59 4.16417e-07 
9 208 4.59 4.52356e-07 
9 209 4.59 4.10252e-07 
9 210 4.59 3.94665e-07 
9 211 4.59 3.41329e-07 
9 212 4.59 3.92245e-07 
9 213 4.59 3.36248e-07 
9 214 4.6 2.78815e-07 
9 215 4.6 3.12355e-07 
9 216 4.6 2.99309e-07 
9 217 4.6 2.61058e-07 
9 218 4.6 2.60039e-07 
9 219 4.6 2.54281e-07 
9 220 4.61 2.60657e-07 
9 221 4.61 2.19073e-07 
9 222 4.61 2.30604e-07 
9 223 4.61 1.91172e-07 
9 224 4.61 2.0492e-07 
9 225 4.62 1.68602e-07 
9 226 4.62 1.82898e-07 
9 227 4.62 1.55179e-07 
9 228 4.62 1.65709e-07 
9 229 4.62 1.37132e-07 
9 230 4.62 1.4795e-07 
9 231 4.63 1.39853e-07 
9 232 4.63 1.10094e-07 
9 233 4.63 1.24493e-07 
9 234 4.63 1.18397e-07 
9 235 4.63 1.10939e-07 
9 236 4.63 8.75655e-08 
9 237 4.63 1.01813e-07 
9 238 4.63 9.68978e-08 
9 239 4.63 7.99314e-08 
9 240 4.63 8.85357e-08 
9 241 4.63 8.40634e-08 
9 242 4.64 5.91728e-08 
9 243 4.64 7.50517e-08 
9 244 4.64 5.31573e-08 
9 245 4.64 7.07104e-08 
9 246 4.64 4.63414e-08 
9 247 4.64 6.48841e-08 
9 248 4.64 4.22078e-08 
9 249 4.64 3.20015e-08 
9 250 4.65 5.90232e-08 
9 251 4.65 3.2675e-08 
9 252 4.65 2.8881e-08 
9 253 4.65 1.33417e-08 
9 254 4.65 1.13452e-08 
9 255 4.65 0 
10 0 4.68 1 
10 1 4.68 0.306238 
10 2 4.68 0.157434 
10 3 4.69 0.0853148 
10 4 4.69 0.0535538 
10 5 4.69 0.0360769 
10 6 4.69 0.0260448 
10 7 4.69 0.0199516 
10 8 4.69 0.016879 
10 9 4.71 0.0146087 
10 10 4.71 0.0128592 
10 11 4.71 0.0114613 
10 12 4.72 0.0103103 
10 13 4.72 0.00933948 
10 14 4.73 0.00850503 
10 15 4.73 0.00776079 
10 16 4.73 0.0071445 
10 17 4.74 0.00658819 
10 18 4.74 0.0060748 
10 19 4.74 0.00560728 
10 20 4.74 0.00516179 
10 21 4.74 0.00478539 
10 22 4.75 0.00443643 
10 23 4.75 0.00411903 
10 24 4.75 0.00383118 
10 25 4.75 0.00357106 
10 26 4.75 0.00340534 
10 27 4.75 0.00327616 
10 28 4.75 0.00314678 
10 29 4.76 0.003007 
10 30 4.76 0.00288483 
10 31 4.76 0.00276502 
10 32 4.76 0.00264766 
10 33 4.76 0.00253344 
10 34 4.77 0.00242279 
10 35 4.77 0.00231595 
10 36 4.77 0.00221303 
10 37 4.77 0.00211405 
10 38 4.77 0.00201898 
10 39 4.78 0.00192776 
10 40 4.78 0.00184028 
10 41 4.78 0.00175646 
10 42 4.78 0.00167619 
10 43 4.79 0.00159933 
10 44 4.79 0.00152579 
10 45 4.79 0.00145544 
10 46 4.79 0.00138816 
10 47 4.79 0.00132384 
10 48 4.8 0.00125435 
10 49 4.8 0.00118981 
10 50 4.8 0.00113639 
10 51 4.8 0.0010855 
10 52 4.81 0.00103637 
10 53 4.81 0.00108237 
10 54 4.81 0.00098988 
10 55 4.81 0.0009261 
10 56 4.81 0.00078879 
10 57 4.82 0.000781746 
10 58 4.82 0.000760019 
10 59 4.82 0.000732232 
10 60 4.82 0.000767077 
10 61 4.82 0.000702921 
10 62 4.82 0.000659074 
10 63 4.82 0.000564468 
10 64 4.83 0.000558999 
10 65 4.83 0.000543023 
10 66 4.83 0.000570209 
10 67 4.83 0.0005233 
10 68 4.83 0.000491338 
10 69 4.83 0.000466042 
10 70 4.83 0.000398972 
10 71 4.84 0.000396405 
10 72 4.84 0.000385487 
10 73 4.84 0.000371164 
10 74 4.84 0.00038645 
10 75 4.84 0.000354773 
10 76 4.84 0.000332935 
10 77 4.84 0.000287213 
10 78 4.85 0.000283707 
10 79 4.85 0.000274845 
10 80 4.85 0.000264441 
10 81 4.85 0.000273945 
10 82 4.85 0.000251373 
10 83 4.85 0.000236004 
10 84 4.85 0.000204078 
10 85 4.86 0.00020131 
10 86 4.86 0.00019486 
10 87 4.86 0.000202749 
10 88 4.86 0.000186183 
10 89 4.86 0.000175069 
10 90 4.86 0.000151654 
10 91 4.86 0.000149616 
10 92 4.87 0.000144804 
10 93 4.87 0.00015042 
10 94 4.87 0.000138156 
10 95 4.87 0.000129942 
10 96 4.87 0.000112737 
10 97 4.87 0.000111155 
10 98 4.87 0.000107533 
10 99 4.88 0.00011152 
10 100 4.88 0.000102446 
10 101 4.88 9.63679e-05 
10 102 4.88 8.37188e-05 
10 103 4.88 8.24965e-05 
10 104 4.88 7.97749e-05 
10 105 4.88 8.26131e-05 
10 106 4.88 7.59045e-05 
10 107 4.89 7.14085e-05 
10 108 4.89 6.21064e-05 
10 109 4.89 6.1169e-05 
10 110 4.89 5.91291e-05 
10 111 4.89 6.11555e-05 
10 112 4.89 5.61998e-05 
10 113 4.89 5.2875e-05 
10 114 4.9 4.60327e-05 
10 115 4.9 4.53183e-05 
10 116 4.9 4.37927e-05 
10 117 4.9 4.52431e-05 
10 118 4.9 4.15852e-05 
10 119 4.9 3.91273e-05 
10 120 4.9 3.40932e-05 
10 121 4.91 3.35515e-05 
10 122 4.91 3.24127e-05 
10 123 4.91 3.34523e-05 
10 124 4.91 3.07554e-05 
10 125 4.91 2.89384e-05 
10 126 4.91 2.52342e-05 
10 127 4.91 2.48251e-05 
10 128 4.92 2.58539e-05 
10 129 4.92 2.38015e-05 
10 130 4.92 2.2432e-05 
10 131 4.92 1.95732e-05 
10 132 4.92 1.92721e-05 
10 133 4.92 2.00806e-05 
10 134 4.92 1.84916e-05 
10 135 4.93 1.74319e-05 
10 136 4.93 1.52184e-05 
10 137 4.93 1.49832e-05 
10 138 4.93 1.56036e-05 
10 139 4.93 1.437e-05 
10 140 4.93 1.35472e-05 
10 141 4.93 1.18327e-05 
10 142 4.94 1.16473e-05 
10 143 4.94 1.21229e-05 
10 144 4.94 1.1165e-05 
10 145 4.94 1.0526e-05 
10 146 4.94 9.19783e-06 
10 147 4.94 9.05187e-06 
10 148 4.94 9.4166e-06 
10 149 4.95 8.67295e-06 
10 150 4.95 8.17675e-06 
10 151 4.95 7.14777e-06 
10 152 4.95 7.03303e-06 
10 153 4.95 7.31303e-06 
10 154 4.96 6.73581e-06 
10 155 4.96 6.35054e-06 
10 156 4.96 5.55331e-06 
10 157 4.96 5.46325e-06 
10 158 4.96 5.67839e-06 
10 159 4.96 5.23042e-06 
10 160 4.97 4.93132e-06 
10 161 4.97 4.67221e-06 
10 162 4.97 4.4114e-06 
10 163 4.97 3.86567e-06 
10 164 4.97 3.81628e-06 
10 165 4.97 3.9757e-06 
10 166 4.98 3.66495e-06 
10 167 4.98 3.4568e-06 
10 168 4.98 3.02552e-06 
10 169 4.98 2.97669e-06 
10 170 4.98 3.09236e-06 
10 171 4.98 2.84898e-06 
10 172 4.99 2.68617e-06 
10 173 4.99 2.54514e-06 
10 174 4.99 2.40305e-06 
10 175 4.99 2.10716e-06 
10 176 4.99 2.07958e-06 
10 177 4.99 2.16478e-06 
10 178 4.99 1.99577e-06 
10 179 5 1.88241e-06 
10 180 5 1.78427e-06 
10 181 5 1.6849e-06 
10 182 5 1.478e-06 
10 183 5 1.45868e-06 
10 184 5 1.51808e-06 
10 185 5 1.39969e-06 
10 186 5 1.3202e-06 
10 187 5.01 1.25139e-06 
10 188 5.01 1.18169e-06 
10 189 5.01 1.03688e-06 
10 190 5.01 1.02318e-06 
10 191 5.01 1.0645e-06 
10 192 5.01 9.8152e-07 
10 193 5.01 9.25773e-07 
10 194 5.02 8.77519e-07 
10 195 5.02 8.28626e-07 
10 196 5.02 7.27257e-07 
10 197 5.02 7.17562e-07 
10 198 5.02 7.46319e-07 
10 199 5.02 6.88167e-07 
10 200 5.02 6.49081e-07 
10 201 5.03 6.15243e-07 
10 202 5.03 5.89026e-07 
10 203 5.03 5.05294e-07 
10 204 5.03 5.53531e-07 
10 205 5.03 5.00333e-07 
10 206 5.03 4.83399e-07 
10 207 5.04 4.16057e-07 
10 208 5.04 4.52328e-07 
10 209 5.04 4.10365e-07 
10 210 5.04 3.93227e-07 
10 211 5.04 3.8415e-07 
10 212 5.04 3.38857e-07 
10 213 5.04 3.3329e-07 
10 214 5.05 3.27906e-07 
10 215 5.05 2.88391e-07 
10 216 5.05 2.86707e-07 
10 217 5.05 2.80825e-07 
10 218 5.05 2.88309e-07 
10 219 5.05 2.42132e-07 
10 220 5.05 2.55095e-07 
10 221 5.05 2.11419e-07 
10 222 5.06 2.26826e-07 
10 223 5.06 1.86556e-07 
10 224 5.06 2.02477e-07 
10 225 5.06 1.71749e-07 
10 226 5.06 1.83449e-07 
10 227 5.06 1.72944e-07 
10 228 5.06 1.37557e-07 
10 229 5.06 1.54057e-07 
10 230 5.06 1.45953e-07 
10 231 5.07 1.14077e-07 
10 232 5.07 1.30512e-07 
10 233 5.07 1.2561e-07 
10 234 5.07 1.18484e-07 
10 235 5.07 1.10617e-07 
10 236 5.07 9.02369e-08 
10 237 5.07 9.97124e-08 
10 238 5.07 8.49641e-08 
10 239 5.07 9.3963e-08 
10 240 5.07 6.7277e-08 
10 241 5.08 8.34092e-08 
10 242 5.08 5.85986e-08 
10 243 5.08 7.62821e-08 
10 244 5.08 5.25909e-08 
10 245 5.08 7.20026e-08 
10 246 5.08 4.68949e-08 
10 247 5.08 3.53276e-08 
10 248 5.08 6.55264e-08 
10 249 5.09 3.58372e-08 
10 250 5.09 3.20206e-08 
10 251 5.09 1.47326e-08 
10 252 5.09 1.25189e-08 
10 253 5.09 0 
