Time Iteration ExecutionTime Residual Res_x Res_y Res_z
1 0 13.2 1 
1 1 29.94 0.306793 
1 2 47.06 0.15655 
1 3 61.81 0.0856512 
1 4 77.08 0.053169 
1 5 95.42 0.0361954 
1 6 119.62 0.0258399 
1 7 137.54 0.0199597 
1 8 157 0.016937 
1 9 179.98 0.0146344 
1 10 198.16 0.0128645 
1 11 220.22 0.0114562 
1 12 242.75 0.010301 
1 13 262.85 0.00932793 
1 14 283.53 0.00849463 
1 15 304.79 0.00777455 
1 16 325.69 0.00713148 
1 17 343.21 0.00656023 
1 18 365.42 0.00605083 
1 19 385.55 0.00559421 
1 20 463.96 0.00648264 
1 21 465.37 0.00187734 
1 22 466.5 0.00103393 
1 23 467.72 0.000569918 
1 24 468.52 0.000469819 
1 25 469.74 0.000641087 
1 26 470.64 0.000219113 
1 27 471.75 0.000211545 
1 28 474.53 0.000422631 
1 29 475.72 0.000116591 
1 30 477.14 0.000139666 
1 31 478.37 9.55184e-05 
1 32 480.94 0.000297525 
1 33 482.34 9.40069e-05 
1 34 483.66 7.71701e-05 
1 35 486.43 0.000187013 
1 36 488.55 0.000209032 
1 37 489.89 5.38587e-05 
1 38 491.12 4.73027e-05 
1 39 492.55 4.70735e-05 
1 40 495.42 0.000160614 
1 41 498.07 0.00013478 
1 42 499.98 9.10069e-05 
1 43 501.05 3.36684e-05 
1 44 502.07 2.71085e-05 
1 45 503.65 6.10062e-05 
1 46 506.29 0.000125449 
1 47 508.46 6.89833e-05 
1 48 510.62 9.9465e-05 
1 49 512.52 5.81165e-05 
1 50 514.84 9.09135e-05 
1 51 516.51 5.11402e-05 
1 52 519.01 7.88703e-05 
1 53 521.02 4.33958e-05 
1 54 523.77 7.03251e-05 
1 55 525.71 3.68922e-05 
1 56 529.02 6.55429e-05 
1 57 531.54 3.12558e-05 
1 58 532.31 4.70692e-06 
1 59 535.6 5.9719e-05 
1 60 537.86 2.77657e-05 
1 61 540.88 5.38889e-05 
1 62 543.17 2.74077e-05 
1 63 545.91 4.80653e-05 
1 64 548.82 2.68429e-05 
1 65 553.59 4.25711e-05 
1 66 560.52 3.93861e-05 
1 67 567.86 3.7334e-05 
1 68 572.2 2.34685e-05 
1 69 576.25 3.82896e-05 
1 70 579.7 2.34408e-05 
1 71 582.94 3.58482e-05 
1 72 586.57 2.32349e-05 
1 73 592.59 3.35215e-05 
1 74 600.48 5.18001e-05 
1 75 610.51 3.284e-05 
1 76 617.67 2.39992e-05 
1 77 625.76 2.33508e-05 
1 78 632.21 2.16815e-05 
1 79 638.81 2.0198e-05 
1 80 645.58 1.87638e-05 
1 81 657.61 2.8845e-05 
1 82 663.55 1.74138e-05 
1 83 668.97 1.86191e-05 
1 84 674.29 1.72754e-05 
1 85 682.07 1.79343e-05 
1 86 689.67 2.002e-05 
1 87 697.04 1.50684e-05 
1 88 707.53 1.46952e-05 
1 89 713.93 1.44344e-05 
1 90 722.38 1.54208e-05 
1 91 729.86 1.20338e-05 
1 92 735.51 1.30556e-05 
1 93 745.59 1.21032e-05 
1 94 756.44 9.94108e-06 
1 95 765.49 1.08493e-05 
1 96 778.39 9.15315e-06 
1 97 789.09 8.53604e-06 
1 98 796.61 9.9486e-06 
1 99 806.44 9.29724e-06 
1 100 816.89 7.369e-06 
1 101 825.45 6.92665e-06 
1 102 832.36 8.15168e-06 
1 103 840.95 6.44491e-06 
1 104 849.53 6.23596e-06 
1 105 855.99 7.20697e-06 
1 106 865.15 5.73588e-06 
1 107 874.88 5.51719e-06 
1 108 881.97 6.31844e-06 
1 109 892.23 5.0671e-06 
1 110 904.25 4.8233e-06 
1 111 913.61 5.52963e-06 
1 112 923.62 4.44818e-06 
1 113 933.62 4.20182e-06 
1 114 942.68 4.17553e-06 
1 115 953.8 4.03375e-06 
1 116 965.15 4.49338e-06 
1 117 977.71 3.65727e-06 
1 118 991.25 3.43555e-06 
1 119 1001.98 3.37066e-06 
1 120 1011.99 3.25145e-06 
1 121 1020.93 3.14197e-06 
1 122 1030.83 3.01429e-06 
1 123 1039.23 3.28384e-06 
1 124 1049.89 2.67149e-06 
1 125 1059.2 2.53252e-06 
1 126 1070.37 2.47711e-06 
1 127 1079.93 2.38027e-06 
1 128 1091.21 2.29192e-06 
1 129 1103.63 2.1948e-06 
1 130 1114.6 2.10336e-06 
1 131 1124.27 2.00705e-06 
1 132 1134.07 1.92099e-06 
1 133 1146.23 1.83318e-06 
1 134 1157.2 1.75431e-06 
1 135 1166.4 1.67438e-06 
1 136 1174.48 1.60047e-06 
1 137 1182.62 1.52655e-06 
1 138 1191.9 1.45829e-06 
1 139 1201.74 1.39208e-06 
1 140 1211.82 1.3296e-06 
1 141 1221.69 1.26862e-06 
1 142 1230.62 1.21068e-06 
1 143 1239.04 1.15496e-06 
1 144 1246.88 1.10223e-06 
1 145 1254.91 1.05141e-06 
1 146 1264.9 1.00341e-06 
1 147 1274.77 9.57263e-07 
1 148 1286.89 9.13229e-07 
1 149 1298.13 8.70729e-07 
1 150 1308.65 8.31034e-07 
1 151 1319.7 7.92467e-07 
1 152 1331.12 7.56028e-07 
1 153 1342.9 7.20902e-07 
1 154 1354.32 6.87856e-07 
1 155 1367.12 6.55636e-07 
1 156 1376.83 6.25444e-07 
1 157 1385.69 5.96443e-07 
1 158 1398.89 5.68916e-07 
1 159 1409.54 5.42446e-07 
1 160 1418.86 5.17256e-07 
1 161 1429.74 4.51296e-07 
1 162 1440.75 4.50105e-07 
1 163 1452.13 4.37701e-07 
1 164 1464.45 4.21366e-07 
1 165 1475.98 4.04211e-07 
1 166 1486 4.14243e-07 
1 167 1495.27 3.80818e-07 
1 168 1503.16 3.61496e-07 
1 169 1515.91 3.16695e-07 
1 170 1525.7 3.37545e-07 
1 171 1535.6 2.89141e-07 
1 172 1542.92 3.07147e-07 
1 173 1552.89 2.93963e-07 
1 174 1567.26 2.43633e-07 
1 175 1578.51 2.63571e-07 
1 176 1590.21 2.52987e-07 
1 177 1602.75 2.09501e-07 
1 178 1612.31 2.27319e-07 
1 179 1620.18 2.18327e-07 
1 180 1625.95 2.18444e-07 
1 181 1636.92 1.88508e-07 
1 182 1648.2 1.72299e-07 
1 183 1657.55 1.68012e-07 
1 184 1665.62 1.78622e-07 
1 185 1676.69 1.52563e-07 
1 186 1684.34 1.59535e-07 
1 187 1697.17 1.36307e-07 
1 188 1705.58 1.43065e-07 
1 189 1713.18 1.35752e-07 
1 190 1724.33 1.13032e-07 
1 191 1733.11 1.2161e-07 
1 192 1740.81 1.16628e-07 
1 193 1749.7 9.66579e-08 
1 194 1756.32 1.05254e-07 
1 195 1763.75 1.00207e-07 
1 196 1771.12 9.44835e-08 
1 197 1779.37 7.82736e-08 
1 198 1785.57 8.58005e-08 
1 199 1791.72 8.21292e-08 
1 200 1798.41 7.74539e-08 
1 201 1804.9 7.32561e-08 
1 202 1808.76 5.00051e-08 
1 203 1815.19 6.91383e-08 
1 204 1821.08 6.44215e-08 
1 205 1825.14 4.04793e-08 
1 206 1831.6 6.24196e-08 
1 207 1835.46 3.42033e-08 
1 208 1838.63 2.47318e-08 
1 209 1841.76 6.10562e-08 
1 210 1844.79 2.82485e-08 
1 211 1847.91 2.04011e-08 
1 212 1850.64 5.75048e-08 
1 213 1853.82 2.69732e-08 
1 214 1856.82 1.94984e-08 
1 215 1857.33 0 
