/*--------------------------------*- C++ -*----------------------------------*\
| =========                 |                                                 |
| \\      /  F ield         | foam-extend: Open Source CFD                    |
|  \\    /   O peration     | Version:     4.1                                |
|   \\  /    A nd           | Web:         http://www.foam-extend.org         |
|    \\/     M anipulation  |                                                 |
\*---------------------------------------------------------------------------*/
FoamFile
{
    version     2.0;
    format      ascii;
    class       pointVectorField;
    location    "2";
    object      pointD;
}
// * * * * * * * * * * * * * * * * * * * * * * * * * * * * * * * * * * * * * //

dimensions      [0 1 0 0 0 0 0];

internalField   nonuniform List<vector> 
2142
(
(1.16277e-06 -4.82913e-07 -6.38252e-23)
(1.08374e-06 -4.28227e-07 0)
(1.03533e-06 -3.97362e-07 0)
(1.00543e-06 -3.79125e-07 0)
(9.89076e-07 -3.70186e-07 0)
(9.82311e-07 -3.67253e-07 0)
(9.82616e-07 -3.68579e-07 0)
(9.88198e-07 -3.72824e-07 0)
(9.97773e-07 -3.79117e-07 0)
(1.01042e-06 -3.86858e-07 0)
(1.02584e-06 -3.95922e-07 0)
(1.06693e-06 -5.20125e-07 -2.79076e-23)
(9.81167e-07 -4.76823e-07 0)
(9.28555e-07 -4.53194e-07 0)
(8.95894e-07 -4.39656e-07 0)
(8.77582e-07 -4.33878e-07 0)
(8.69318e-07 -4.33097e-07 0)
(8.68344e-07 -4.35959e-07 0)
(8.72758e-07 -4.41315e-07 0)
(8.81152e-07 -4.48495e-07 0)
(8.92616e-07 -4.56875e-07 0)
(9.06235e-07 -4.66395e-07 0)
(9.64741e-07 -5.54251e-07 4.37427e-23)
(8.75495e-07 -5.24251e-07 0)
(8.20688e-07 -5.09034e-07 0)
(7.86549e-07 -5.00942e-07 0)
(7.6707e-07 -4.98794e-07 0)
(7.57774e-07 -5.00457e-07 0)
(7.55772e-07 -5.05035e-07 0)
(7.59097e-07 -5.11623e-07 0)
(7.663e-07 -5.19762e-07 0)
(7.7638e-07 -5.28841e-07 0)
(7.88458e-07 -5.39115e-07 0)
(8.56859e-07 -5.85043e-07 1.00851e-22)
(7.67703e-07 -5.69502e-07 0)
(7.12915e-07 -5.63397e-07 0)
(6.78703e-07 -5.61195e-07 0)
(6.58936e-07 -5.62944e-07 0)
(6.49138e-07 -5.67206e-07 0)
(6.46412e-07 -5.73578e-07 0)
(6.48804e-07 -5.81428e-07 0)
(6.54886e-07 -5.90512e-07 0)
(6.63648e-07 -6.00319e-07 0)
(6.74354e-07 -6.11212e-07 0)
(7.43943e-07 -6.12268e-07 3.42672e-24)
(6.58599e-07 -6.11523e-07 0)
(6.0613e-07 -6.14722e-07 0)
(5.73307e-07 -6.18526e-07 0)
(5.54168e-07 -6.24233e-07 0)
(5.44428e-07 -6.31121e-07 0)
(5.41307e-07 -6.39286e-07 0)
(5.42941e-07 -6.48387e-07 0)
(5.4799e-07 -6.58388e-07 0)
(5.55471e-07 -6.68913e-07 0)
(5.64808e-07 -6.80381e-07 0)
(6.26679e-07 -6.35708e-07 -6.20825e-23)
(5.48816e-07 -6.4926e-07 0)
(5.00933e-07 -6.61433e-07 0)
(4.70938e-07 -6.71025e-07 0)
(4.53332e-07 -6.80536e-07 0)
(4.44201e-07 -6.89939e-07 0)
(4.41009e-07 -6.99812e-07 0)
(4.42059e-07 -7.10099e-07 0)
(4.4615e-07 -7.2096e-07 0)
(4.52373e-07 -7.32173e-07 0)
(4.60291e-07 -7.44169e-07 0)
(5.05768e-07 -6.55167e-07 7.83975e-24)
(4.38809e-07 -6.81711e-07 0)
(3.97622e-07 -7.02028e-07 0)
(3.71797e-07 -7.16871e-07 0)
(3.56563e-07 -7.29827e-07 0)
(3.48557e-07 -7.41503e-07 0)
(3.45596e-07 -7.52914e-07 0)
(3.46222e-07 -7.64268e-07 0)
(3.49418e-07 -7.75901e-07 0)
(3.54389e-07 -7.87741e-07 0)
(3.60824e-07 -8.002e-07 0)
(3.81924e-07 -6.70479e-07 8.57072e-24)
(3.28859e-07 -7.07975e-07 0)
(2.96212e-07 -7.35153e-07 0)
(2.75726e-07 -7.54418e-07 0)
(2.636e-07 -7.70272e-07 0)
(2.57167e-07 -7.83859e-07 0)
(2.54696e-07 -7.96561e-07 0)
(2.55035e-07 -8.08812e-07 0)
(2.57386e-07 -8.21092e-07 0)
(2.61111e-07 -8.33467e-07 0)
(2.66e-07 -8.4631e-07 0)
(2.55872e-07 -6.81506e-07 2.30398e-23)
(2.191e-07 -7.27299e-07 0)
(1.96467e-07 -7.59671e-07 0)
(1.82256e-07 -7.82285e-07 0)
(1.73822e-07 -8.00332e-07 0)
(1.69319e-07 -8.15365e-07 0)
(1.67547e-07 -8.29043e-07 0)
(1.67708e-07 -8.41974e-07 0)
(1.69252e-07 -8.54744e-07 0)
(1.71731e-07 -8.6753e-07 0)
(1.75023e-07 -8.80665e-07 0)
(1.28352e-07 -6.88145e-07 3.53286e-23)
(1.09542e-07 -7.39111e-07 0)
(9.79522e-08 -7.74724e-07 0)
(9.06692e-08 -7.99429e-07 0)
(8.63386e-08 -8.18846e-07 0)
(8.40157e-08 -8.34782e-07 0)
(8.30869e-08 -8.4907e-07 0)
(8.31432e-08 -8.62427e-07 0)
(8.39054e-08 -8.75504e-07 0)
(8.51423e-08 -8.88549e-07 0)
(8.67963e-08 -9.01869e-07 0)
(0 -6.90298e-07 2.47747e-23)
(0 -7.43064e-07 -1.00501e-25)
(0 -7.79825e-07 0)
(0 -8.05214e-07 0)
(0 -8.25114e-07 0)
(0 -8.41348e-07 0)
(0 -8.55849e-07 0)
(0 -8.69348e-07 0)
(0 -8.8253e-07 0)
(0 -8.95664e-07 0)
(0 -9.09045e-07 0)
(1.16277e-06 -4.82913e-07 -6.38252e-23)
(1.08374e-06 -4.28227e-07 0)
(1.03533e-06 -3.97362e-07 0)
(1.00543e-06 -3.79125e-07 0)
(9.89076e-07 -3.70186e-07 0)
(9.82311e-07 -3.67253e-07 0)
(9.82616e-07 -3.68579e-07 0)
(9.88198e-07 -3.72824e-07 0)
(9.97773e-07 -3.79117e-07 0)
(1.01042e-06 -3.86858e-07 0)
(1.02584e-06 -3.95922e-07 0)
(1.06693e-06 -5.20125e-07 -2.79076e-23)
(9.81167e-07 -4.76823e-07 0)
(9.28555e-07 -4.53194e-07 0)
(8.95894e-07 -4.39656e-07 0)
(8.77582e-07 -4.33878e-07 0)
(8.69318e-07 -4.33097e-07 0)
(8.68344e-07 -4.35959e-07 0)
(8.72758e-07 -4.41315e-07 0)
(8.81152e-07 -4.48495e-07 0)
(8.92616e-07 -4.56875e-07 0)
(9.06235e-07 -4.66395e-07 0)
(9.64741e-07 -5.54251e-07 4.37427e-23)
(8.75495e-07 -5.24251e-07 0)
(8.20688e-07 -5.09034e-07 0)
(7.86549e-07 -5.00942e-07 0)
(7.6707e-07 -4.98794e-07 0)
(7.57774e-07 -5.00457e-07 0)
(7.55772e-07 -5.05035e-07 0)
(7.59097e-07 -5.11623e-07 0)
(7.663e-07 -5.19762e-07 0)
(7.7638e-07 -5.28841e-07 0)
(7.88458e-07 -5.39115e-07 0)
(8.56859e-07 -5.85043e-07 1.00851e-22)
(7.67703e-07 -5.69502e-07 0)
(7.12915e-07 -5.63397e-07 0)
(6.78703e-07 -5.61195e-07 0)
(6.58936e-07 -5.62944e-07 0)
(6.49138e-07 -5.67206e-07 0)
(6.46412e-07 -5.73578e-07 0)
(6.48804e-07 -5.81428e-07 0)
(6.54886e-07 -5.90512e-07 0)
(6.63648e-07 -6.00319e-07 0)
(6.74354e-07 -6.11212e-07 0)
(7.43943e-07 -6.12268e-07 3.42672e-24)
(6.58599e-07 -6.11523e-07 0)
(6.0613e-07 -6.14722e-07 0)
(5.73307e-07 -6.18526e-07 0)
(5.54168e-07 -6.24233e-07 0)
(5.44428e-07 -6.31121e-07 0)
(5.41307e-07 -6.39286e-07 0)
(5.42941e-07 -6.48387e-07 0)
(5.4799e-07 -6.58388e-07 0)
(5.55471e-07 -6.68913e-07 0)
(5.64808e-07 -6.80381e-07 0)
(6.26679e-07 -6.35708e-07 -6.20825e-23)
(5.48816e-07 -6.4926e-07 0)
(5.00933e-07 -6.61433e-07 0)
(4.70938e-07 -6.71025e-07 0)
(4.53332e-07 -6.80536e-07 0)
(4.44201e-07 -6.89939e-07 0)
(4.41009e-07 -6.99812e-07 0)
(4.42059e-07 -7.10099e-07 0)
(4.4615e-07 -7.2096e-07 0)
(4.52373e-07 -7.32173e-07 0)
(4.60291e-07 -7.44169e-07 0)
(5.05768e-07 -6.55167e-07 7.83975e-24)
(4.38809e-07 -6.81711e-07 0)
(3.97622e-07 -7.02028e-07 0)
(3.71797e-07 -7.16871e-07 0)
(3.56563e-07 -7.29827e-07 0)
(3.48557e-07 -7.41503e-07 0)
(3.45596e-07 -7.52914e-07 0)
(3.46222e-07 -7.64268e-07 0)
(3.49418e-07 -7.75901e-07 0)
(3.54389e-07 -7.87741e-07 0)
(3.60824e-07 -8.002e-07 0)
(3.81924e-07 -6.70479e-07 8.57072e-24)
(3.28859e-07 -7.07975e-07 0)
(2.96212e-07 -7.35153e-07 0)
(2.75726e-07 -7.54418e-07 0)
(2.636e-07 -7.70272e-07 0)
(2.57167e-07 -7.83859e-07 0)
(2.54696e-07 -7.96561e-07 0)
(2.55035e-07 -8.08812e-07 0)
(2.57386e-07 -8.21092e-07 0)
(2.61111e-07 -8.33467e-07 0)
(2.66e-07 -8.4631e-07 0)
(2.55872e-07 -6.81506e-07 2.30398e-23)
(2.191e-07 -7.27299e-07 0)
(1.96467e-07 -7.59671e-07 0)
(1.82256e-07 -7.82285e-07 0)
(1.73822e-07 -8.00332e-07 0)
(1.69319e-07 -8.15365e-07 0)
(1.67547e-07 -8.29043e-07 0)
(1.67708e-07 -8.41974e-07 0)
(1.69252e-07 -8.54744e-07 0)
(1.71731e-07 -8.6753e-07 0)
(1.75023e-07 -8.80665e-07 0)
(1.28352e-07 -6.88145e-07 3.53286e-23)
(1.09542e-07 -7.39111e-07 0)
(9.79522e-08 -7.74724e-07 0)
(9.06692e-08 -7.99429e-07 0)
(8.63386e-08 -8.18846e-07 0)
(8.40157e-08 -8.34782e-07 0)
(8.30869e-08 -8.4907e-07 0)
(8.31432e-08 -8.62427e-07 0)
(8.39054e-08 -8.75504e-07 0)
(8.51423e-08 -8.88549e-07 0)
(8.67963e-08 -9.01869e-07 0)
(0 -6.90298e-07 2.47747e-23)
(0 -7.43064e-07 -1.00501e-25)
(0 -7.79825e-07 0)
(0 -8.05214e-07 0)
(0 -8.25114e-07 0)
(0 -8.41348e-07 0)
(0 -8.55849e-07 0)
(0 -8.69348e-07 0)
(0 -8.8253e-07 0)
(0 -8.95664e-07 0)
(0 -9.09045e-07 0)
(1.65541e-06 0 -2.02015e-23)
(1.67405e-06 0 8.1949e-26)
(1.68628e-06 0 0)
(1.69551e-06 0 0)
(1.70534e-06 0 0)
(1.71669e-06 0 0)
(1.73038e-06 0 0)
(1.74651e-06 0 0)
(1.76517e-06 0 0)
(1.78619e-06 0 0)
(1.80953e-06 0 0)
(1.65023e-06 -5.31195e-08 -9.06736e-24)
(1.66717e-06 -3.69012e-08 0)
(1.67833e-06 -2.72194e-08 0)
(1.6869e-06 -2.12283e-08 0)
(1.69628e-06 -1.77404e-08 0)
(1.70733e-06 -1.58736e-08 0)
(1.7208e-06 -1.50943e-08 0)
(1.73677e-06 -1.5038e-08 0)
(1.7553e-06 -1.54731e-08 0)
(1.77619e-06 -1.61797e-08 0)
(1.79942e-06 -1.71907e-08 0)
(1.63458e-06 -1.0593e-07 -1.76532e-23)
(1.64662e-06 -7.43122e-08 0)
(1.65472e-06 -5.54884e-08 0)
(1.66133e-06 -4.38573e-08 0)
(1.66941e-06 -3.71042e-08 0)
(1.67958e-06 -3.35091e-08 0)
(1.69242e-06 -3.20326e-08 0)
(1.7079e-06 -3.19653e-08 0)
(1.72603e-06 -3.28545e-08 0)
(1.74654e-06 -3.42752e-08 0)
(1.76946e-06 -3.62819e-08 0)
(1.60857e-06 -1.58168e-07 -5.28918e-23)
(1.61276e-06 -1.12808e-07 0)
(1.61601e-06 -8.58557e-08 0)
(1.61948e-06 -6.92239e-08 0)
(1.6255e-06 -5.96027e-08 0)
(1.63426e-06 -5.45199e-08 0)
(1.64609e-06 -5.24847e-08 0)
(1.6608e-06 -5.24792e-08 0)
(1.6783e-06 -5.38487e-08 0)
(1.6982e-06 -5.59914e-08 0)
(1.72062e-06 -5.89583e-08 0)
(1.57241e-06 -2.09515e-07 -3.73374e-23)
(1.5663e-06 -1.52808e-07 0)
(1.56316e-06 -1.19177e-07 0)
(1.56253e-06 -9.8457e-08 0)
(1.56582e-06 -8.65346e-08 0)
(1.57273e-06 -8.03073e-08 0)
(1.58324e-06 -7.79116e-08 0)
(1.59693e-06 -7.80721e-08 0)
(1.61359e-06 -7.99607e-08 0)
(1.63269e-06 -8.28367e-08 0)
(1.65445e-06 -8.67188e-08 0)
(1.52639e-06 -2.59684e-07 -2.94139e-24)
(1.50814e-06 -1.94603e-07 0)
(1.49749e-06 -1.56103e-07 0)
(1.492e-06 -1.32434e-07 0)
(1.49209e-06 -1.18918e-07 0)
(1.49681e-06 -1.11975e-07 0)
(1.50574e-06 -1.09467e-07 0)
(1.51822e-06 -1.09926e-07 0)
(1.53387e-06 -1.12384e-07 0)
(1.55203e-06 -1.16007e-07 0)
(1.57298e-06 -1.20747e-07 0)
(1.47086e-06 -3.08386e-07 -9.19841e-25)
(1.43938e-06 -2.38314e-07 0)
(1.42053e-06 -1.97011e-07 0)
(1.40975e-06 -1.71695e-07 0)
(1.40632e-06 -1.57395e-07 0)
(1.40863e-06 -1.50229e-07 0)
(1.41582e-06 -1.47896e-07 0)
(1.42696e-06 -1.48804e-07 0)
(1.44149e-06 -1.51896e-07 0)
(1.45859e-06 -1.56286e-07 0)
(1.47863e-06 -1.61827e-07 0)
(1.40624e-06 -3.55337e-07 -1.56202e-24)
(1.36125e-06 -2.83882e-07 0)
(1.33401e-06 -2.41983e-07 0)
(1.31782e-06 -2.16412e-07 0)
(1.31077e-06 -2.02195e-07 0)
(1.3106e-06 -1.95332e-07 0)
(1.31597e-06 -1.9348e-07 0)
(1.32568e-06 -1.95005e-07 0)
(1.339e-06 -1.98804e-07 0)
(1.35499e-06 -2.03989e-07 0)
(1.37401e-06 -2.10276e-07 0)
(1.333e-06 -4.00257e-07 7.57782e-23)
(1.27505e-06 -3.31052e-07 0)
(1.23976e-06 -2.90782e-07 0)
(1.21836e-06 -2.66361e-07 0)
(1.20783e-06 -2.53101e-07 0)
(1.20522e-06 -2.47069e-07 0)
(1.20877e-06 -2.46009e-07 0)
(1.21705e-06 -2.48318e-07 0)
(1.22912e-06 -2.5291e-07 0)
(1.24396e-06 -2.58936e-07 0)
(1.26191e-06 -2.65987e-07 0)
(1.25166e-06 -4.42871e-07 4.80619e-23)
(1.18211e-06 -3.79376e-07 0)
(1.13961e-06 -3.42857e-07 0)
(1.11354e-06 -3.20928e-07 0)
(1.09984e-06 -3.09457e-07 0)
(1.09499e-06 -3.04757e-07 0)
(1.09682e-06 -3.04774e-07 0)
(1.10368e-06 -3.08013e-07 0)
(1.11448e-06 -3.13464e-07 0)
(1.12817e-06 -3.20412e-07 0)
(1.14486e-06 -3.28234e-07 0)
(1.65541e-06 0 -2.02015e-23)
(1.67405e-06 0 8.1949e-26)
(1.68628e-06 0 0)
(1.69551e-06 0 0)
(1.70534e-06 0 0)
(1.71669e-06 0 0)
(1.73038e-06 0 0)
(1.74651e-06 0 0)
(1.76517e-06 0 0)
(1.78619e-06 0 0)
(1.80953e-06 0 0)
(1.65023e-06 -5.31195e-08 -9.06736e-24)
(1.66717e-06 -3.69012e-08 0)
(1.67833e-06 -2.72194e-08 0)
(1.6869e-06 -2.12283e-08 0)
(1.69628e-06 -1.77404e-08 0)
(1.70733e-06 -1.58736e-08 0)
(1.7208e-06 -1.50943e-08 0)
(1.73677e-06 -1.5038e-08 0)
(1.7553e-06 -1.54731e-08 0)
(1.77619e-06 -1.61797e-08 0)
(1.79942e-06 -1.71907e-08 0)
(1.63458e-06 -1.0593e-07 -1.76532e-23)
(1.64662e-06 -7.43122e-08 0)
(1.65472e-06 -5.54884e-08 0)
(1.66133e-06 -4.38573e-08 0)
(1.66941e-06 -3.71042e-08 0)
(1.67958e-06 -3.35091e-08 0)
(1.69242e-06 -3.20326e-08 0)
(1.7079e-06 -3.19653e-08 0)
(1.72603e-06 -3.28545e-08 0)
(1.74654e-06 -3.42752e-08 0)
(1.76946e-06 -3.62819e-08 0)
(1.60857e-06 -1.58168e-07 -5.28918e-23)
(1.61276e-06 -1.12808e-07 0)
(1.61601e-06 -8.58557e-08 0)
(1.61948e-06 -6.92239e-08 0)
(1.6255e-06 -5.96027e-08 0)
(1.63426e-06 -5.45199e-08 0)
(1.64609e-06 -5.24847e-08 0)
(1.6608e-06 -5.24792e-08 0)
(1.6783e-06 -5.38487e-08 0)
(1.6982e-06 -5.59914e-08 0)
(1.72062e-06 -5.89583e-08 0)
(1.57241e-06 -2.09515e-07 -3.73374e-23)
(1.5663e-06 -1.52808e-07 0)
(1.56316e-06 -1.19177e-07 0)
(1.56253e-06 -9.8457e-08 0)
(1.56582e-06 -8.65346e-08 0)
(1.57273e-06 -8.03073e-08 0)
(1.58324e-06 -7.79116e-08 0)
(1.59693e-06 -7.80721e-08 0)
(1.61359e-06 -7.99607e-08 0)
(1.63269e-06 -8.28367e-08 0)
(1.65445e-06 -8.67188e-08 0)
(1.52639e-06 -2.59684e-07 -2.94139e-24)
(1.50814e-06 -1.94603e-07 0)
(1.49749e-06 -1.56103e-07 0)
(1.492e-06 -1.32434e-07 0)
(1.49209e-06 -1.18918e-07 0)
(1.49681e-06 -1.11975e-07 0)
(1.50574e-06 -1.09467e-07 0)
(1.51822e-06 -1.09926e-07 0)
(1.53387e-06 -1.12384e-07 0)
(1.55203e-06 -1.16007e-07 0)
(1.57298e-06 -1.20747e-07 0)
(1.47086e-06 -3.08386e-07 -9.19841e-25)
(1.43938e-06 -2.38314e-07 0)
(1.42053e-06 -1.97011e-07 0)
(1.40975e-06 -1.71695e-07 0)
(1.40632e-06 -1.57395e-07 0)
(1.40863e-06 -1.50229e-07 0)
(1.41582e-06 -1.47896e-07 0)
(1.42696e-06 -1.48804e-07 0)
(1.44149e-06 -1.51896e-07 0)
(1.45859e-06 -1.56286e-07 0)
(1.47863e-06 -1.61827e-07 0)
(1.40624e-06 -3.55337e-07 -1.56202e-24)
(1.36125e-06 -2.83882e-07 0)
(1.33401e-06 -2.41983e-07 0)
(1.31782e-06 -2.16412e-07 0)
(1.31077e-06 -2.02195e-07 0)
(1.3106e-06 -1.95332e-07 0)
(1.31597e-06 -1.9348e-07 0)
(1.32568e-06 -1.95005e-07 0)
(1.339e-06 -1.98804e-07 0)
(1.35499e-06 -2.03989e-07 0)
(1.37401e-06 -2.10276e-07 0)
(1.333e-06 -4.00257e-07 7.57782e-23)
(1.27505e-06 -3.31052e-07 0)
(1.23976e-06 -2.90782e-07 0)
(1.21836e-06 -2.66361e-07 0)
(1.20783e-06 -2.53101e-07 0)
(1.20522e-06 -2.47069e-07 0)
(1.20877e-06 -2.46009e-07 0)
(1.21705e-06 -2.48318e-07 0)
(1.22912e-06 -2.5291e-07 0)
(1.24396e-06 -2.58936e-07 0)
(1.26191e-06 -2.65987e-07 0)
(1.25166e-06 -4.42871e-07 4.80619e-23)
(1.18211e-06 -3.79376e-07 0)
(1.13961e-06 -3.42857e-07 0)
(1.11354e-06 -3.20928e-07 0)
(1.09984e-06 -3.09457e-07 0)
(1.09499e-06 -3.04757e-07 0)
(1.09682e-06 -3.04774e-07 0)
(1.10368e-06 -3.08013e-07 0)
(1.11448e-06 -3.13464e-07 0)
(1.12817e-06 -3.20412e-07 0)
(1.14486e-06 -3.28234e-07 0)
(1.8351e-06 0 0)
(1.86257e-06 0 0)
(1.89171e-06 0 0)
(1.92237e-06 0 0)
(1.9544e-06 0 0)
(1.98765e-06 0 0)
(2.02199e-06 0 0)
(2.05729e-06 0 0)
(2.09343e-06 0 0)
(2.13029e-06 0 0)
(2.16776e-06 0 0)
(2.20573e-06 0 0)
(2.24407e-06 0 0)
(2.28268e-06 0 0)
(2.32141e-06 0 0)
(2.36015e-06 0 0)
(2.3987e-06 0 0)
(2.43697e-06 0 0)
(2.47463e-06 0 -6.05269e-27)
(2.51171e-06 0 -9.89654e-24)
(1.8259e-06 -1.7323e-08 0)
(1.85414e-06 -1.7383e-08 0)
(1.88395e-06 -1.74468e-08 0)
(1.9152e-06 -1.74474e-08 0)
(1.94775e-06 -1.73702e-08 0)
(1.98147e-06 -1.72002e-08 0)
(2.01623e-06 -1.69249e-08 0)
(2.0519e-06 -1.65359e-08 0)
(2.08839e-06 -1.60234e-08 0)
(2.12557e-06 -1.53785e-08 0)
(2.16333e-06 -1.45903e-08 0)
(2.20157e-06 -1.36461e-08 0)
(2.24016e-06 -1.25306e-08 0)
(2.27901e-06 -1.12251e-08 0)
(2.31797e-06 -9.70713e-09 0)
(2.35692e-06 -7.94853e-09 0)
(2.39568e-06 -5.9166e-09 0)
(2.43416e-06 -3.56696e-09 0)
(2.47202e-06 -8.61348e-10 0)
(2.5093e-06 2.30991e-09 -2.0493e-23)
(1.79861e-06 -3.62543e-08 0)
(1.82911e-06 -3.61413e-08 0)
(1.86091e-06 -3.60729e-08 0)
(1.89391e-06 -3.59158e-08 0)
(1.92801e-06 -3.56311e-08 0)
(1.96311e-06 -3.51858e-08 0)
(1.99911e-06 -3.45496e-08 0)
(2.03591e-06 -3.37027e-08 0)
(2.07341e-06 -3.26226e-08 0)
(2.11153e-06 -3.12893e-08 0)
(2.15015e-06 -2.96788e-08 0)
(2.18919e-06 -2.77646e-08 0)
(2.22854e-06 -2.55147e-08 0)
(2.26809e-06 -2.28907e-08 0)
(2.30772e-06 -1.98466e-08 0)
(2.34732e-06 -1.63254e-08 0)
(2.38671e-06 -1.22612e-08 0)
(2.42579e-06 -7.56459e-09 0)
(2.46426e-06 -2.15848e-09 0)
(2.50214e-06 4.17443e-09 -3.46657e-23)
(1.75405e-06 -5.82168e-08 0)
(1.78821e-06 -5.74866e-08 0)
(1.82324e-06 -5.69136e-08 0)
(1.85908e-06 -5.63008e-08 0)
(1.89571e-06 -5.55645e-08 0)
(1.93306e-06 -5.46476e-08 0)
(1.97108e-06 -5.34918e-08 0)
(2.00971e-06 -5.20601e-08 0)
(2.04888e-06 -5.03116e-08 0)
(2.08852e-06 -4.82108e-08 0)
(2.12856e-06 -4.57173e-08 0)
(2.16891e-06 -4.27876e-08 0)
(2.20948e-06 -3.93708e-08 0)
(2.25019e-06 -3.54066e-08 0)
(2.29092e-06 -3.08239e-08 0)
(2.33157e-06 -2.55355e-08 0)
(2.37199e-06 -1.94403e-08 0)
(2.41207e-06 -1.24031e-08 0)
(2.45152e-06 -4.30592e-09 0)
(2.4904e-06 5.17469e-09 -5.56652e-24)
(1.69354e-06 -8.44916e-08 0)
(1.73258e-06 -8.25219e-08 0)
(1.77194e-06 -8.09181e-08 0)
(1.81161e-06 -7.94272e-08 0)
(1.85165e-06 -7.78926e-08 0)
(1.89205e-06 -7.62243e-08 0)
(1.93282e-06 -7.43224e-08 0)
(1.97393e-06 -7.21243e-08 0)
(2.01537e-06 -6.95628e-08 0)
(2.0571e-06 -6.65807e-08 0)
(2.09905e-06 -6.31165e-08 0)
(2.14119e-06 -5.91054e-08 0)
(2.18344e-06 -5.44745e-08 0)
(2.22572e-06 -4.91388e-08 0)
(2.26795e-06 -4.3e-08 0)
(2.31004e-06 -3.59381e-08 0)
(2.35184e-06 -2.78158e-08 0)
(2.39328e-06 -1.84498e-08 0)
(2.43408e-06 -7.67896e-09 0)
(2.47431e-06 4.92465e-09 8.69516e-24)
(1.6188e-06 -1.16113e-07 0)
(1.66373e-06 -1.12146e-07 0)
(1.70834e-06 -1.08861e-07 0)
(1.75267e-06 -1.05966e-07 0)
(1.79689e-06 -1.03199e-07 0)
(1.84105e-06 -1.00427e-07 0)
(1.88521e-06 -9.74934e-08 0)
(1.92941e-06 -9.42999e-08 0)
(1.97366e-06 -9.07434e-08 0)
(2.01797e-06 -8.67375e-08 0)
(2.06231e-06 -8.21932e-08 0)
(2.10667e-06 -7.70196e-08 0)
(2.15099e-06 -7.11173e-08 0)
(2.19523e-06 -6.43734e-08 0)
(2.23932e-06 -5.66594e-08 0)
(2.28318e-06 -4.78205e-08 0)
(2.3267e-06 -3.76806e-08 0)
(2.36983e-06 -2.60073e-08 0)
(2.4123e-06 -1.25932e-08 0)
(2.4542e-06 3.09074e-09 1.93782e-23)
(1.53189e-06 -1.53799e-07 0)
(1.58342e-06 -1.47017e-07 0)
(1.634e-06 -1.41333e-07 0)
(1.68366e-06 -1.36445e-07 0)
(1.7327e-06 -1.31958e-07 0)
(1.7812e-06 -1.2768e-07 0)
(1.82931e-06 -1.23389e-07 0)
(1.8771e-06 -1.18935e-07 0)
(1.92464e-06 -1.14171e-07 0)
(1.97197e-06 -1.08973e-07 0)
(2.01911e-06 -1.03218e-07 0)
(2.06606e-06 -9.67838e-08 0)
(2.11282e-06 -8.954e-08 0)
(2.15935e-06 -8.13427e-08 0)
(2.20561e-06 -7.203e-08 0)
(2.25156e-06 -6.14101e-08 0)
(2.29709e-06 -4.92666e-08 0)
(2.34217e-06 -3.53167e-08 0)
(2.3866e-06 -1.93052e-08 0)
(2.43046e-06 -6.08369e-10 3.48008e-23)
(1.43504e-06 -1.97872e-07 0)
(1.49358e-06 -1.87438e-07 0)
(1.55061e-06 -1.78613e-07 0)
(1.6061e-06 -1.71102e-07 0)
(1.66045e-06 -1.64372e-07 0)
(1.71377e-06 -1.58155e-07 0)
(1.76628e-06 -1.52154e-07 0)
(1.81809e-06 -1.46154e-07 0)
(1.86931e-06 -1.39957e-07 0)
(1.92004e-06 -1.33389e-07 0)
(1.97032e-06 -1.26288e-07 0)
(2.0202e-06 -1.18494e-07 0)
(2.06969e-06 -1.0984e-07 0)
(2.1188e-06 -1.00148e-07 0)
(2.1675e-06 -8.92201e-08 0)
(2.21578e-06 -7.68249e-08 0)
(2.26356e-06 -6.27047e-08 0)
(2.31085e-06 -4.65259e-08 0)
(2.35746e-06 -2.79847e-08 0)
(2.40353e-06 -6.3699e-09 8.69941e-25)
(1.33064e-06 -2.48356e-07 0)
(1.39632e-06 -2.33532e-07 0)
(1.46001e-06 -2.20903e-07 0)
(1.52161e-06 -2.10162e-07 0)
(1.58157e-06 -2.00685e-07 0)
(1.64005e-06 -1.92092e-07 0)
(1.69728e-06 -1.84017e-07 0)
(1.75344e-06 -1.76169e-07 0)
(1.80867e-06 -1.68291e-07 0)
(1.86309e-06 -1.60156e-07 0)
(1.91681e-06 -1.51553e-07 0)
(1.96988e-06 -1.42281e-07 0)
(2.02236e-06 -1.32134e-07 0)
(2.07428e-06 -1.20893e-07 0)
(2.12565e-06 -1.08324e-07 0)
(2.17647e-06 -9.41553e-08 0)
(2.22672e-06 -7.80861e-08 0)
(2.2764e-06 -5.97339e-08 0)
(2.3254e-06 -3.87479e-08 0)
(2.37386e-06 -1.4347e-08 -1.00385e-23)
(1.22093e-06 -3.04638e-07 0)
(1.29355e-06 -2.84736e-07 0)
(1.36387e-06 -2.67741e-07 0)
(1.43173e-06 -2.53203e-07 0)
(1.49751e-06 -2.405e-07 0)
(1.56139e-06 -2.29126e-07 0)
(1.62361e-06 -2.18647e-07 0)
(1.68437e-06 -2.08685e-07 0)
(1.74385e-06 -1.98914e-07 0)
(1.80221e-06 -1.89046e-07 0)
(1.85957e-06 -1.78818e-07 0)
(1.91605e-06 -1.67979e-07 0)
(1.97171e-06 -1.5628e-07 0)
(2.02662e-06 -1.43462e-07 0)
(2.08082e-06 -1.2925e-07 0)
(2.13435e-06 -1.13332e-07 0)
(2.18719e-06 -9.53666e-08 0)
(2.23942e-06 -7.49242e-08 0)
(2.29095e-06 -5.1608e-08 0)
(2.34197e-06 -2.45722e-08 6.16349e-24)
(1.10889e-06 -3.65968e-07 0)
(1.18795e-06 -3.40425e-07 0)
(1.26456e-06 -3.18798e-07 0)
(1.33848e-06 -3.00106e-07 0)
(1.40999e-06 -2.83826e-07 0)
(1.47925e-06 -2.69343e-07 0)
(1.54651e-06 -2.5616e-07 0)
(1.61196e-06 -2.43826e-07 0)
(1.67581e-06 -2.31947e-07 0)
(1.73823e-06 -2.20172e-07 0)
(1.79938e-06 -2.08178e-07 0)
(1.85939e-06 -1.95666e-07 0)
(1.91837e-06 -1.82338e-07 0)
(1.9764e-06 -1.67896e-07 0)
(2.03356e-06 -1.52021e-07 0)
(2.0899e-06 -1.34364e-07 0)
(2.14548e-06 -1.14542e-07 0)
(2.20036e-06 -9.2089e-08 0)
(2.25454e-06 -6.65589e-08 0)
(2.30822e-06 -3.70666e-08 1.79532e-23)
(1.8351e-06 0 0)
(1.86257e-06 0 0)
(1.89171e-06 0 0)
(1.92237e-06 0 0)
(1.9544e-06 0 0)
(1.98765e-06 0 0)
(2.02199e-06 0 0)
(2.05729e-06 0 0)
(2.09343e-06 0 0)
(2.13029e-06 0 0)
(2.16776e-06 0 0)
(2.20573e-06 0 0)
(2.24407e-06 0 0)
(2.28268e-06 0 0)
(2.32141e-06 0 0)
(2.36015e-06 0 0)
(2.3987e-06 0 0)
(2.43697e-06 0 0)
(2.47463e-06 0 -6.05269e-27)
(2.51171e-06 0 -9.89654e-24)
(1.8259e-06 -1.7323e-08 0)
(1.85414e-06 -1.7383e-08 0)
(1.88395e-06 -1.74468e-08 0)
(1.9152e-06 -1.74474e-08 0)
(1.94775e-06 -1.73702e-08 0)
(1.98147e-06 -1.72002e-08 0)
(2.01623e-06 -1.69249e-08 0)
(2.0519e-06 -1.65359e-08 0)
(2.08839e-06 -1.60234e-08 0)
(2.12557e-06 -1.53785e-08 0)
(2.16333e-06 -1.45903e-08 0)
(2.20157e-06 -1.36461e-08 0)
(2.24016e-06 -1.25306e-08 0)
(2.27901e-06 -1.12251e-08 0)
(2.31797e-06 -9.70713e-09 0)
(2.35692e-06 -7.94853e-09 0)
(2.39568e-06 -5.9166e-09 0)
(2.43416e-06 -3.56696e-09 0)
(2.47202e-06 -8.61348e-10 0)
(2.5093e-06 2.30991e-09 -2.0493e-23)
(1.79861e-06 -3.62543e-08 0)
(1.82911e-06 -3.61413e-08 0)
(1.86091e-06 -3.60729e-08 0)
(1.89391e-06 -3.59158e-08 0)
(1.92801e-06 -3.56311e-08 0)
(1.96311e-06 -3.51858e-08 0)
(1.99911e-06 -3.45496e-08 0)
(2.03591e-06 -3.37027e-08 0)
(2.07341e-06 -3.26226e-08 0)
(2.11153e-06 -3.12893e-08 0)
(2.15015e-06 -2.96788e-08 0)
(2.18919e-06 -2.77646e-08 0)
(2.22854e-06 -2.55147e-08 0)
(2.26809e-06 -2.28907e-08 0)
(2.30772e-06 -1.98466e-08 0)
(2.34732e-06 -1.63254e-08 0)
(2.38671e-06 -1.22612e-08 0)
(2.42579e-06 -7.56459e-09 0)
(2.46426e-06 -2.15848e-09 0)
(2.50214e-06 4.17443e-09 -3.46657e-23)
(1.75405e-06 -5.82168e-08 0)
(1.78821e-06 -5.74866e-08 0)
(1.82324e-06 -5.69136e-08 0)
(1.85908e-06 -5.63008e-08 0)
(1.89571e-06 -5.55645e-08 0)
(1.93306e-06 -5.46476e-08 0)
(1.97108e-06 -5.34918e-08 0)
(2.00971e-06 -5.20601e-08 0)
(2.04888e-06 -5.03116e-08 0)
(2.08852e-06 -4.82108e-08 0)
(2.12856e-06 -4.57173e-08 0)
(2.16891e-06 -4.27876e-08 0)
(2.20948e-06 -3.93708e-08 0)
(2.25019e-06 -3.54066e-08 0)
(2.29092e-06 -3.08239e-08 0)
(2.33157e-06 -2.55355e-08 0)
(2.37199e-06 -1.94403e-08 0)
(2.41207e-06 -1.24031e-08 0)
(2.45152e-06 -4.30592e-09 0)
(2.4904e-06 5.17469e-09 -5.56652e-24)
(1.69354e-06 -8.44916e-08 0)
(1.73258e-06 -8.25219e-08 0)
(1.77194e-06 -8.09181e-08 0)
(1.81161e-06 -7.94272e-08 0)
(1.85165e-06 -7.78926e-08 0)
(1.89205e-06 -7.62243e-08 0)
(1.93282e-06 -7.43224e-08 0)
(1.97393e-06 -7.21243e-08 0)
(2.01537e-06 -6.95628e-08 0)
(2.0571e-06 -6.65807e-08 0)
(2.09905e-06 -6.31165e-08 0)
(2.14119e-06 -5.91054e-08 0)
(2.18344e-06 -5.44745e-08 0)
(2.22572e-06 -4.91388e-08 0)
(2.26795e-06 -4.3e-08 0)
(2.31004e-06 -3.59381e-08 0)
(2.35184e-06 -2.78158e-08 0)
(2.39328e-06 -1.84498e-08 0)
(2.43408e-06 -7.67896e-09 0)
(2.47431e-06 4.92465e-09 8.69516e-24)
(1.6188e-06 -1.16113e-07 0)
(1.66373e-06 -1.12146e-07 0)
(1.70834e-06 -1.08861e-07 0)
(1.75267e-06 -1.05966e-07 0)
(1.79689e-06 -1.03199e-07 0)
(1.84105e-06 -1.00427e-07 0)
(1.88521e-06 -9.74934e-08 0)
(1.92941e-06 -9.42999e-08 0)
(1.97366e-06 -9.07434e-08 0)
(2.01797e-06 -8.67375e-08 0)
(2.06231e-06 -8.21932e-08 0)
(2.10667e-06 -7.70196e-08 0)
(2.15099e-06 -7.11173e-08 0)
(2.19523e-06 -6.43734e-08 0)
(2.23932e-06 -5.66594e-08 0)
(2.28318e-06 -4.78205e-08 0)
(2.3267e-06 -3.76806e-08 0)
(2.36983e-06 -2.60073e-08 0)
(2.4123e-06 -1.25932e-08 0)
(2.4542e-06 3.09074e-09 1.93782e-23)
(1.53189e-06 -1.53799e-07 0)
(1.58342e-06 -1.47017e-07 0)
(1.634e-06 -1.41333e-07 0)
(1.68366e-06 -1.36445e-07 0)
(1.7327e-06 -1.31958e-07 0)
(1.7812e-06 -1.2768e-07 0)
(1.82931e-06 -1.23389e-07 0)
(1.8771e-06 -1.18935e-07 0)
(1.92464e-06 -1.14171e-07 0)
(1.97197e-06 -1.08973e-07 0)
(2.01911e-06 -1.03218e-07 0)
(2.06606e-06 -9.67838e-08 0)
(2.11282e-06 -8.954e-08 0)
(2.15935e-06 -8.13427e-08 0)
(2.20561e-06 -7.203e-08 0)
(2.25156e-06 -6.14101e-08 0)
(2.29709e-06 -4.92666e-08 0)
(2.34217e-06 -3.53167e-08 0)
(2.3866e-06 -1.93052e-08 0)
(2.43046e-06 -6.08369e-10 3.48008e-23)
(1.43504e-06 -1.97872e-07 0)
(1.49358e-06 -1.87438e-07 0)
(1.55061e-06 -1.78613e-07 0)
(1.6061e-06 -1.71102e-07 0)
(1.66045e-06 -1.64372e-07 0)
(1.71377e-06 -1.58155e-07 0)
(1.76628e-06 -1.52154e-07 0)
(1.81809e-06 -1.46154e-07 0)
(1.86931e-06 -1.39957e-07 0)
(1.92004e-06 -1.33389e-07 0)
(1.97032e-06 -1.26288e-07 0)
(2.0202e-06 -1.18494e-07 0)
(2.06969e-06 -1.0984e-07 0)
(2.1188e-06 -1.00148e-07 0)
(2.1675e-06 -8.92201e-08 0)
(2.21578e-06 -7.68249e-08 0)
(2.26356e-06 -6.27047e-08 0)
(2.31085e-06 -4.65259e-08 0)
(2.35746e-06 -2.79847e-08 0)
(2.40353e-06 -6.3699e-09 8.69941e-25)
(1.33064e-06 -2.48356e-07 0)
(1.39632e-06 -2.33532e-07 0)
(1.46001e-06 -2.20903e-07 0)
(1.52161e-06 -2.10162e-07 0)
(1.58157e-06 -2.00685e-07 0)
(1.64005e-06 -1.92092e-07 0)
(1.69728e-06 -1.84017e-07 0)
(1.75344e-06 -1.76169e-07 0)
(1.80867e-06 -1.68291e-07 0)
(1.86309e-06 -1.60156e-07 0)
(1.91681e-06 -1.51553e-07 0)
(1.96988e-06 -1.42281e-07 0)
(2.02236e-06 -1.32134e-07 0)
(2.07428e-06 -1.20893e-07 0)
(2.12565e-06 -1.08324e-07 0)
(2.17647e-06 -9.41553e-08 0)
(2.22672e-06 -7.80861e-08 0)
(2.2764e-06 -5.97339e-08 0)
(2.3254e-06 -3.87479e-08 0)
(2.37386e-06 -1.4347e-08 -1.00385e-23)
(1.22093e-06 -3.04638e-07 0)
(1.29355e-06 -2.84736e-07 0)
(1.36387e-06 -2.67741e-07 0)
(1.43173e-06 -2.53203e-07 0)
(1.49751e-06 -2.405e-07 0)
(1.56139e-06 -2.29126e-07 0)
(1.62361e-06 -2.18647e-07 0)
(1.68437e-06 -2.08685e-07 0)
(1.74385e-06 -1.98914e-07 0)
(1.80221e-06 -1.89046e-07 0)
(1.85957e-06 -1.78818e-07 0)
(1.91605e-06 -1.67979e-07 0)
(1.97171e-06 -1.5628e-07 0)
(2.02662e-06 -1.43462e-07 0)
(2.08082e-06 -1.2925e-07 0)
(2.13435e-06 -1.13332e-07 0)
(2.18719e-06 -9.53666e-08 0)
(2.23942e-06 -7.49242e-08 0)
(2.29095e-06 -5.1608e-08 0)
(2.34197e-06 -2.45722e-08 6.16349e-24)
(1.10889e-06 -3.65968e-07 0)
(1.18795e-06 -3.40425e-07 0)
(1.26456e-06 -3.18798e-07 0)
(1.33848e-06 -3.00106e-07 0)
(1.40999e-06 -2.83826e-07 0)
(1.47925e-06 -2.69343e-07 0)
(1.54651e-06 -2.5616e-07 0)
(1.61196e-06 -2.43826e-07 0)
(1.67581e-06 -2.31947e-07 0)
(1.73823e-06 -2.20172e-07 0)
(1.79938e-06 -2.08178e-07 0)
(1.85939e-06 -1.95666e-07 0)
(1.91837e-06 -1.82338e-07 0)
(1.9764e-06 -1.67896e-07 0)
(2.03356e-06 -1.52021e-07 0)
(2.0899e-06 -1.34364e-07 0)
(2.14548e-06 -1.14542e-07 0)
(2.20036e-06 -9.2089e-08 0)
(2.25454e-06 -6.65589e-08 0)
(2.30822e-06 -3.70666e-08 1.79532e-23)
(9.74089e-07 -4.44006e-07 0)
(1.05748e-06 -4.13037e-07 0)
(1.13771e-06 -3.85652e-07 0)
(1.21542e-06 -3.61973e-07 0)
(1.29066e-06 -3.41093e-07 0)
(1.36356e-06 -3.22553e-07 0)
(1.43426e-06 -3.05826e-07 0)
(1.50293e-06 -2.90454e-07 0)
(1.56975e-06 -2.76012e-07 0)
(1.63489e-06 -2.62119e-07 0)
(1.69851e-06 -2.48425e-07 0)
(1.76075e-06 -2.34605e-07 0)
(1.82173e-06 -2.20349e-07 0)
(1.88158e-06 -2.05355e-07 0)
(1.9404e-06 -1.89315e-07 0)
(1.99826e-06 -1.71906e-07 0)
(2.05525e-06 -1.52779e-07 0)
(2.11143e-06 -1.31559e-07 0)
(2.16692e-06 -1.07786e-07 0)
(2.22174e-06 -8.10454e-08 0)
(2.27613e-06 -5.04832e-08 1.87303e-23)
(9.28949e-07 -4.89946e-07 0)
(1.01172e-06 -4.58495e-07 0)
(1.09199e-06 -4.2986e-07 0)
(1.17005e-06 -4.04502e-07 0)
(1.2459e-06 -3.81744e-07 0)
(1.31958e-06 -3.61206e-07 0)
(1.39117e-06 -3.42442e-07 0)
(1.46078e-06 -3.25041e-07 0)
(1.52856e-06 -3.08614e-07 0)
(1.59463e-06 -2.92798e-07 0)
(1.65914e-06 -2.77254e-07 0)
(1.72222e-06 -2.61662e-07 0)
(1.78399e-06 -2.45712e-07 0)
(1.84455e-06 -2.29103e-07 0)
(1.90401e-06 -2.11525e-07 0)
(1.96247e-06 -1.92659e-07 0)
(2.02003e-06 -1.72164e-07 0)
(2.07676e-06 -1.49675e-07 0)
(2.1328e-06 -1.24758e-07 0)
(2.18822e-06 -9.70263e-08 0)
(2.24326e-06 -6.56999e-08 3.81328e-23)
(8.89506e-07 -5.34424e-07 0)
(9.71175e-07 -5.02527e-07 0)
(1.05075e-06 -4.73008e-07 0)
(1.12852e-06 -4.46351e-07 0)
(1.20434e-06 -4.22029e-07 0)
(1.27822e-06 -3.99756e-07 0)
(1.35017e-06 -3.79166e-07 0)
(1.42027e-06 -3.59903e-07 0)
(1.4886e-06 -3.41617e-07 0)
(1.55526e-06 -3.23976e-07 0)
(1.62037e-06 -3.06658e-07 0)
(1.68404e-06 -2.89355e-07 0)
(1.74638e-06 -2.71766e-07 0)
(1.80748e-06 -2.53595e-07 0)
(1.86747e-06 -2.3454e-07 0)
(1.92643e-06 -2.1429e-07 0)
(1.98447e-06 -1.92517e-07 0)
(2.04169e-06 -1.68876e-07 0)
(2.09824e-06 -1.42963e-07 0)
(2.15422e-06 -1.14425e-07 0)
(2.20988e-06 -8.25626e-08 5.50314e-23)
(8.548e-07 -5.77019e-07 0)
(9.34979e-07 -5.44983e-07 0)
(1.01343e-06 -5.14881e-07 0)
(1.09043e-06 -4.87216e-07 0)
(1.16577e-06 -4.61604e-07 0)
(1.23941e-06 -4.3784e-07 0)
(1.3113e-06 -4.15635e-07 0)
(1.3815e-06 -3.94688e-07 0)
(1.45003e-06 -3.74694e-07 0)
(1.51698e-06 -3.55353e-07 0)
(1.58243e-06 -3.36367e-07 0)
(1.64646e-06 -3.17446e-07 0)
(1.70918e-06 -2.98303e-07 0)
(1.77068e-06 -2.78652e-07 0)
(1.83106e-06 -2.58205e-07 0)
(1.89041e-06 -2.36665e-07 0)
(1.94886e-06 -2.13721e-07 0)
(2.00651e-06 -1.89054e-07 0)
(2.06351e-06 -1.62295e-07 0)
(2.12001e-06 -1.33129e-07 0)
(2.17623e-06 -1.00941e-07 4.82814e-23)
(8.24197e-07 -6.17723e-07 0)
(9.02597e-07 -5.85731e-07 0)
(9.79622e-07 -5.55298e-07 0)
(1.05551e-06 -5.26895e-07 0)
(1.13e-06 -5.00254e-07 0)
(1.20303e-06 -4.75243e-07 0)
(1.27454e-06 -4.5164e-07 0)
(1.34451e-06 -4.292e-07 0)
(1.41295e-06 -4.07664e-07 0)
(1.47992e-06 -3.86766e-07 0)
(1.54547e-06 -3.66236e-07 0)
(1.60966e-06 -3.45807e-07 0)
(1.67259e-06 -3.2521e-07 0)
(1.73434e-06 -3.04177e-07 0)
(1.79499e-06 -2.82434e-07 0)
(1.85465e-06 -2.59704e-07 0)
(1.91342e-06 -2.35699e-07 0)
(1.97143e-06 -2.10126e-07 0)
(2.02884e-06 -1.82658e-07 0)
(2.08579e-06 -1.53018e-07 0)
(2.14252e-06 -1.20682e-07 4.87151e-23)
(7.96967e-07 -6.56527e-07 0)
(8.7344e-07 -6.24749e-07 0)
(9.48842e-07 -5.94182e-07 0)
(1.02338e-06 -5.65262e-07 0)
(1.09677e-06 -5.37816e-07 0)
(1.16893e-06 -5.11777e-07 0)
(1.23978e-06 -4.86981e-07 0)
(1.30926e-06 -4.63236e-07 0)
(1.37737e-06 -4.40328e-07 0)
(1.44414e-06 -4.18026e-07 0)
(1.50958e-06 -3.96091e-07 0)
(1.57377e-06 -3.7428e-07 0)
(1.63675e-06 -3.52346e-07 0)
(1.69861e-06 -3.3004e-07 0)
(1.75942e-06 -3.07109e-07 0)
(1.81929e-06 -2.83298e-07 0)
(1.87832e-06 -2.58345e-07 0)
(1.93663e-06 -2.31987e-07 0)
(1.99438e-06 -2.03938e-07 0)
(2.05173e-06 -1.73963e-07 0)
(2.10891e-06 -1.41625e-07 4.90972e-23)
(7.72506e-07 -6.93511e-07 0)
(8.46979e-07 -6.62065e-07 0)
(9.20645e-07 -6.31515e-07 0)
(9.93674e-07 -6.02256e-07 0)
(1.06578e-06 -5.74201e-07 0)
(1.13689e-06 -5.47331e-07 0)
(1.20687e-06 -5.21534e-07 0)
(1.27567e-06 -4.96667e-07 0)
(1.34325e-06 -4.72556e-07 0)
(1.40963e-06 -4.49007e-07 0)
(1.47481e-06 -4.25811e-07 0)
(1.53883e-06 -4.02751e-07 0)
(1.60173e-06 -3.79604e-07 0)
(1.66359e-06 -3.56143e-07 0)
(1.72448e-06 -3.32138e-07 0)
(1.78447e-06 -3.07359e-07 0)
(1.84369e-06 -2.81569e-07 0)
(1.90224e-06 -2.54539e-07 0)
(1.96028e-06 -2.26024e-07 0)
(2.01797e-06 -1.95831e-07 0)
(2.07553e-06 -1.63607e-07 4.22987e-23)
(7.50257e-07 -7.2878e-07 0)
(8.22722e-07 -6.97744e-07 0)
(8.94602e-07 -6.6732e-07 0)
(9.66039e-07 -6.37866e-07 0)
(1.03675e-06 -6.09362e-07 0)
(1.10666e-06 -5.81831e-07 0)
(1.17563e-06 -5.55207e-07 0)
(1.24359e-06 -5.29388e-07 0)
(1.31051e-06 -5.04238e-07 0)
(1.37635e-06 -4.79596e-07 0)
(1.44113e-06 -4.55285e-07 0)
(1.50486e-06 -4.31113e-07 0)
(1.56758e-06 -4.06882e-07 0)
(1.62935e-06 -3.8239e-07 0)
(1.69022e-06 -3.57429e-07 0)
(1.75027e-06 -3.31794e-07 0)
(1.80961e-06 -3.05278e-07 0)
(1.86835e-06 -2.77682e-07 0)
(1.92662e-06 -2.48804e-07 0)
(1.98461e-06 -2.18489e-07 0)
(2.04249e-06 -1.86465e-07 5.20293e-24)
(7.29741e-07 -7.62464e-07 0)
(8.00228e-07 -7.31877e-07 0)
(8.70315e-07 -7.01651e-07 0)
(9.40118e-07 -6.72112e-07 0)
(1.00938e-06 -6.43292e-07 0)
(1.078e-06 -6.15247e-07 0)
(1.14586e-06 -5.8795e-07 0)
(1.21289e-06 -5.61335e-07 0)
(1.27902e-06 -5.35301e-07 0)
(1.34422e-06 -5.09717e-07 0)
(1.4085e-06 -4.84434e-07 0)
(1.47185e-06 -4.59287e-07 0)
(1.5343e-06 -4.34104e-07 0)
(1.59589e-06 -4.08703e-07 0)
(1.65667e-06 -3.82903e-07 0)
(1.71673e-06 -3.56523e-07 0)
(1.77614e-06 -3.29385e-07 0)
(1.83501e-06 -3.01322e-07 0)
(1.89347e-06 -2.72169e-07 0)
(1.9517e-06 -2.4181e-07 0)
(2.00985e-06 -2.10047e-07 2.50715e-23)
(7.10531e-07 -7.94692e-07 0)
(7.79096e-07 -7.64566e-07 0)
(8.47413e-07 -7.34583e-07 0)
(9.1558e-07 -7.05038e-07 0)
(9.83354e-07 -6.76009e-07 0)
(1.05065e-06 -6.47575e-07 0)
(1.11735e-06 -6.1974e-07 0)
(1.18336e-06 -5.92472e-07 0)
(1.24864e-06 -5.65696e-07 0)
(1.31313e-06 -5.39313e-07 0)
(1.37683e-06 -5.13198e-07 0)
(1.43973e-06 -4.87211e-07 0)
(1.50184e-06 -4.61202e-07 0)
(1.5632e-06 -4.35015e-07 0)
(1.62385e-06 -4.08491e-07 0)
(1.68385e-06 -3.81473e-07 0)
(1.74328e-06 -3.53812e-07 0)
(1.80225e-06 -3.2537e-07 0)
(1.86086e-06 -2.96018e-07 0)
(1.91927e-06 -2.65675e-07 0)
(1.97764e-06 -2.34208e-07 3.75297e-23)
(6.92253e-07 -8.25587e-07 0)
(7.58963e-07 -7.95914e-07 0)
(8.25554e-07 -7.66196e-07 0)
(8.92106e-07 -7.36705e-07 0)
(9.58401e-07 -7.07551e-07 0)
(1.02436e-06 -6.78832e-07 0)
(1.08986e-06 -6.50579e-07 0)
(1.15484e-06 -6.22785e-07 0)
(1.21922e-06 -5.95401e-07 0)
(1.28295e-06 -5.68352e-07 0)
(1.34603e-06 -5.41537e-07 0)
(1.40842e-06 -5.14839e-07 0)
(1.47015e-06 -4.88129e-07 0)
(1.53124e-06 -4.61273e-07 0)
(1.59171e-06 -4.34135e-07 0)
(1.65162e-06 -4.06581e-07 0)
(1.71104e-06 -3.78488e-07 0)
(1.77006e-06 -3.49744e-07 0)
(1.82878e-06 -3.20257e-07 0)
(1.88734e-06 -2.89972e-07 0)
(1.94588e-06 -2.58817e-07 3.19035e-23)
(6.74567e-07 -8.55267e-07 0)
(7.39496e-07 -8.26024e-07 0)
(8.04417e-07 -7.96579e-07 0)
(8.69395e-07 -7.67182e-07 0)
(9.34237e-07 -7.3797e-07 0)
(9.98874e-07 -7.09055e-07 0)
(1.06319e-06 -6.80488e-07 0)
(1.12711e-06 -6.52282e-07 0)
(1.19058e-06 -6.24411e-07 0)
(1.25354e-06 -5.9682e-07 0)
(1.31596e-06 -5.6943e-07 0)
(1.37783e-06 -5.42143e-07 0)
(1.43915e-06 -5.1485e-07 0)
(1.49993e-06 -4.87438e-07 0)
(1.5602e-06 -4.59789e-07 0)
(1.61999e-06 -4.31794e-07 0)
(1.67937e-06 -4.03351e-07 0)
(1.73842e-06 -3.74375e-07 0)
(1.79721e-06 -3.44801e-07 0)
(1.85588e-06 -3.14602e-07 0)
(1.91454e-06 -2.83756e-07 3.78597e-23)
(6.5716e-07 -8.83834e-07 0)
(7.20383e-07 -8.54992e-07 0)
(7.83698e-07 -8.25819e-07 0)
(8.47157e-07 -7.96544e-07 0)
(9.10593e-07 -7.67327e-07 0)
(9.7394e-07 -7.38291e-07 0)
(1.03709e-06 -7.095e-07 0)
(1.09998e-06 -6.80985e-07 0)
(1.16255e-06 -6.52737e-07 0)
(1.22473e-06 -6.24719e-07 0)
(1.28651e-06 -5.96869e-07 0)
(1.34785e-06 -5.69108e-07 0)
(1.40875e-06 -5.41344e-07 0)
(1.46921e-06 -5.1348e-07 0)
(1.52925e-06 -4.85419e-07 0)
(1.58891e-06 -4.57068e-07 0)
(1.64823e-06 -4.28349e-07 0)
(1.70728e-06 -3.99198e-07 0)
(1.76612e-06 -3.69577e-07 0)
(1.82487e-06 -3.39479e-07 0)
(1.88362e-06 -3.08925e-07 5.95623e-24)
(6.39729e-07 -9.1138e-07 0)
(7.01321e-07 -8.82909e-07 0)
(7.63102e-07 -8.54e-07 0)
(8.2511e-07 -8.2487e-07 0)
(8.872e-07 -7.95694e-07 0)
(9.49314e-07 -7.666e-07 0)
(1.01135e-06 -7.37666e-07 0)
(1.07325e-06 -7.08933e-07 0)
(1.13494e-06 -6.80408e-07 0)
(1.19638e-06 -6.52068e-07 0)
(1.25752e-06 -6.23865e-07 0)
(1.31835e-06 -5.95735e-07 0)
(1.37883e-06 -5.67602e-07 0)
(1.43898e-06 -5.39383e-07 0)
(1.4988e-06 -5.10998e-07 0)
(1.55831e-06 -4.82371e-07 0)
(1.61755e-06 -4.53441e-07 0)
(1.67658e-06 -4.24163e-07 0)
(1.73545e-06 -3.94521e-07 0)
(1.79425e-06 -3.64528e-07 0)
(1.85306e-06 -3.34237e-07 3.17549e-23)
(6.21979e-07 -9.37984e-07 0)
(6.82017e-07 -9.09863e-07 0)
(7.42338e-07 -8.81211e-07 0)
(8.02973e-07 -8.52237e-07 0)
(8.63798e-07 -8.23141e-07 0)
(9.24754e-07 -7.94049e-07 0)
(9.85749e-07 -7.65042e-07 0)
(1.04672e-06 -7.36175e-07 0)
(1.10759e-06 -7.07463e-07 0)
(1.16833e-06 -6.78895e-07 0)
(1.22888e-06 -6.50437e-07 0)
(1.2892e-06 -6.22035e-07 0)
(1.3493e-06 -5.93626e-07 0)
(1.40914e-06 -5.65141e-07 0)
(1.46874e-06 -5.36512e-07 0)
(1.52811e-06 -5.07678e-07 0)
(1.58727e-06 -4.78592e-07 0)
(1.64627e-06 -4.49227e-07 0)
(1.70515e-06 -4.19583e-07 0)
(1.76398e-06 -3.89688e-07 0)
(1.82282e-06 -3.59622e-07 4.4147e-23)
(6.03612e-07 -9.63729e-07 0)
(6.62174e-07 -9.35927e-07 0)
(7.21093e-07 -9.07524e-07 0)
(7.8045e-07 -8.78737e-07 0)
(8.40121e-07 -8.49763e-07 0)
(9.00016e-07 -8.20722e-07 0)
(9.60062e-07 -7.91707e-07 0)
(1.02019e-06 -7.62778e-07 0)
(1.08032e-06 -7.33959e-07 0)
(1.14042e-06 -7.05248e-07 0)
(1.20043e-06 -6.76621e-07 0)
(1.26031e-06 -6.48033e-07 0)
(1.32004e-06 -6.19432e-07 0)
(1.3796e-06 -5.90759e-07 0)
(1.43899e-06 -5.61956e-07 0)
(1.49822e-06 -5.32974e-07 0)
(1.5573e-06 -5.03779e-07 0)
(1.61626e-06 -4.74356e-07 0)
(1.67514e-06 -4.4472e-07 0)
(1.73398e-06 -4.1491e-07 0)
(1.79284e-06 -3.85025e-07 -6.6376e-24)
(5.8427e-07 -9.88665e-07 0)
(6.41441e-07 -9.61148e-07 0)
(6.99098e-07 -9.33009e-07 0)
(7.57299e-07 -9.04461e-07 0)
(8.15922e-07 -8.75647e-07 0)
(8.74875e-07 -8.46705e-07 0)
(9.34084e-07 -8.1774e-07 0)
(9.93472e-07 -7.88814e-07 0)
(1.05297e-06 -7.5996e-07 0)
(1.11252e-06 -7.31181e-07 0)
(1.17206e-06 -7.0246e-07 0)
(1.23155e-06 -6.73762e-07 0)
(1.29097e-06 -6.4504e-07 0)
(1.35028e-06 -6.16245e-07 0)
(1.40949e-06 -5.87328e-07 0)
(1.46858e-06 -5.58249e-07 0)
(1.52758e-06 -5.28984e-07 0)
(1.58649e-06 -4.99526e-07 0)
(1.64535e-06 -4.699e-07 0)
(1.70419e-06 -4.40156e-07 0)
(1.76305e-06 -4.10402e-07 6.33614e-24)
(5.63578e-07 -1.01289e-06 0)
(6.1947e-07 -9.85695e-07 0)
(6.76025e-07 -9.57845e-07 0)
(7.33211e-07 -9.29538e-07 0)
(7.90923e-07 -9.00914e-07 0)
(8.49085e-07 -8.72119e-07 0)
(9.07603e-07 -8.43255e-07 0)
(9.66395e-07 -8.1439e-07 0)
(1.02538e-06 -7.85559e-07 0)
(1.08449e-06 -7.56774e-07 0)
(1.14366e-06 -7.2802e-07 0)
(1.20284e-06 -6.9927e-07 0)
(1.262e-06 -6.70486e-07 0)
(1.3211e-06 -6.41622e-07 0)
(1.38014e-06 -6.12639e-07 0)
(1.43911e-06 -5.83503e-07 0)
(1.49802e-06 -5.54195e-07 0)
(1.55688e-06 -5.24718e-07 0)
(1.61571e-06 -4.95101e-07 0)
(1.67454e-06 -4.65401e-07 0)
(1.73339e-06 -4.35726e-07 5.69817e-23)
(5.41223e-07 -1.03643e-06 0)
(5.95961e-07 -1.0096e-06 0)
(6.51536e-07 -9.82076e-07 0)
(7.07875e-07 -9.54046e-07 0)
(7.6487e-07 -9.25663e-07 0)
(8.22427e-07 -8.97066e-07 0)
(8.8044e-07 -8.68355e-07 0)
(9.38808e-07 -8.39602e-07 0)
(9.97438e-07 -8.10846e-07 0)
(1.05625e-06 -7.82101e-07 0)
(1.11516e-06 -7.53362e-07 0)
(1.17412e-06 -7.24605e-07 0)
(1.23308e-06 -6.95798e-07 0)
(1.29201e-06 -6.66905e-07 0)
(1.35091e-06 -6.37889e-07 0)
(1.40975e-06 -6.08724e-07 0)
(1.46857e-06 -5.79396e-07 0)
(1.52736e-06 -5.49911e-07 0)
(1.58615e-06 -5.20303e-07 0)
(1.64496e-06 -4.90627e-07 0)
(1.70379e-06 -4.60977e-07 4.41553e-23)
(5.16553e-07 -1.0595e-06 -2.16718e-23)
(5.70294e-07 -1.03308e-06 -3.22914e-23)
(6.25107e-07 -1.00592e-06 -2.5524e-23)
(6.80844e-07 -9.78223e-07 1.79682e-24)
(7.37377e-07 -9.50122e-07 1.12866e-23)
(7.94589e-07 -9.21759e-07 -1.14677e-23)
(8.52347e-07 -8.93237e-07 -2.75451e-23)
(9.10527e-07 -8.64626e-07 -1.52999e-23)
(9.69014e-07 -8.35972e-07 -5.38648e-24)
(1.0277e-06 -8.07294e-07 -2.8571e-23)
(1.08651e-06 -7.78591e-07 -3.32442e-23)
(1.14536e-06 -7.49847e-07 -2.16756e-23)
(1.2042e-06 -7.21037e-07 -1.62555e-23)
(1.26301e-06 -6.9213e-07 -1.62439e-23)
(1.32176e-06 -6.63097e-07 -1.62366e-23)
(1.38047e-06 -6.33917e-07 -3.62961e-24)
(1.43915e-06 -6.0458e-07 7.18623e-24)
(1.49784e-06 -5.75096e-07 -1.81188e-23)
(1.55656e-06 -5.45496e-07 -3.43442e-23)
(1.61534e-06 -5.15834e-07 -8.91469e-24)
(1.67417e-06 -4.86186e-07 2.88885e-23)
(9.74089e-07 -4.44006e-07 0)
(1.05748e-06 -4.13037e-07 0)
(1.13771e-06 -3.85652e-07 0)
(1.21542e-06 -3.61973e-07 0)
(1.29066e-06 -3.41093e-07 0)
(1.36356e-06 -3.22553e-07 0)
(1.43426e-06 -3.05826e-07 0)
(1.50293e-06 -2.90454e-07 0)
(1.56975e-06 -2.76012e-07 0)
(1.63489e-06 -2.62119e-07 0)
(1.69851e-06 -2.48425e-07 0)
(1.76075e-06 -2.34605e-07 0)
(1.82173e-06 -2.20349e-07 0)
(1.88158e-06 -2.05355e-07 0)
(1.9404e-06 -1.89315e-07 0)
(1.99826e-06 -1.71906e-07 0)
(2.05525e-06 -1.52779e-07 0)
(2.11143e-06 -1.31559e-07 0)
(2.16692e-06 -1.07786e-07 0)
(2.22174e-06 -8.10454e-08 0)
(2.27613e-06 -5.04832e-08 1.87303e-23)
(9.28949e-07 -4.89946e-07 0)
(1.01172e-06 -4.58495e-07 0)
(1.09199e-06 -4.2986e-07 0)
(1.17005e-06 -4.04502e-07 0)
(1.2459e-06 -3.81744e-07 0)
(1.31958e-06 -3.61206e-07 0)
(1.39117e-06 -3.42442e-07 0)
(1.46078e-06 -3.25041e-07 0)
(1.52856e-06 -3.08614e-07 0)
(1.59463e-06 -2.92798e-07 0)
(1.65914e-06 -2.77254e-07 0)
(1.72222e-06 -2.61662e-07 0)
(1.78399e-06 -2.45712e-07 0)
(1.84455e-06 -2.29103e-07 0)
(1.90401e-06 -2.11525e-07 0)
(1.96247e-06 -1.92659e-07 0)
(2.02003e-06 -1.72164e-07 0)
(2.07676e-06 -1.49675e-07 0)
(2.1328e-06 -1.24758e-07 0)
(2.18822e-06 -9.70263e-08 0)
(2.24326e-06 -6.56999e-08 3.81328e-23)
(8.89506e-07 -5.34424e-07 0)
(9.71175e-07 -5.02527e-07 0)
(1.05075e-06 -4.73008e-07 0)
(1.12852e-06 -4.46351e-07 0)
(1.20434e-06 -4.22029e-07 0)
(1.27822e-06 -3.99756e-07 0)
(1.35017e-06 -3.79166e-07 0)
(1.42027e-06 -3.59903e-07 0)
(1.4886e-06 -3.41617e-07 0)
(1.55526e-06 -3.23976e-07 0)
(1.62037e-06 -3.06658e-07 0)
(1.68404e-06 -2.89355e-07 0)
(1.74638e-06 -2.71766e-07 0)
(1.80748e-06 -2.53595e-07 0)
(1.86747e-06 -2.3454e-07 0)
(1.92643e-06 -2.1429e-07 0)
(1.98447e-06 -1.92517e-07 0)
(2.04169e-06 -1.68876e-07 0)
(2.09824e-06 -1.42963e-07 0)
(2.15422e-06 -1.14425e-07 0)
(2.20988e-06 -8.25626e-08 5.50314e-23)
(8.548e-07 -5.77019e-07 0)
(9.34979e-07 -5.44983e-07 0)
(1.01343e-06 -5.14881e-07 0)
(1.09043e-06 -4.87216e-07 0)
(1.16577e-06 -4.61604e-07 0)
(1.23941e-06 -4.3784e-07 0)
(1.3113e-06 -4.15635e-07 0)
(1.3815e-06 -3.94688e-07 0)
(1.45003e-06 -3.74694e-07 0)
(1.51698e-06 -3.55353e-07 0)
(1.58243e-06 -3.36367e-07 0)
(1.64646e-06 -3.17446e-07 0)
(1.70918e-06 -2.98303e-07 0)
(1.77068e-06 -2.78652e-07 0)
(1.83106e-06 -2.58205e-07 0)
(1.89041e-06 -2.36665e-07 0)
(1.94886e-06 -2.13721e-07 0)
(2.00651e-06 -1.89054e-07 0)
(2.06351e-06 -1.62295e-07 0)
(2.12001e-06 -1.33129e-07 0)
(2.17623e-06 -1.00941e-07 4.82814e-23)
(8.24197e-07 -6.17723e-07 0)
(9.02597e-07 -5.85731e-07 0)
(9.79622e-07 -5.55298e-07 0)
(1.05551e-06 -5.26895e-07 0)
(1.13e-06 -5.00254e-07 0)
(1.20303e-06 -4.75243e-07 0)
(1.27454e-06 -4.5164e-07 0)
(1.34451e-06 -4.292e-07 0)
(1.41295e-06 -4.07664e-07 0)
(1.47992e-06 -3.86766e-07 0)
(1.54547e-06 -3.66236e-07 0)
(1.60966e-06 -3.45807e-07 0)
(1.67259e-06 -3.2521e-07 0)
(1.73434e-06 -3.04177e-07 0)
(1.79499e-06 -2.82434e-07 0)
(1.85465e-06 -2.59704e-07 0)
(1.91342e-06 -2.35699e-07 0)
(1.97143e-06 -2.10126e-07 0)
(2.02884e-06 -1.82658e-07 0)
(2.08579e-06 -1.53018e-07 0)
(2.14252e-06 -1.20682e-07 4.87151e-23)
(7.96967e-07 -6.56527e-07 0)
(8.7344e-07 -6.24749e-07 0)
(9.48842e-07 -5.94182e-07 0)
(1.02338e-06 -5.65262e-07 0)
(1.09677e-06 -5.37816e-07 0)
(1.16893e-06 -5.11777e-07 0)
(1.23978e-06 -4.86981e-07 0)
(1.30926e-06 -4.63236e-07 0)
(1.37737e-06 -4.40328e-07 0)
(1.44414e-06 -4.18026e-07 0)
(1.50958e-06 -3.96091e-07 0)
(1.57377e-06 -3.7428e-07 0)
(1.63675e-06 -3.52346e-07 0)
(1.69861e-06 -3.3004e-07 0)
(1.75942e-06 -3.07109e-07 0)
(1.81929e-06 -2.83298e-07 0)
(1.87832e-06 -2.58345e-07 0)
(1.93663e-06 -2.31987e-07 0)
(1.99438e-06 -2.03938e-07 0)
(2.05173e-06 -1.73963e-07 0)
(2.10891e-06 -1.41625e-07 4.90972e-23)
(7.72506e-07 -6.93511e-07 0)
(8.46979e-07 -6.62065e-07 0)
(9.20645e-07 -6.31515e-07 0)
(9.93674e-07 -6.02256e-07 0)
(1.06578e-06 -5.74201e-07 0)
(1.13689e-06 -5.47331e-07 0)
(1.20687e-06 -5.21534e-07 0)
(1.27567e-06 -4.96667e-07 0)
(1.34325e-06 -4.72556e-07 0)
(1.40963e-06 -4.49007e-07 0)
(1.47481e-06 -4.25811e-07 0)
(1.53883e-06 -4.02751e-07 0)
(1.60173e-06 -3.79604e-07 0)
(1.66359e-06 -3.56143e-07 0)
(1.72448e-06 -3.32138e-07 0)
(1.78447e-06 -3.07359e-07 0)
(1.84369e-06 -2.81569e-07 0)
(1.90224e-06 -2.54539e-07 0)
(1.96028e-06 -2.26024e-07 0)
(2.01797e-06 -1.95831e-07 0)
(2.07553e-06 -1.63607e-07 4.22987e-23)
(7.50257e-07 -7.2878e-07 0)
(8.22722e-07 -6.97744e-07 0)
(8.94602e-07 -6.6732e-07 0)
(9.66039e-07 -6.37866e-07 0)
(1.03675e-06 -6.09362e-07 0)
(1.10666e-06 -5.81831e-07 0)
(1.17563e-06 -5.55207e-07 0)
(1.24359e-06 -5.29388e-07 0)
(1.31051e-06 -5.04238e-07 0)
(1.37635e-06 -4.79596e-07 0)
(1.44113e-06 -4.55285e-07 0)
(1.50486e-06 -4.31113e-07 0)
(1.56758e-06 -4.06882e-07 0)
(1.62935e-06 -3.8239e-07 0)
(1.69022e-06 -3.57429e-07 0)
(1.75027e-06 -3.31794e-07 0)
(1.80961e-06 -3.05278e-07 0)
(1.86835e-06 -2.77682e-07 0)
(1.92662e-06 -2.48804e-07 0)
(1.98461e-06 -2.18489e-07 0)
(2.04249e-06 -1.86465e-07 5.20293e-24)
(7.29741e-07 -7.62464e-07 0)
(8.00228e-07 -7.31877e-07 0)
(8.70315e-07 -7.01651e-07 0)
(9.40118e-07 -6.72112e-07 0)
(1.00938e-06 -6.43292e-07 0)
(1.078e-06 -6.15247e-07 0)
(1.14586e-06 -5.8795e-07 0)
(1.21289e-06 -5.61335e-07 0)
(1.27902e-06 -5.35301e-07 0)
(1.34422e-06 -5.09717e-07 0)
(1.4085e-06 -4.84434e-07 0)
(1.47185e-06 -4.59287e-07 0)
(1.5343e-06 -4.34104e-07 0)
(1.59589e-06 -4.08703e-07 0)
(1.65667e-06 -3.82903e-07 0)
(1.71673e-06 -3.56523e-07 0)
(1.77614e-06 -3.29385e-07 0)
(1.83501e-06 -3.01322e-07 0)
(1.89347e-06 -2.72169e-07 0)
(1.9517e-06 -2.4181e-07 0)
(2.00985e-06 -2.10047e-07 2.50715e-23)
(7.10531e-07 -7.94692e-07 0)
(7.79096e-07 -7.64566e-07 0)
(8.47413e-07 -7.34583e-07 0)
(9.1558e-07 -7.05038e-07 0)
(9.83354e-07 -6.76009e-07 0)
(1.05065e-06 -6.47575e-07 0)
(1.11735e-06 -6.1974e-07 0)
(1.18336e-06 -5.92472e-07 0)
(1.24864e-06 -5.65696e-07 0)
(1.31313e-06 -5.39313e-07 0)
(1.37683e-06 -5.13198e-07 0)
(1.43973e-06 -4.87211e-07 0)
(1.50184e-06 -4.61202e-07 0)
(1.5632e-06 -4.35015e-07 0)
(1.62385e-06 -4.08491e-07 0)
(1.68385e-06 -3.81473e-07 0)
(1.74328e-06 -3.53812e-07 0)
(1.80225e-06 -3.2537e-07 0)
(1.86086e-06 -2.96018e-07 0)
(1.91927e-06 -2.65675e-07 0)
(1.97764e-06 -2.34208e-07 3.75297e-23)
(6.92253e-07 -8.25587e-07 0)
(7.58963e-07 -7.95914e-07 0)
(8.25554e-07 -7.66196e-07 0)
(8.92106e-07 -7.36705e-07 0)
(9.58401e-07 -7.07551e-07 0)
(1.02436e-06 -6.78832e-07 0)
(1.08986e-06 -6.50579e-07 0)
(1.15484e-06 -6.22785e-07 0)
(1.21922e-06 -5.95401e-07 0)
(1.28295e-06 -5.68352e-07 0)
(1.34603e-06 -5.41537e-07 0)
(1.40842e-06 -5.14839e-07 0)
(1.47015e-06 -4.88129e-07 0)
(1.53124e-06 -4.61273e-07 0)
(1.59171e-06 -4.34135e-07 0)
(1.65162e-06 -4.06581e-07 0)
(1.71104e-06 -3.78488e-07 0)
(1.77006e-06 -3.49744e-07 0)
(1.82878e-06 -3.20257e-07 0)
(1.88734e-06 -2.89972e-07 0)
(1.94588e-06 -2.58817e-07 3.19035e-23)
(6.74567e-07 -8.55267e-07 0)
(7.39496e-07 -8.26024e-07 0)
(8.04417e-07 -7.96579e-07 0)
(8.69395e-07 -7.67182e-07 0)
(9.34237e-07 -7.3797e-07 0)
(9.98874e-07 -7.09055e-07 0)
(1.06319e-06 -6.80488e-07 0)
(1.12711e-06 -6.52282e-07 0)
(1.19058e-06 -6.24411e-07 0)
(1.25354e-06 -5.9682e-07 0)
(1.31596e-06 -5.6943e-07 0)
(1.37783e-06 -5.42143e-07 0)
(1.43915e-06 -5.1485e-07 0)
(1.49993e-06 -4.87438e-07 0)
(1.5602e-06 -4.59789e-07 0)
(1.61999e-06 -4.31794e-07 0)
(1.67937e-06 -4.03351e-07 0)
(1.73842e-06 -3.74375e-07 0)
(1.79721e-06 -3.44801e-07 0)
(1.85588e-06 -3.14602e-07 0)
(1.91454e-06 -2.83756e-07 3.78597e-23)
(6.5716e-07 -8.83834e-07 0)
(7.20383e-07 -8.54992e-07 0)
(7.83698e-07 -8.25819e-07 0)
(8.47157e-07 -7.96544e-07 0)
(9.10593e-07 -7.67327e-07 0)
(9.7394e-07 -7.38291e-07 0)
(1.03709e-06 -7.095e-07 0)
(1.09998e-06 -6.80985e-07 0)
(1.16255e-06 -6.52737e-07 0)
(1.22473e-06 -6.24719e-07 0)
(1.28651e-06 -5.96869e-07 0)
(1.34785e-06 -5.69108e-07 0)
(1.40875e-06 -5.41344e-07 0)
(1.46921e-06 -5.1348e-07 0)
(1.52925e-06 -4.85419e-07 0)
(1.58891e-06 -4.57068e-07 0)
(1.64823e-06 -4.28349e-07 0)
(1.70728e-06 -3.99198e-07 0)
(1.76612e-06 -3.69577e-07 0)
(1.82487e-06 -3.39479e-07 0)
(1.88362e-06 -3.08925e-07 5.95623e-24)
(6.39729e-07 -9.1138e-07 0)
(7.01321e-07 -8.82909e-07 0)
(7.63102e-07 -8.54e-07 0)
(8.2511e-07 -8.2487e-07 0)
(8.872e-07 -7.95694e-07 0)
(9.49314e-07 -7.666e-07 0)
(1.01135e-06 -7.37666e-07 0)
(1.07325e-06 -7.08933e-07 0)
(1.13494e-06 -6.80408e-07 0)
(1.19638e-06 -6.52068e-07 0)
(1.25752e-06 -6.23865e-07 0)
(1.31835e-06 -5.95735e-07 0)
(1.37883e-06 -5.67602e-07 0)
(1.43898e-06 -5.39383e-07 0)
(1.4988e-06 -5.10998e-07 0)
(1.55831e-06 -4.82371e-07 0)
(1.61755e-06 -4.53441e-07 0)
(1.67658e-06 -4.24163e-07 0)
(1.73545e-06 -3.94521e-07 0)
(1.79425e-06 -3.64528e-07 0)
(1.85306e-06 -3.34237e-07 3.17549e-23)
(6.21979e-07 -9.37984e-07 0)
(6.82017e-07 -9.09863e-07 0)
(7.42338e-07 -8.81211e-07 0)
(8.02973e-07 -8.52237e-07 0)
(8.63798e-07 -8.23141e-07 0)
(9.24754e-07 -7.94049e-07 0)
(9.85749e-07 -7.65042e-07 0)
(1.04672e-06 -7.36175e-07 0)
(1.10759e-06 -7.07463e-07 0)
(1.16833e-06 -6.78895e-07 0)
(1.22888e-06 -6.50437e-07 0)
(1.2892e-06 -6.22035e-07 0)
(1.3493e-06 -5.93626e-07 0)
(1.40914e-06 -5.65141e-07 0)
(1.46874e-06 -5.36512e-07 0)
(1.52811e-06 -5.07678e-07 0)
(1.58727e-06 -4.78592e-07 0)
(1.64627e-06 -4.49227e-07 0)
(1.70515e-06 -4.19583e-07 0)
(1.76398e-06 -3.89688e-07 0)
(1.82282e-06 -3.59622e-07 4.4147e-23)
(6.03612e-07 -9.63729e-07 0)
(6.62174e-07 -9.35927e-07 0)
(7.21093e-07 -9.07524e-07 0)
(7.8045e-07 -8.78737e-07 0)
(8.40121e-07 -8.49763e-07 0)
(9.00016e-07 -8.20722e-07 0)
(9.60062e-07 -7.91707e-07 0)
(1.02019e-06 -7.62778e-07 0)
(1.08032e-06 -7.33959e-07 0)
(1.14042e-06 -7.05248e-07 0)
(1.20043e-06 -6.76621e-07 0)
(1.26031e-06 -6.48033e-07 0)
(1.32004e-06 -6.19432e-07 0)
(1.3796e-06 -5.90759e-07 0)
(1.43899e-06 -5.61956e-07 0)
(1.49822e-06 -5.32974e-07 0)
(1.5573e-06 -5.03779e-07 0)
(1.61626e-06 -4.74356e-07 0)
(1.67514e-06 -4.4472e-07 0)
(1.73398e-06 -4.1491e-07 0)
(1.79284e-06 -3.85025e-07 -6.6376e-24)
(5.8427e-07 -9.88665e-07 0)
(6.41441e-07 -9.61148e-07 0)
(6.99098e-07 -9.33009e-07 0)
(7.57299e-07 -9.04461e-07 0)
(8.15922e-07 -8.75647e-07 0)
(8.74875e-07 -8.46705e-07 0)
(9.34084e-07 -8.1774e-07 0)
(9.93472e-07 -7.88814e-07 0)
(1.05297e-06 -7.5996e-07 0)
(1.11252e-06 -7.31181e-07 0)
(1.17206e-06 -7.0246e-07 0)
(1.23155e-06 -6.73762e-07 0)
(1.29097e-06 -6.4504e-07 0)
(1.35028e-06 -6.16245e-07 0)
(1.40949e-06 -5.87328e-07 0)
(1.46858e-06 -5.58249e-07 0)
(1.52758e-06 -5.28984e-07 0)
(1.58649e-06 -4.99526e-07 0)
(1.64535e-06 -4.699e-07 0)
(1.70419e-06 -4.40156e-07 0)
(1.76305e-06 -4.10402e-07 6.33614e-24)
(5.63578e-07 -1.01289e-06 0)
(6.1947e-07 -9.85695e-07 0)
(6.76025e-07 -9.57845e-07 0)
(7.33211e-07 -9.29538e-07 0)
(7.90923e-07 -9.00914e-07 0)
(8.49085e-07 -8.72119e-07 0)
(9.07603e-07 -8.43255e-07 0)
(9.66395e-07 -8.1439e-07 0)
(1.02538e-06 -7.85559e-07 0)
(1.08449e-06 -7.56774e-07 0)
(1.14366e-06 -7.2802e-07 0)
(1.20284e-06 -6.9927e-07 0)
(1.262e-06 -6.70486e-07 0)
(1.3211e-06 -6.41622e-07 0)
(1.38014e-06 -6.12639e-07 0)
(1.43911e-06 -5.83503e-07 0)
(1.49802e-06 -5.54195e-07 0)
(1.55688e-06 -5.24718e-07 0)
(1.61571e-06 -4.95101e-07 0)
(1.67454e-06 -4.65401e-07 0)
(1.73339e-06 -4.35726e-07 5.69817e-23)
(5.41223e-07 -1.03643e-06 0)
(5.95961e-07 -1.0096e-06 0)
(6.51536e-07 -9.82076e-07 0)
(7.07875e-07 -9.54046e-07 0)
(7.6487e-07 -9.25663e-07 0)
(8.22427e-07 -8.97066e-07 0)
(8.8044e-07 -8.68355e-07 0)
(9.38808e-07 -8.39602e-07 0)
(9.97438e-07 -8.10846e-07 0)
(1.05625e-06 -7.82101e-07 0)
(1.11516e-06 -7.53362e-07 0)
(1.17412e-06 -7.24605e-07 0)
(1.23308e-06 -6.95798e-07 0)
(1.29201e-06 -6.66905e-07 0)
(1.35091e-06 -6.37889e-07 0)
(1.40975e-06 -6.08724e-07 0)
(1.46857e-06 -5.79396e-07 0)
(1.52736e-06 -5.49911e-07 0)
(1.58615e-06 -5.20303e-07 0)
(1.64496e-06 -4.90627e-07 0)
(1.70379e-06 -4.60977e-07 4.41553e-23)
(5.16553e-07 -1.0595e-06 -2.16718e-23)
(5.70294e-07 -1.03308e-06 -3.22914e-23)
(6.25107e-07 -1.00592e-06 -2.5524e-23)
(6.80844e-07 -9.78223e-07 1.79682e-24)
(7.37377e-07 -9.50122e-07 1.12866e-23)
(7.94589e-07 -9.21759e-07 -1.14677e-23)
(8.52347e-07 -8.93237e-07 -2.75451e-23)
(9.10527e-07 -8.64626e-07 -1.52999e-23)
(9.69014e-07 -8.35972e-07 -5.38648e-24)
(1.0277e-06 -8.07294e-07 -2.8571e-23)
(1.08651e-06 -7.78591e-07 -3.32442e-23)
(1.14536e-06 -7.49847e-07 -2.16756e-23)
(1.2042e-06 -7.21037e-07 -1.62555e-23)
(1.26301e-06 -6.9213e-07 -1.62439e-23)
(1.32176e-06 -6.63097e-07 -1.62366e-23)
(1.38047e-06 -6.33917e-07 -3.62961e-24)
(1.43915e-06 -6.0458e-07 7.18623e-24)
(1.49784e-06 -5.75096e-07 -1.81188e-23)
(1.55656e-06 -5.45496e-07 -3.43442e-23)
(1.61534e-06 -5.15834e-07 -8.91469e-24)
(1.67417e-06 -4.86186e-07 2.88885e-23)
(0 -9.22837e-07 0)
(8.40544e-08 -9.16322e-07 0)
(1.69294e-07 -8.97047e-07 0)
(2.56814e-07 -8.65755e-07 0)
(3.47534e-07 -8.23615e-07 0)
(4.42143e-07 -7.72164e-07 0)
(5.41017e-07 -7.13223e-07 0)
(6.44189e-07 -6.48801e-07 0)
(7.513e-07 -5.81019e-07 0)
(8.61768e-07 -5.11753e-07 0)
(0 -9.37011e-07 0)
(8.1646e-08 -9.31056e-07 0)
(1.64279e-07 -9.13432e-07 0)
(2.48807e-07 -8.8478e-07 0)
(3.36001e-07 -8.461e-07 0)
(4.26447e-07 -7.9871e-07 0)
(5.20484e-07 -7.44167e-07 0)
(6.18182e-07 -6.84176e-07 0)
(7.19243e-07 -6.20589e-07 0)
(8.23237e-07 -5.54877e-07 0)
(0 -9.51547e-07 0)
(7.95281e-08 -9.46086e-07 0)
(1.59875e-07 -9.29913e-07 0)
(2.41789e-07 -9.03589e-07 0)
(3.25908e-07 -8.67986e-07 0)
(4.12723e-07 -8.24248e-07 0)
(5.02523e-07 -7.7373e-07 0)
(5.95399e-07 -7.17897e-07 0)
(6.91145e-07 -6.58378e-07 0)
(7.89446e-07 -5.96337e-07 0)
(0 -9.66456e-07 0)
(7.76126e-08 -9.61425e-07 0)
(1.55909e-07 -9.46517e-07 0)
(2.35512e-07 -9.22231e-07 0)
(3.1695e-07 -8.89333e-07 0)
(4.00636e-07 -8.4883e-07 0)
(4.86806e-07 -8.01917e-07 0)
(5.75539e-07 -7.49873e-07 0)
(6.6668e-07 -6.9415e-07 0)
(7.59916e-07 -6.35771e-07 0)
(0 -9.81721e-07 0)
(7.58411e-08 -9.77068e-07 0)
(1.52255e-07 -9.63275e-07 0)
(2.29762e-07 -9.40787e-07 0)
(3.08803e-07 -9.10291e-07 0)
(3.8972e-07 -8.72683e-07 0)
(4.72712e-07 -8.29028e-07 0)
(5.57838e-07 -7.80456e-07 0)
(6.45001e-07 -7.28254e-07 0)
(7.33862e-07 -6.73359e-07 0)
(0 -9.97321e-07 0)
(7.41733e-08 -9.93e-07 0)
(1.48831e-07 -9.80186e-07 0)
(2.24412e-07 -9.59283e-07 0)
(3.01286e-07 -9.30909e-07 0)
(3.79736e-07 -8.95872e-07 0)
(4.5993e-07 -8.55134e-07 0)
(5.41896e-07 -8.0971e-07 0)
(6.25582e-07 -7.60747e-07 0)
(7.10634e-07 -7.09141e-07 0)
(0 -1.01322e-06 0)
(7.25723e-08 -1.0092e-06 0)
(1.45559e-07 -9.97252e-07 0)
(2.19332e-07 -9.77755e-07 0)
(2.94208e-07 -9.5127e-07 0)
(3.7042e-07 -9.18532e-07 0)
(4.48113e-07 -8.80415e-07 0)
(5.27291e-07 -8.37841e-07 0)
(6.07929e-07 -7.91837e-07 0)
(6.89671e-07 -7.43267e-07 0)
(0 -1.0294e-06 0)
(7.10123e-08 -1.02563e-06 0)
(1.42383e-07 -1.01446e-06 0)
(2.14436e-07 -9.96208e-07 0)
(2.87441e-07 -9.71404e-07 0)
(3.61595e-07 -9.4072e-07 0)
(4.37022e-07 -9.04954e-07 0)
(5.13707e-07 -8.64956e-07 0)
(5.91642e-07 -8.21649e-07 0)
(6.70485e-07 -7.75869e-07 0)
(0 -1.0458e-06 0)
(6.94689e-08 -1.04227e-06 0)
(1.39254e-07 -1.03178e-06 0)
(2.09639e-07 -1.01465e-06 0)
(2.80862e-07 -9.9135e-07 0)
(3.53091e-07 -9.62508e-07 0)
(4.26434e-07 -9.28855e-07 0)
(5.00864e-07 -8.91183e-07 0)
(5.7638e-07 -8.50325e-07 0)
(6.52661e-07 -8.07088e-07 0)
(0 -1.0624e-06 0)
(6.79222e-08 -1.05907e-06 0)
(1.36128e-07 -1.0492e-06 0)
(2.04874e-07 -1.03307e-06 0)
(2.74374e-07 -1.01112e-06 0)
(3.44772e-07 -9.83933e-07 0)
(4.16167e-07 -9.52185e-07 0)
(4.88525e-07 -9.16613e-07 0)
(5.61846e-07 -8.7798e-07 0)
(6.35837e-07 -8.37054e-07 0)
(0 -1.07913e-06 0)
(6.63528e-08 -1.076e-06 0)
(1.32967e-07 -1.06668e-06 0)
(2.00077e-07 -1.05145e-06 0)
(2.67882e-07 -1.03072e-06 0)
(3.36512e-07 -1.00503e-06 0)
(4.06056e-07 -9.75002e-07 0)
(4.76479e-07 -9.41329e-07 0)
(5.47781e-07 -9.04713e-07 0)
(6.19697e-07 -8.65884e-07 0)
(0 -1.09597e-06 0)
(6.47422e-08 -1.093e-06 0)
(1.2973e-07 -1.08419e-06 0)
(1.95188e-07 -1.06977e-06 0)
(2.61301e-07 -1.05015e-06 0)
(3.28192e-07 -1.02581e-06 0)
(3.95947e-07 -9.97344e-07 0)
(4.64533e-07 -9.65394e-07 0)
(5.33946e-07 -9.30609e-07 0)
(6.03953e-07 -8.93682e-07 0)
(0 -1.11284e-06 0)
(6.30713e-08 -1.11003e-06 0)
(1.2638e-07 -1.10167e-06 0)
(1.90144e-07 -1.08801e-06 0)
(2.54543e-07 -1.06939e-06 0)
(3.19699e-07 -1.04628e-06 0)
(3.85693e-07 -1.01924e-06 0)
(4.52501e-07 -9.88853e-07 0)
(5.20117e-07 -9.55735e-07 0)
(5.88337e-07 -9.20535e-07 0)
(0 -1.12969e-06 0)
(6.13196e-08 -1.12702e-06 0)
(1.22874e-07 -1.11909e-06 0)
(1.8488e-07 -1.10611e-06 0)
(2.47518e-07 -1.08842e-06 0)
(3.10912e-07 -1.06644e-06 0)
(3.75144e-07 -1.0407e-06 0)
(4.402e-07 -1.01174e-06 0)
(5.06074e-07 -9.80148e-07 0)
(5.72588e-07 -9.4652e-07 0)
(0 -1.14645e-06 0)
(5.94647e-08 -1.14391e-06 0)
(1.19167e-07 -1.13637e-06 0)
(1.79327e-07 -1.12403e-06 0)
(2.40131e-07 -1.10719e-06 0)
(3.01707e-07 -1.08626e-06 0)
(3.64144e-07 -1.06172e-06 0)
(4.27441e-07 -1.03408e-06 0)
(4.91592e-07 -1.00388e-06 0)
(5.56447e-07 -9.71692e-07 0)
(0 -1.16305e-06 0)
(5.74805e-08 -1.16064e-06 0)
(1.15206e-07 -1.15346e-06 0)
(1.73404e-07 -1.14172e-06 0)
(2.3227e-07 -1.12568e-06 0)
(2.91944e-07 -1.10573e-06 0)
(3.52521e-07 -1.0823e-06 0)
(4.14016e-07 -1.05589e-06 0)
(4.76431e-07 -1.02698e-06 0)
(5.39637e-07 -9.9612e-07 0)
(0 -1.17938e-06 0)
(5.53382e-08 -1.17708e-06 0)
(1.10932e-07 -1.17025e-06 0)
(1.67023e-07 -1.15907e-06 0)
(2.23817e-07 -1.14379e-06 0)
(2.81467e-07 -1.12476e-06 0)
(3.40084e-07 -1.10239e-06 0)
(3.997e-07 -1.07713e-06 0)
(4.60325e-07 -1.04944e-06 0)
(5.21859e-07 -1.01982e-06 0)
(0 -1.19537e-06 0)
(5.29999e-08 -1.19319e-06 0)
(1.06271e-07 -1.1867e-06 0)
(1.60069e-07 -1.17606e-06 0)
(2.14616e-07 -1.1615e-06 0)
(2.70085e-07 -1.14336e-06 0)
(3.26602e-07 -1.122e-06 0)
(3.84223e-07 -1.09785e-06 0)
(4.42967e-07 -1.07132e-06 0)
(5.02768e-07 -1.04288e-06 0)
(-0 -1.2108e-06 -2.70814e-27)
(5.04326e-08 -1.20873e-06 0)
(1.01155e-07 -1.20257e-06 0)
(1.5244e-07 -1.19246e-06 0)
(2.04531e-07 -1.17863e-06 0)
(2.57621e-07 -1.16136e-06 0)
(3.11861e-07 -1.14099e-06 0)
(3.67332e-07 -1.11792e-06 0)
(4.24075e-07 -1.09254e-06 0)
(4.82054e-07 -1.06526e-06 0)
(-0 -1.22573e-06 -4.42799e-24)
(4.75492e-08 -1.22377e-06 -6.40507e-24)
(9.54127e-08 -1.21794e-06 -4.13421e-24)
(1.43883e-07 -1.20836e-06 -5.54589e-24)
(1.93226e-07 -1.19525e-06 -1.28069e-24)
(2.43664e-07 -1.17885e-06 1.80534e-23)
(2.9538e-07 -1.15949e-06 -2.87488e-24)
(3.48486e-07 -1.13751e-06 -7.35675e-24)
(4.03062e-07 -1.11327e-06 2.3199e-23)
(4.59094e-07 -1.08717e-06 9.03324e-24)
(0 -9.22837e-07 0)
(8.40544e-08 -9.16322e-07 0)
(1.69294e-07 -8.97047e-07 0)
(2.56814e-07 -8.65755e-07 0)
(3.47534e-07 -8.23615e-07 0)
(4.42143e-07 -7.72164e-07 0)
(5.41017e-07 -7.13223e-07 0)
(6.44189e-07 -6.48801e-07 0)
(7.513e-07 -5.81019e-07 0)
(8.61768e-07 -5.11753e-07 0)
(0 -9.37011e-07 0)
(8.1646e-08 -9.31056e-07 0)
(1.64279e-07 -9.13432e-07 0)
(2.48807e-07 -8.8478e-07 0)
(3.36001e-07 -8.461e-07 0)
(4.26447e-07 -7.9871e-07 0)
(5.20484e-07 -7.44167e-07 0)
(6.18182e-07 -6.84176e-07 0)
(7.19243e-07 -6.20589e-07 0)
(8.23237e-07 -5.54877e-07 0)
(0 -9.51547e-07 0)
(7.95281e-08 -9.46086e-07 0)
(1.59875e-07 -9.29913e-07 0)
(2.41789e-07 -9.03589e-07 0)
(3.25908e-07 -8.67986e-07 0)
(4.12723e-07 -8.24248e-07 0)
(5.02523e-07 -7.7373e-07 0)
(5.95399e-07 -7.17897e-07 0)
(6.91145e-07 -6.58378e-07 0)
(7.89446e-07 -5.96337e-07 0)
(0 -9.66456e-07 0)
(7.76126e-08 -9.61425e-07 0)
(1.55909e-07 -9.46517e-07 0)
(2.35512e-07 -9.22231e-07 0)
(3.1695e-07 -8.89333e-07 0)
(4.00636e-07 -8.4883e-07 0)
(4.86806e-07 -8.01917e-07 0)
(5.75539e-07 -7.49873e-07 0)
(6.6668e-07 -6.9415e-07 0)
(7.59916e-07 -6.35771e-07 0)
(0 -9.81721e-07 0)
(7.58411e-08 -9.77068e-07 0)
(1.52255e-07 -9.63275e-07 0)
(2.29762e-07 -9.40787e-07 0)
(3.08803e-07 -9.10291e-07 0)
(3.8972e-07 -8.72683e-07 0)
(4.72712e-07 -8.29028e-07 0)
(5.57838e-07 -7.80456e-07 0)
(6.45001e-07 -7.28254e-07 0)
(7.33862e-07 -6.73359e-07 0)
(0 -9.97321e-07 0)
(7.41733e-08 -9.93e-07 0)
(1.48831e-07 -9.80186e-07 0)
(2.24412e-07 -9.59283e-07 0)
(3.01286e-07 -9.30909e-07 0)
(3.79736e-07 -8.95872e-07 0)
(4.5993e-07 -8.55134e-07 0)
(5.41896e-07 -8.0971e-07 0)
(6.25582e-07 -7.60747e-07 0)
(7.10634e-07 -7.09141e-07 0)
(0 -1.01322e-06 0)
(7.25723e-08 -1.0092e-06 0)
(1.45559e-07 -9.97252e-07 0)
(2.19332e-07 -9.77755e-07 0)
(2.94208e-07 -9.5127e-07 0)
(3.7042e-07 -9.18532e-07 0)
(4.48113e-07 -8.80415e-07 0)
(5.27291e-07 -8.37841e-07 0)
(6.07929e-07 -7.91837e-07 0)
(6.89671e-07 -7.43267e-07 0)
(0 -1.0294e-06 0)
(7.10123e-08 -1.02563e-06 0)
(1.42383e-07 -1.01446e-06 0)
(2.14436e-07 -9.96208e-07 0)
(2.87441e-07 -9.71404e-07 0)
(3.61595e-07 -9.4072e-07 0)
(4.37022e-07 -9.04954e-07 0)
(5.13707e-07 -8.64956e-07 0)
(5.91642e-07 -8.21649e-07 0)
(6.70485e-07 -7.75869e-07 0)
(0 -1.0458e-06 0)
(6.94689e-08 -1.04227e-06 0)
(1.39254e-07 -1.03178e-06 0)
(2.09639e-07 -1.01465e-06 0)
(2.80862e-07 -9.9135e-07 0)
(3.53091e-07 -9.62508e-07 0)
(4.26434e-07 -9.28855e-07 0)
(5.00864e-07 -8.91183e-07 0)
(5.7638e-07 -8.50325e-07 0)
(6.52661e-07 -8.07088e-07 0)
(0 -1.0624e-06 0)
(6.79222e-08 -1.05907e-06 0)
(1.36128e-07 -1.0492e-06 0)
(2.04874e-07 -1.03307e-06 0)
(2.74374e-07 -1.01112e-06 0)
(3.44772e-07 -9.83933e-07 0)
(4.16167e-07 -9.52185e-07 0)
(4.88525e-07 -9.16613e-07 0)
(5.61846e-07 -8.7798e-07 0)
(6.35837e-07 -8.37054e-07 0)
(0 -1.07913e-06 0)
(6.63528e-08 -1.076e-06 0)
(1.32967e-07 -1.06668e-06 0)
(2.00077e-07 -1.05145e-06 0)
(2.67882e-07 -1.03072e-06 0)
(3.36512e-07 -1.00503e-06 0)
(4.06056e-07 -9.75002e-07 0)
(4.76479e-07 -9.41329e-07 0)
(5.47781e-07 -9.04713e-07 0)
(6.19697e-07 -8.65884e-07 0)
(0 -1.09597e-06 0)
(6.47422e-08 -1.093e-06 0)
(1.2973e-07 -1.08419e-06 0)
(1.95188e-07 -1.06977e-06 0)
(2.61301e-07 -1.05015e-06 0)
(3.28192e-07 -1.02581e-06 0)
(3.95947e-07 -9.97344e-07 0)
(4.64533e-07 -9.65394e-07 0)
(5.33946e-07 -9.30609e-07 0)
(6.03953e-07 -8.93682e-07 0)
(0 -1.11284e-06 0)
(6.30713e-08 -1.11003e-06 0)
(1.2638e-07 -1.10167e-06 0)
(1.90144e-07 -1.08801e-06 0)
(2.54543e-07 -1.06939e-06 0)
(3.19699e-07 -1.04628e-06 0)
(3.85693e-07 -1.01924e-06 0)
(4.52501e-07 -9.88853e-07 0)
(5.20117e-07 -9.55735e-07 0)
(5.88337e-07 -9.20535e-07 0)
(0 -1.12969e-06 0)
(6.13196e-08 -1.12702e-06 0)
(1.22874e-07 -1.11909e-06 0)
(1.8488e-07 -1.10611e-06 0)
(2.47518e-07 -1.08842e-06 0)
(3.10912e-07 -1.06644e-06 0)
(3.75144e-07 -1.0407e-06 0)
(4.402e-07 -1.01174e-06 0)
(5.06074e-07 -9.80148e-07 0)
(5.72588e-07 -9.4652e-07 0)
(0 -1.14645e-06 0)
(5.94647e-08 -1.14391e-06 0)
(1.19167e-07 -1.13637e-06 0)
(1.79327e-07 -1.12403e-06 0)
(2.40131e-07 -1.10719e-06 0)
(3.01707e-07 -1.08626e-06 0)
(3.64144e-07 -1.06172e-06 0)
(4.27441e-07 -1.03408e-06 0)
(4.91592e-07 -1.00388e-06 0)
(5.56447e-07 -9.71692e-07 0)
(0 -1.16305e-06 0)
(5.74805e-08 -1.16064e-06 0)
(1.15206e-07 -1.15346e-06 0)
(1.73404e-07 -1.14172e-06 0)
(2.3227e-07 -1.12568e-06 0)
(2.91944e-07 -1.10573e-06 0)
(3.52521e-07 -1.0823e-06 0)
(4.14016e-07 -1.05589e-06 0)
(4.76431e-07 -1.02698e-06 0)
(5.39637e-07 -9.9612e-07 0)
(0 -1.17938e-06 0)
(5.53382e-08 -1.17708e-06 0)
(1.10932e-07 -1.17025e-06 0)
(1.67023e-07 -1.15907e-06 0)
(2.23817e-07 -1.14379e-06 0)
(2.81467e-07 -1.12476e-06 0)
(3.40084e-07 -1.10239e-06 0)
(3.997e-07 -1.07713e-06 0)
(4.60325e-07 -1.04944e-06 0)
(5.21859e-07 -1.01982e-06 0)
(0 -1.19537e-06 0)
(5.29999e-08 -1.19319e-06 0)
(1.06271e-07 -1.1867e-06 0)
(1.60069e-07 -1.17606e-06 0)
(2.14616e-07 -1.1615e-06 0)
(2.70085e-07 -1.14336e-06 0)
(3.26602e-07 -1.122e-06 0)
(3.84223e-07 -1.09785e-06 0)
(4.42967e-07 -1.07132e-06 0)
(5.02768e-07 -1.04288e-06 0)
(-0 -1.2108e-06 -2.70814e-27)
(5.04326e-08 -1.20873e-06 0)
(1.01155e-07 -1.20257e-06 0)
(1.5244e-07 -1.19246e-06 0)
(2.04531e-07 -1.17863e-06 0)
(2.57621e-07 -1.16136e-06 0)
(3.11861e-07 -1.14099e-06 0)
(3.67332e-07 -1.11792e-06 0)
(4.24075e-07 -1.09254e-06 0)
(4.82054e-07 -1.06526e-06 0)
(-0 -1.22573e-06 -4.42799e-24)
(4.75492e-08 -1.22377e-06 -6.40507e-24)
(9.54127e-08 -1.21794e-06 -4.13421e-24)
(1.43883e-07 -1.20836e-06 -5.54589e-24)
(1.93226e-07 -1.19525e-06 -1.28069e-24)
(2.43664e-07 -1.17885e-06 1.80534e-23)
(2.9538e-07 -1.15949e-06 -2.87488e-24)
(3.48486e-07 -1.13751e-06 -7.35675e-24)
(4.03062e-07 -1.11327e-06 2.3199e-23)
(4.59094e-07 -1.08717e-06 9.03324e-24)
)
;

boundaryField
{
    left
    {
        type            symmetryPlane;
    }
    right
    {
        type            calculated;
    }
    down
    {
        type            symmetryPlane;
    }
    up
    {
        type            calculated;
    }
    hole
    {
        type            calculated;
    }
    frontAndBack
    {
        type            empty;
    }
}


// ************************************************************************* //
