Time Iteration ExecutionTime Residual Res_x Res_y Res_z
1 0 0.93 1 
1 1 1.03 0.0429885 
1 2 1.1 0.0154142 
1 3 1.2 0.00797775 
1 4 1.28 0.00591831 
1 5 1.36 0.00481226 
1 6 1.44 0.00423084 
1 7 1.76 1.4982 
1 8 1.83 0.00770875 
1 9 1.9 0.00449207 
1 10 1.95 0.00372997 
1 11 2.02 0.00297612 
1 12 2.1 0.00244595 
1 13 2.15 0.00275607 
1 14 2.23 0.00226639 
1 15 2.38 0.0895976 
1 16 2.45 0.00144215 
1 17 2.75 0.992682 
1 18 2.82 0.013033 
1 19 2.88 0.00222346 
1 20 2.96 0.00199514 
1 21 3.02 0.00179874 
1 22 3.07 0.00162739 
1 23 3.15 0.0014763 
1 24 3.32 0.031602 
1 25 3.4 0.00123687 
1 26 3.48 0.00112354 
1 27 3.56 0.0010225 
1 28 3.88 0.664771 
1 29 4.03 0.124558 
1 30 4.1 0.00144548 
1 31 4.18 0.00129716 
1 32 4.26 0.00117077 
1 33 4.33 0.00106122 
1 34 4.44 0.000964918 
1 35 4.51 0.000879412 
1 36 4.74 0.0866099 
1 37 5.11 0.369716 
1 38 5.3 0.0647278 
1 39 5.36 0.000818973 
1 40 5.43 0.000721987 
1 41 5.51 0.00065216 
1 42 5.56 0.000592113 
1 43 5.74 0.0718242 
1 44 5.85 0.0208551 
1 45 5.91 0.000466724 
1 46 5.97 0.000424102 
1 47 6.05 0.000420294 
1 48 6.44 0.181008 
1 49 6.59 0.0329316 
1 50 6.64 0.000431892 
1 51 6.82 0.0397098 
1 52 6.95 0.00949485 
1 53 7.05 0.000356919 
1 54 7.15 0.000358866 
1 55 7.37 0.0555104 
1 56 7.82 0.037679 
1 57 7.91 0.000326569 
1 58 8.25 0.0862384 
1 59 8.47 0.0157821 
1 60 8.58 0.00399926 
1 61 8.75 0.026136 
1 62 9.15 0.0265338 
1 63 9.22 0.000288632 
1 64 9.28 0.000288922 
1 65 9.47 0.0310549 
1 66 9.88 0.0160068 
1 67 10.31 0.0275471 
1 68 10.59 0.0104818 
1 69 10.97 0.0397852 
1 70 11.45 0.0201823 
1 71 11.85 0.0158854 
1 72 12.11 0.00815058 
1 73 12.47 0.0151619 
1 74 12.78 0.00735035 
1 75 13.26 0.0145967 
1 76 13.68 0.013718 
1 77 13.9 0.00680396 
1 78 14.42 0.0222683 
1 79 14.85 0.0109151 
1 80 15.17 0.00896755 
1 81 15.52 0.00809287 
1 82 15.97 0.00890166 
1 83 16.29 0.00791057 
1 84 16.71 0.00698645 
1 85 17.21 0.00629168 
1 86 17.76 0.00754773 
1 87 18.12 0.00615348 
1 88 18.58 0.00588287 
1 89 19.1 0.0062085 
1 90 19.57 0.00488921 
1 91 20.2 0.00517104 
1 92 20.58 0.00408901 
1 93 21.05 0.00383433 
1 94 21.74 0.00433152 
1 95 22.23 0.00333686 
1 96 22.69 0.00316647 
1 97 23.34 0.00369862 
1 98 23.71 0.00278678 
1 99 24.21 0.00262383 
1 100 24.87 0.00301233 
1 101 25.22 0.00242132 
1 102 25.66 0.0022479 
1 103 26.34 0.00252589 
1 104 26.78 0.00212781 
1 105 27.5 0.00217611 
1 106 28.09 0.00279952 
1 107 28.64 0.00206604 
1 108 28.99 0.00191635 
1 109 29.37 0.00179128 
1 110 29.9 0.00163287 
1 111 30.28 0.00163855 
1 112 30.71 0.00153204 
1 113 31.39 0.00179965 
1 114 31.81 0.00135668 
1 115 32.35 0.00117406 
1 116 32.74 0.00133887 
1 117 33.28 0.00137514 
1 118 33.88 0.00105798 
1 119 34.45 0.00119256 
1 120 35.04 0.00112177 
1 121 35.79 0.000868388 
1 122 36.58 0.00102203 
1 123 37.31 0.000780929 
1 124 37.86 0.000959513 
1 125 38.57 0.000724525 
1 126 39.45 0.000776328 
1 127 40.15 0.000673933 
1 128 40.7 0.000785408 
1 129 41.43 0.000638787 
1 130 42.18 0.000614208 
1 131 42.99 0.000572136 
1 132 43.48 0.000666648 
1 133 44.28 0.000530763 
1 134 44.96 0.000485059 
1 135 45.68 0.000486803 
1 136 46.2 0.000554693 
1 137 47.09 0.000446734 
1 138 47.71 0.000406929 
1 139 48.39 0.000410081 
1 140 48.86 0.0004628 
1 141 49.54 0.000375863 
1 142 50.21 0.000342645 
1 143 50.92 0.000342848 
1 144 51.44 0.000384291 
1 145 52.31 0.000310491 
1 146 53.02 0.000288811 
1 147 53.75 0.000285264 
1 148 54.24 0.000318087 
1 149 54.9 0.000259802 
1 150 55.5 0.000242199 
1 151 56.15 0.0002374 
1 152 56.79 0.000264126 
1 153 57.68 0.000216404 
1 154 58.38 0.000202512 
1 155 59.04 0.000198022 
1 156 59.72 0.000219126 
1 157 60.71 0.000146908 
1 158 61.43 0.000181563 
1 159 61.91 0.000191612 
1 160 62.99 0.000131699 
1 161 63.77 0.000158807 
1 162 64.48 0.00014784 
1 163 65.39 0.000140629 
1 164 66.19 0.000140159 
1 165 66.93 0.000124973 
1 166 67.9 0.000122628 
1 167 68.7 0.000122279 
1 168 69.48 0.000108799 
1 169 70.48 0.00010679 
1 170 71.46 9.16781e-05 
1 171 72.43 0.000102241 
1 172 73.19 9.84673e-05 
1 173 73.93 8.69288e-05 
1 174 74.61 8.52831e-05 
1 175 75.65 7.33759e-05 
1 176 76.49 8.08931e-05 
1 177 77.69 6.81425e-05 
1 178 78.45 7.41063e-05 
1 179 79.36 6.25858e-05 
1 180 80.08 6.7578e-05 
1 181 80.93 5.71044e-05 
1 182 81.62 6.14988e-05 
1 183 82.49 5.19643e-05 
1 184 83.19 5.59432e-05 
1 185 84.11 4.7305e-05 
1 186 84.85 5.08537e-05 
1 187 86.05 4.30125e-05 
1 188 86.85 4.62415e-05 
1 189 87.87 3.91535e-05 
1 190 88.73 4.20207e-05 
1 191 89.66 3.5584e-05 
1 192 90.35 3.81728e-05 
1 193 91.27 3.23889e-05 
1 194 91.97 3.46693e-05 
1 195 92.87 2.94068e-05 
1 196 93.57 3.14818e-05 
1 197 94.47 2.6721e-05 
1 198 95.17 2.85912e-05 
1 199 96.08 2.42746e-05 
1 200 96.83 2.59639e-05 
1 201 97.82 2.20528e-05 
1 202 99.07 2.17441e-05 
1 203 99.88 2.25877e-05 
1 204 100.88 1.92716e-05 
1 205 101.81 1.89031e-05 
1 206 102.83 1.82106e-05 
1 207 103.98 1.74363e-05 
1 208 104.97 1.66677e-05 
1 209 105.88 1.5913e-05 
1 210 106.91 1.51714e-05 
1 211 107.94 1.44686e-05 
1 212 109.21 1.37859e-05 
1 213 110.23 1.31478e-05 
1 214 111.18 1.25207e-05 
1 215 112.27 1.19381e-05 
1 216 113.4 1.13612e-05 
1 217 114.39 1.08257e-05 
1 218 115.3 1.031e-05 
1 219 116.38 9.82346e-06 
1 220 117.53 9.35524e-06 
1 221 118.51 8.91288e-06 
1 222 119.41 8.49709e-06 
1 223 120.3 8.09575e-06 
1 224 120.99 8.1956e-06 
1 225 121.87 7.09117e-06 
1 226 122.6 7.38532e-06 
1 227 123.48 6.36167e-06 
1 228 124.18 6.67458e-06 
1 229 125.09 5.74462e-06 
1 230 125.95 6.04044e-06 
1 231 126.78 5.76834e-06 
1 232 127.75 4.82508e-06 
1 233 128.51 5.16761e-06 
1 234 129.4 4.94919e-06 
1 235 130.52 4.12632e-06 
1 236 131.37 4.44385e-06 
1 237 132.22 4.26339e-06 
1 238 132.94 4.03521e-06 
1 239 133.46 4.01271e-06 
1 240 134.34 3.4724e-06 
1 241 135.05 3.16097e-06 
1 242 135.75 3.10211e-06 
1 243 136.28 3.29697e-06 
1 244 137.05 2.82311e-06 
1 245 137.63 2.94672e-06 
1 246 138.19 2.78858e-06 
1 247 138.9 2.32647e-06 
1 248 139.44 2.49474e-06 
1 249 139.92 2.37677e-06 
1 250 140.57 1.97393e-06 
1 251 141.08 2.13628e-06 
1 252 141.63 2.03416e-06 
1 253 142.07 1.91566e-06 
1 254 142.72 1.56841e-06 
1 255 143.14 1.73897e-06 
1 256 143.57 1.65832e-06 
1 257 144.06 1.56437e-06 
1 258 144.59 1.4791e-06 
1 259 145.11 1.39965e-06 
1 260 145.45 9.58648e-07 
1 261 145.89 1.31992e-06 
1 262 146.17 7.79632e-07 
1 263 146.55 1.27192e-06 
1 264 146.79 6.74333e-07 
1 265 147.15 1.2046e-06 
1 266 147.41 6.00495e-07 
1 267 147.78 1.13193e-06 
1 268 148.02 5.46729e-07 
1 269 148.19 8.05384e-07 
1 270 148.41 5.65867e-07 
1 271 148.49 7.21697e-08 
1 272 148.56 0 
