Time Iteration ExecutionTime Residual Res_x Res_y Res_z
1 0 0.02 1 
1 1 0.02 0.41033259429 
1 2 0.04 0.254539214303 
1 3 0.04 0.179199743408 
1 4 0.04 0.142312793558 
1 5 0.04 0.117614666612 
1 6 0.04 0.100989706822 
1 7 0.05 0.0884634458176 
1 8 0.05 0.0784724503456 
1 9 0.05 0.0705096668098 
1 10 0.05 0.0640199946119 
1 11 0.05 0.0585832646943 
1 12 0.06 0.0539591747643 
1 13 0.06 0.0499475149257 
1 14 0.06 0.0463112058744 
1 15 0.06 0.0432206702639 
1 16 0.07 0.0405284463534 
1 17 0.07 0.0381354780366 
1 18 0.07 0.0359757007019 
1 19 0.07 0.0340310276858 
1 20 0.07 0.0322667717997 
1 21 0.07 0.0306618333033 
1 22 0.08 0.0291945928937 
1 23 0.08 0.0278485625383 
1 24 0.08 0.0266090404958 
1 25 0.08 0.0253099448295 
1 26 0.08 0.0242863014146 
1 27 0.08 0.0233235143963 
1 28 0.08 0.0224139566655 
1 29 0.08 0.021561309366 
1 30 0.08 0.0207611437567 
1 31 0.09 0.0200101339026 
1 32 0.09 0.0193040694667 
1 33 0.09 0.0186392654236 
1 34 0.09 0.0179452785666 
1 35 0.09 0.0173691062929 
1 36 0.09 0.0168155411543 
1 37 0.09 0.0162872525732 
1 38 0.09 0.015785627265 
1 39 0.1 0.0153087723839 
1 40 0.1 0.0148552078008 
1 41 0.1 0.0144231698944 
1 42 0.1 0.014011146601 
1 43 0.1 0.0136177106203 
1 44 0.1 0.0132415925242 
1 45 0.1 0.012881633169 
1 46 0.1 0.0125367844674 
1 47 0.1 0.0122060903909 
1 48 0.11 0.0118886787303 
1 49 0.11 0.0115837505239 
1 50 0.11 0.0112905725219 
1 51 0.11 0.0110084700483 
1 52 0.11 0.0107368211042 
1 53 0.11 0.0104750511088 
1 54 0.11 0.0102226283418 
1 55 0.11 0.00997905990685 
1 56 0.11 0.00974388816861 
1 57 0.12 0.00951668758358 
1 58 0.12 0.00929706187637 
1 59 0.12 0.00908464151395 
1 60 0.12 0.00887908144126 
1 61 0.12 0.00868005904548 
1 62 0.12 0.00848727232177 
1 63 0.12 0.00830043821689 
1 64 0.12 0.00811929113027 
1 65 0.12 0.00794358155446 
1 66 0.13 0.00777307483966 
1 67 0.13 0.00760755006795 
1 68 0.13 0.00744679902509 
1 69 0.13 0.00729062525806 
1 70 0.13 0.00713884320791 
1 71 0.13 0.00699127740717 
1 72 0.13 0.00684776173129 
1 73 0.13 0.00670813869239 
1 74 0.14 0.00657225876259 
1 75 0.14 0.0064399797122 
1 76 0.14 0.00631116594926 
1 77 0.14 0.00618568785777 
1 78 0.14 0.00606342117875 
1 79 0.14 0.0059442466321 
1 80 0.14 0.00582805040114 
1 81 0.14 0.00571472699363 
1 82 0.14 0.00560418661871 
1 83 0.15 0.00549636478558 
1 84 0.15 0.00540001717089 
1 85 0.15 0.00529138064695 
1 86 0.15 0.00518923633911 
1 87 0.15 0.00509239780646 
1 88 0.15 0.0049965552902 
1 89 0.15 0.00490324869465 
1 90 0.15 0.00481195432772 
1 91 0.15 0.00472277851194 
1 92 0.15 0.00463559727782 
1 93 0.16 0.00455040996195 
1 94 0.16 0.00446721817347 
1 95 0.16 0.0043925238561 
1 96 0.16 0.00430913062344 
1 97 0.16 0.00422948243733 
1 98 0.16 0.0041541088986 
1 99 0.16 0.00407932571898 
1 100 0.16 0.00400639270245 
1 101 0.16 0.00393488600609 
1 102 0.17 0.00386495314395 
1 103 0.17 0.00379659454848 
1 104 0.17 0.00372981159532 
1 105 0.17 0.00366946170486 
1 106 0.17 0.0036027532151 
1 107 0.17 0.00353821745103 
1 108 0.17 0.00347723109714 
1 109 0.17 0.00341661095691 
1 110 0.17 0.00335741853476 
1 111 0.18 0.00329933608402 
1 112 0.18 0.00324256855024 
1 113 0.18 0.00318707510323 
1 114 0.18 0.0031327389804 
1 115 0.18 0.00307947711239 
1 116 0.18 0.00302725831173 
1 117 0.18 0.00297605222338 
1 118 0.18 0.00292583484945 
1 119 0.18 0.00287658289051 
1 120 0.19 0.00282827436654 
1 121 0.19 0.00278088782416 
1 122 0.19 0.0027344024178 
1 123 0.19 0.00268879779262 
1 124 0.19 0.00264405409904 
1 125 0.19 0.00260015197518 
1 126 0.19 0.00255707254806 
1 127 0.19 0.0025147974273 
1 128 0.19 0.00247330870001 
1 129 0.19 0.00243258892285 
1 130 0.2 0.00239262111306 
1 131 0.2 0.00235338873818 
1 132 0.2 0.00231487570514 
1 133 0.2 0.0022770663487 
1 134 0.2 0.00223994541964 
1 135 0.2 0.00220349807287 
1 136 0.2 0.00216770985557 
1 137 0.2 0.00213256669539 
1 138 0.2 0.00209805488891 
1 139 0.21 0.00206416109031 
1 140 0.21 0.00203087230035 
1 141 0.21 0.00199817585563 
1 142 0.21 0.00196605941817 
1 143 0.21 0.00193451096527 
1 144 0.21 0.00190351877981 
1 145 0.21 0.00187307144075 
1 146 0.21 0.00184315781399 
1 147 0.21 0.00181376704357 
1 148 0.21 0.00178488854317 
1 149 0.22 0.00175651198781 
1 150 0.22 0.00172862730601 
1 151 0.22 0.00170122467208 
1 152 0.22 0.00167429449873 
1 153 0.22 0.00164782742998 
1 154 0.22 0.00162181433426 
1 155 0.22 0.00159624629775 
1 156 0.22 0.00157111461803 
1 157 0.22 0.00154641079788 
1 158 0.23 0.0015221265393 
1 159 0.23 0.00149825373777 
1 160 0.23 0.00147478447669 
1 161 0.23 0.00145171102204 
1 162 0.23 0.00142902581716 
1 163 0.23 0.00140672147776 
1 164 0.23 0.0013847907871 
1 165 0.23 0.00136322669133 
1 166 0.23 0.00134202229494 
1 167 0.23 0.00132117085643 
1 168 0.24 0.0013006657841 
1 169 0.24 0.00128050063193 
1 170 0.24 0.0012606690957 
1 171 0.24 0.00124116500915 
1 172 0.24 0.00122198234028 
1 173 0.24 0.00120311518781 
1 174 0.24 0.0011845577777 
1 175 0.24 0.00116630445984 
1 176 0.24 0.00114834970478 
1 177 0.25 0.00113068810064 
1 178 0.25 0.00111331435004 
1 179 0.25 0.00109622326718 
1 180 0.25 0.00107940977498 
1 181 0.25 0.00106286890235 
1 182 0.25 0.00104659578147 
1 183 0.25 0.00103058564527 
1 184 0.25 0.00101483382482 
1 185 0.25 0.000999335746986 
1 186 0.25 0.000984086932022 
1 187 0.26 0.000969082991281 
1 188 0.26 0.000954319624992 
1 189 0.26 0.000939792620112 
1 190 0.26 0.000925497848223 
1 191 0.26 0.000911431263496 
1 192 0.26 0.000897588900722 
1 193 0.26 0.000883966873398 
1 194 0.26 0.000870561371863 
1 195 0.26 0.000857368661475 
1 196 0.26 0.000844385080883 
1 197 0.27 0.000831607040286 
1 198 0.27 0.000819031019807 
1 199 0.27 0.000806653567854 
1 200 0.27 0.000794471299565 
1 201 0.27 0.000782480895277 
1 202 0.27 0.000770679099044 
1 203 0.27 0.000759062717212 
1 204 0.27 0.00074762861698 
1 205 0.27 0.000736373725072 
1 206 0.28 0.000725295026385 
1 207 0.28 0.000714389562708 
1 208 0.28 0.000703654431461 
1 209 0.28 0.000693086784468 
1 210 0.28 0.000682683826768 
1 211 0.28 0.000672442815454 
1 212 0.28 0.000662361058534 
1 213 0.28 0.000652435913843 
1 214 0.28 0.000642664787963 
1 215 0.28 0.000633045135174 
1 216 0.28 0.000623574456446 
1 217 0.28 0.000614250298431 
1 218 0.28 0.000605070252511 
1 219 0.28 0.000596031953842 
1 220 0.28 0.000587133080449 
1 221 0.28 0.000578371352318 
1 222 0.28 0.000569744530517 
1 223 0.28 0.000561250416361 
1 224 0.28 0.000552886850567 
1 225 0.3 0.000544651712448 
1 226 0.3 0.000536542919113 
1 227 0.3 0.000528558424715 
1 228 0.3 0.000520696219666 
1 229 0.3 0.00051295432994 
1 230 0.3 0.000505330816312 
1 231 0.3 0.000497823773701 
1 232 0.3 0.000490431330447 
1 233 0.3 0.00048315164767 
1 234 0.3 0.000475982918608 
1 235 0.31 0.000468923367976 
1 236 0.31 0.000461971251348 
1 237 0.31 0.000455124854552 
1 238 0.31 0.000448382493068 
1 239 0.31 0.000441742511457 
1 240 0.31 0.000435203282791 
1 241 0.31 0.00042876320809 
1 242 0.31 0.000422420715803 
1 243 0.31 0.000416174261251 
1 244 0.31 0.000410022326127 
1 245 0.32 0.00040396341799 
1 246 0.32 0.000397996069767 
1 247 0.32 0.000392118839263 
1 248 0.32 0.000386330308708 
1 249 0.32 0.000380629084273 
1 250 0.32 0.000375013795628 
1 251 0.32 0.000369483095496 
1 252 0.32 0.000364035659239 
1 253 0.32 0.000358670184397 
1 254 0.33 0.000353385390312 
1 255 0.33 0.0003481800177 
1 256 0.33 0.000343052828267 
1 257 0.33 0.000338002604308 
1 258 0.33 0.000333028148347 
1 259 0.33 0.000328128282737 
1 260 0.33 0.00032330184933 
1 261 0.33 0.000318547709092 
1 262 0.33 0.000313864741773 
1 263 0.34 0.000309251845549 
1 264 0.34 0.00030470793671 
1 265 0.34 0.000300231949309 
1 266 0.34 0.000295822834863 
1 267 0.34 0.000291479562021 
1 268 0.34 0.000287201116262 
1 269 0.34 0.000282986499604 
1 270 0.34 0.000278834730295 
1 271 0.34 0.000274744842534 
1 272 0.35 0.000270715886179 
1 273 0.35 0.000266746926476 
1 274 0.35 0.000262837043785 
1 275 0.35 0.000258985333317 
1 276 0.35 0.000255190904861 
1 277 0.35 0.00025145288255 
1 278 0.35 0.000247770404578 
1 279 0.35 0.000244142622989 
1 280 0.35 0.000240568703413 
1 281 0.36 0.000237047824836 
1 282 0.36 0.000233579179371 
1 283 0.36 0.000230161972024 
1 284 0.36 0.000226795420481 
1 285 0.36 0.00022347875488 
1 286 0.36 0.000220211217605 
1 287 0.36 0.000216992063066 
1 288 0.36 0.000213820557502 
1 289 0.36 0.00021069597878 
1 290 0.37 0.000207617616184 
1 291 0.37 0.000204584770237 
1 292 0.37 0.000201596752499 
1 293 0.37 0.000198652885378 
1 294 0.37 0.00019575250196 
1 295 0.37 0.000192894945815 
1 296 0.37 0.000190079570833 
1 297 0.37 0.000187305741028 
1 298 0.37 0.000184572830398 
1 299 0.38 0.000181880222738 
1 300 0.38 0.000179227311479 
1 301 0.38 0.000176613499527 
1 302 0.38 0.000174038199115 
1 303 0.38 0.00017150083163 
1 304 0.38 0.000169000827478 
1 305 0.38 0.000166537625924 
1 306 0.38 0.000164110674951 
1 307 0.38 0.000161719431116 
1 308 0.38 0.000159363359399 
1 309 0.39 0.000157041933074 
1 310 0.39 0.000154754633576 
1 311 0.39 0.000152500950356 
1 312 0.39 0.000150280380754 
1 313 0.39 0.000148092429877 
1 314 0.39 0.000145936610459 
1 315 0.39 0.000143812442746 
1 316 0.39 0.000141719454378 
1 317 0.39 0.000139657180252 
1 318 0.4 0.000137625162417 
1 319 0.4 0.000135622949963 
1 320 0.4 0.000133650098888 
1 321 0.4 0.000131706172009 
1 322 0.4 0.000129790738833 
1 323 0.4 0.000127903375458 
1 324 0.4 0.00012604366447 
1 325 0.4 0.00012421119483 
1 326 0.4 0.000122405561775 
1 327 0.41 0.000120626366729 
1 328 0.41 0.000118873217183 
1 329 0.41 0.000117145726609 
1 330 0.41 0.000115443514376 
1 331 0.41 0.000113766205628 
1 332 0.41 0.000112113431222 
1 333 0.41 0.000110484827612 
1 334 0.41 0.000108880036783 
1 335 0.41 0.000107298706139 
1 336 0.42 0.000105740488442 
1 337 0.42 0.000104205041712 
1 338 0.42 0.000102692029138 
1 339 0.42 0.000101201119022 
1 340 0.42 9.97319846633e-05 
1 341 0.42 9.82843043157e-05 
1 342 0.42 9.68577610785e-05 
1 343 0.42 9.54520428426e-05 
1 344 0.42 9.40668422009e-05 
1 345 0.42 9.27018563872e-05 
1 346 0.43 9.13567871912e-05 
1 347 0.43 9.00313408927e-05 
1 348 0.43 8.87252281961e-05 
1 349 0.43 8.74381641503e-05 
1 350 0.43 8.61698680931e-05 
1 351 0.43 8.49200635788e-05 
1 352 0.43 8.36884783035e-05 
1 353 0.43 8.24748440606e-05 
1 354 0.43 8.12788966603e-05 
1 355 0.44 8.01003758728e-05 
1 356 0.44 7.89390253684e-05 
1 357 0.44 7.77945926608e-05 
1 358 0.44 7.66668290308e-05 
1 359 0.44 7.55554894926e-05 
1 360 0.44 7.44603327159e-05 
1 361 0.44 7.33811209738e-05 
1 362 0.44 7.23176201048e-05 
1 363 0.44 7.1269599428e-05 
1 364 0.45 7.02368317134e-05 
1 365 0.45 6.92190931148e-05 
1 366 0.45 6.82161631391e-05 
1 367 0.45 6.72278245544e-05 
1 368 0.45 6.625386338e-05 
1 369 0.45 6.52940688234e-05 
1 370 0.45 6.43482332203e-05 
1 371 0.45 6.34161520028e-05 
1 372 0.45 6.24976236436e-05 
1 373 0.46 6.15924496064e-05 
1 374 0.46 6.07004343172e-05 
1 375 0.46 5.98213850895e-05 
1 376 0.46 5.89551121077e-05 
1 377 0.46 5.81014283729e-05 
1 378 0.46 5.72601496625e-05 
1 379 0.46 5.64310944775e-05 
1 380 0.46 5.5614084014e-05 
1 381 0.46 5.48089421195e-05 
1 382 0.46 5.4015495253e-05 
1 383 0.46 5.32335724323e-05 
1 384 0.46 5.24630052176e-05 
1 385 0.46 5.17036276545e-05 
1 386 0.46 5.09552762496e-05 
1 387 0.46 5.02177899194e-05 
1 388 0.46 4.94910099632e-05 
1 389 0.46 4.87747800309e-05 
1 390 0.46 4.80689460809e-05 
1 391 0.48 4.73733563369e-05 
1 392 0.48 4.66878612744e-05 
1 393 0.48 4.60123135699e-05 
1 394 0.48 4.53465680745e-05 
1 395 0.48 4.46904817802e-05 
1 396 0.48 4.40439137833e-05 
1 397 0.48 4.3406725269e-05 
1 398 0.48 4.27787794529e-05 
1 399 0.48 4.21599415726e-05 
1 400 0.49 4.15500788529e-05 
1 401 0.49 4.09490604683e-05 
1 402 0.49 4.03567575247e-05 
1 403 0.49 3.97730430123e-05 
1 404 0.49 3.91977918068e-05 
1 405 0.49 3.86308806109e-05 
1 406 0.49 3.8072187943e-05 
1 407 0.49 3.75215941151e-05 
1 408 0.49 3.69789811846e-05 
1 409 0.5 3.64442329466e-05 
1 410 0.5 3.5917234911e-05 
1 411 0.5 3.53978742599e-05 
1 412 0.5 3.48860398308e-05 
1 413 0.5 3.43816221011e-05 
1 414 0.5 3.38845131439e-05 
1 415 0.5 3.33946066281e-05 
1 416 0.5 3.29117977664e-05 
1 417 0.5 3.24359833276e-05 
1 418 0.51 3.19670615752e-05 
1 419 0.51 3.15049322745e-05 
1 420 0.51 3.10494966594e-05 
1 421 0.51 3.06006574001e-05 
1 422 0.51 3.01583186077e-05 
1 423 0.51 2.9722385787e-05 
1 424 0.51 2.92927658277e-05 
1 425 0.51 2.88693669889e-05 
1 426 0.51 2.8452098865e-05 
1 427 0.52 2.80408723725e-05 
1 428 0.52 2.76355997355e-05 
1 429 0.52 2.72361944617e-05 
1 430 0.52 2.68425713236e-05 
1 431 0.52 2.64546463355e-05 
1 432 0.52 2.60723367431e-05 
1 433 0.52 2.5695561001e-05 
1 434 0.52 2.53242387549e-05 
1 435 0.52 2.49582908252e-05 
1 436 0.53 2.4597639186e-05 
1 437 0.53 2.42422069589e-05 
1 438 0.53 2.38919183783e-05 
1 439 0.53 2.35466987885e-05 
1 440 0.53 2.32064746253e-05 
1 441 0.53 2.28711733994e-05 
1 442 0.53 2.25407236706e-05 
1 443 0.53 2.22150550529e-05 
1 444 0.54 2.18940981767e-05 
1 445 0.54 2.15777846931e-05 
1 446 0.54 2.12660472439e-05 
1 447 0.54 2.09588194555e-05 
1 448 0.54 2.06560359199e-05 
1 449 0.54 2.03576321842e-05 
1 450 0.54 2.00635447364e-05 
1 451 0.54 1.97737109884e-05 
1 452 0.54 1.94880692616e-05 
1 453 0.55 1.92065587803e-05 
1 454 0.55 1.89291196501e-05 
1 455 0.55 1.86556928533e-05 
1 456 0.55 1.83862202323e-05 
1 457 0.55 1.81206444638e-05 
1 458 0.55 1.78589090775e-05 
1 459 0.55 1.76009584083e-05 
1 460 0.55 1.73467376218e-05 
1 461 0.56 1.70961926581e-05 
1 462 0.56 1.68492702562e-05 
1 463 0.56 1.66059179335e-05 
1 464 0.56 1.63660839635e-05 
1 465 0.56 1.61297173761e-05 
1 466 0.56 1.58967679404e-05 
1 467 0.56 1.56671861563e-05 
1 468 0.56 1.54409232477e-05 
1 469 0.56 1.52179311385e-05 
1 470 0.57 1.49981624597e-05 
1 471 0.57 1.47815705317e-05 
1 472 0.57 1.45681093465e-05 
1 473 0.57 1.4357733567e-05 
1 474 0.57 1.41503985234e-05 
1 475 0.57 1.39460601818e-05 
1 476 0.57 1.37446751549e-05 
1 477 0.57 1.35462006855e-05 
1 478 0.57 1.33505946388e-05 
1 479 0.58 1.31578154912e-05 
1 480 0.58 1.29678223163e-05 
1 481 0.58 1.27805747873e-05 
1 482 0.58 1.25960331706e-05 
1 483 0.58 1.24141582948e-05 
1 484 0.58 1.22349115621e-05 
1 485 0.58 1.20582549448e-05 
1 486 0.58 1.18841509531e-05 
1 487 0.59 1.17125626477e-05 
1 488 0.59 1.15434536276e-05 
1 489 0.59 1.13767880173e-05 
1 490 0.59 1.12125304615e-05 
1 491 0.59 1.10506461217e-05 
1 492 0.59 1.08911006538e-05 
1 493 0.59 1.07338602309e-05 
1 494 0.59 1.05788915016e-05 
1 495 0.59 1.04261615999e-05 
1 496 0.6 1.02756381397e-05 
1 497 0.6 1.01272892057e-05 
1 498 0.6 9.98108334325e-06 
1 499 0.6 9.83698955832e-06 
1 500 0.6 9.69497729414e-06 
1 501 0.6 9.55501645034e-06 
1 502 0.6 9.41707735832e-06 
1 503 0.6 9.28113078088e-06 
1 504 0.6 9.14714789598e-06 
1 505 0.61 9.01510031116e-06 
1 506 0.61 8.88496004047e-06 
1 507 0.61 8.75669950147e-06 
1 508 0.61 8.63029151691e-06 
1 509 0.61 8.50570929507e-06 
1 510 0.61 8.38292644142e-06 
1 511 0.61 8.2619169365e-06 
1 512 0.61 8.14265514542e-06 
1 513 0.62 8.02511579716e-06 
1 514 0.62 7.90927399265e-06 
1 515 0.62 7.79510518678e-06 
1 516 0.62 7.68258520267e-06 
1 517 0.62 7.57169019282e-06 
1 518 0.62 7.46239667727e-06 
1 519 0.62 7.3546815004e-06 
1 520 0.62 7.24852185144e-06 
1 521 0.62 7.14389524607e-06 
1 522 0.63 7.04077952517e-06 
1 523 0.63 6.93915284785e-06 
1 524 0.63 6.83899369662e-06 
1 525 0.63 6.74028085906e-06 
1 526 0.63 6.64299343588e-06 
1 527 0.63 6.54711082282e-06 
1 528 0.63 6.45261272057e-06 
1 529 0.63 6.35947911637e-06 
1 530 0.64 6.26769030205e-06 
1 531 0.64 6.17722683307e-06 
1 532 0.64 6.08806956119e-06 
1 533 0.64 6.0001996153e-06 
1 534 0.64 5.91359839055e-06 
1 535 0.64 5.82824755638e-06 
1 536 0.64 5.74412904399e-06 
1 537 0.64 5.66122504385e-06 
1 538 0.64 5.57951801686e-06 
1 539 0.65 5.49899066677e-06 
1 540 0.65 5.41962594283e-06 
1 541 0.65 5.34140705436e-06 
1 542 0.65 5.26431744705e-06 
1 543 0.65 5.18834080343e-06 
1 544 0.65 5.11346104396e-06 
1 545 0.65 5.03966232389e-06 
1 546 0.65 4.96692902914e-06 
1 547 0.66 4.89524576169e-06 
1 548 0.66 4.82459735951e-06 
1 549 0.66 4.75496887321e-06 
1 550 0.66 4.68634556516e-06 
1 551 0.66 4.61871291963e-06 
1 552 0.66 4.55205662409e-06 
1 553 0.66 4.48636257816e-06 
1 554 0.66 4.4216168828e-06 
1 555 0.67 4.35780583637e-06 
1 556 0.67 4.29491594412e-06 
1 557 0.67 4.23293389822e-06 
1 558 0.67 4.17184658884e-06 
1 559 0.67 4.11164108576e-06 
1 560 0.67 4.05230466427e-06 
1 561 0.67 3.99382476646e-06 
1 562 0.67 3.93618902242e-06 
1 563 0.68 3.8793852424e-06 
1 564 0.68 3.82340140736e-06 
1 565 0.68 3.76822567943e-06 
1 566 0.68 3.71384638592e-06 
1 567 0.68 3.66025202843e-06 
1 568 0.68 3.60743126975e-06 
1 569 0.68 3.55537293705e-06 
1 570 0.68 3.50406602322e-06 
1 571 0.69 3.45349967258e-06 
1 572 0.69 3.40366319642e-06 
1 573 0.69 3.35454605301e-06 
1 574 0.69 3.30613785459e-06 
1 575 0.69 3.25842836259e-06 
1 576 0.69 3.21140749389e-06 
1 577 0.69 3.16506529689e-06 
1 578 0.69 3.11939197828e-06 
1 579 0.69 3.07437787689e-06 
1 580 0.69 3.03001347569e-06 
1 581 0.69 2.98628939309e-06 
1 582 0.69 2.9431963853e-06 
1 583 0.69 2.90072533525e-06 
1 584 0.69 2.85886726965e-06 
1 585 0.69 2.81761333733e-06 
1 586 0.69 2.77695480887e-06 
1 587 0.69 2.73688309707e-06 
1 588 0.71 2.69738972203e-06 
1 589 0.71 2.65846633809e-06 
1 590 0.71 2.62010471423e-06 
1 591 0.71 2.58229674403e-06 
1 592 0.71 2.54503442718e-06 
1 593 0.71 2.50830989261e-06 
1 594 0.71 2.47211537321e-06 
1 595 0.71 2.43644321883e-06 
1 596 0.71 2.40128588517e-06 
1 597 0.72 2.36663594515e-06 
1 598 0.72 2.33248606793e-06 
1 599 0.72 2.29882904064e-06 
1 600 0.72 2.26565774124e-06 
1 601 0.72 2.23296516512e-06 
1 602 0.72 2.20074439795e-06 
1 603 0.72 2.16898862587e-06 
1 604 0.72 2.13769114086e-06 
1 605 0.72 2.10684532842e-06 
1 606 0.73 2.07644466245e-06 
1 607 0.73 2.0464827238e-06 
1 608 0.73 2.01695317416e-06 
1 609 0.73 1.98784977375e-06 
1 610 0.73 1.95916637146e-06 
1 611 0.73 1.93089690577e-06 
1 612 0.73 1.90303539734e-06 
1 613 0.73 1.87557596296e-06 
1 614 0.74 1.84851279592e-06 
1 615 0.74 1.82184017668e-06 
1 616 0.74 1.79555246814e-06 
1 617 0.74 1.76964411446e-06 
1 618 0.74 1.74410963932e-06 
1 619 0.74 1.71894364636e-06 
1 620 0.74 1.69414081801e-06 
1 621 0.74 1.66969591088e-06 
1 622 0.74 1.64560375995e-06 
1 623 0.75 1.62185927212e-06 
1 624 0.75 1.59845742951e-06 
1 625 0.75 1.57539328915e-06 
1 626 0.75 1.55266197661e-06 
1 627 0.75 1.53025868054e-06 
1 628 0.75 1.50817867749e-06 
1 629 0.75 1.48641729814e-06 
1 630 0.75 1.46496993799e-06 
1 631 0.75 1.44383207023e-06 
1 632 0.76 1.42299922707e-06 
1 633 0.76 1.40246700575e-06 
1 634 0.76 1.38223106314e-06 
1 635 0.76 1.36228713157e-06 
1 636 0.76 1.34263099144e-06 
1 637 0.76 1.32325848986e-06 
1 638 0.76 1.30416553416e-06 
1 639 0.76 1.28534808951e-06 
1 640 0.76 1.26680217653e-06 
1 641 0.77 1.24852388231e-06 
1 642 0.77 1.23050933626e-06 
1 643 0.77 1.2127547403e-06 
1 644 0.77 1.19525633926e-06 
1 645 0.77 1.17801043506e-06 
1 646 0.77 1.16101338678e-06 
1 647 0.77 1.14426159954e-06 
1 648 0.77 1.12775153205e-06 
1 649 0.77 1.11147970149e-06 
1 650 0.78 1.09544266617e-06 
1 651 0.78 1.07963704032e-06 
1 652 0.78 1.06405947943e-06 
1 653 0.78 1.04870669555e-06 
1 654 0.78 1.03357544511e-06 
1 655 0.78 1.01866253012e-06 
1 656 0.78 1.00396480143e-06 
1 657 0.78 9.89479150739e-07 
1 658 0.79 9.7520251701e-07 
1 659 0.79 9.61131887996e-07 
1 660 0.79 9.47264290171e-07 
1 661 0.79 9.33596789776e-07 
1 662 0.79 9.20126499069e-07 
1 663 0.79 9.06850576141e-07 
1 664 0.79 8.93766214703e-07 
1 665 0.79 8.80870652181e-07 
1 666 0.79 8.68161158822e-07 
1 667 0.8 8.55635054481e-07 
1 668 0.8 8.43289689609e-07 
1 669 0.8 8.31122459627e-07 
1 670 0.8 8.19130788361e-07 
1 671 0.8 8.073121481e-07 
1 672 0.8 7.95664036184e-07 
1 673 0.8 7.84183996187e-07 
1 674 0.8 7.72869603325e-07 
1 675 0.8 7.61718462905e-07 
1 676 0.81 7.50728221381e-07 
1 677 0.81 7.39896558897e-07 
1 678 0.81 7.29221185484e-07 
1 679 0.81 7.18699847117e-07 
1 680 0.81 7.08330317486e-07 
1 681 0.81 6.9811040772e-07 
1 682 0.81 6.88037960582e-07 
1 683 0.81 6.7811084587e-07 
1 684 0.81 6.68326968632e-07 
1 685 0.81 6.58684258983e-07 
1 686 0.82 6.49180683296e-07 
1 687 0.82 6.39814231627e-07 
1 688 0.82 6.30582924115e-07 
1 689 0.82 6.21484814071e-07 
1 690 0.82 6.12517976805e-07 
1 691 0.82 6.0368052018e-07 
1 692 0.82 5.9497057669e-07 
1 693 0.82 5.86386302069e-07 
1 694 0.82 5.77925891384e-07 
1 695 0.83 5.69587547706e-07 
1 696 0.83 5.61369516207e-07 
1 697 0.83 5.53270062542e-07 
1 698 0.83 5.45287467828e-07 
1 699 0.83 5.37420053348e-07 
1 700 0.83 5.29666151712e-07 
1 701 0.83 5.22024127594e-07 
1 702 0.83 5.14492367792e-07 
1 703 0.83 5.07069279593e-07 
1 704 0.84 4.99753295533e-07 
1 705 0.84 4.92542866466e-07 
1 706 0.84 4.85436475794e-07 
1 707 0.84 4.78432617634e-07 
1 708 0.84 4.71529813145e-07 
1 709 0.84 4.64726608307e-07 
1 710 0.84 4.58021561439e-07 
1 711 0.84 4.51413259111e-07 
1 712 0.84 4.44900298944e-07 
1 713 0.85 4.38481312144e-07 
1 714 0.85 4.32154941647e-07 
1 715 0.85 4.2591984996e-07 
1 716 0.85 4.19774719718e-07 
1 717 0.85 4.13718254447e-07 
1 718 0.85 4.0774917166e-07 
1 719 0.85 4.01866212372e-07 
1 720 0.85 3.96068136974e-07 
1 721 0.85 3.90353714172e-07 
1 722 0.86 3.84721740239e-07 
1 723 0.86 3.79171028114e-07 
1 724 0.86 3.73700402644e-07 
1 725 0.86 3.68308705838e-07 
1 726 0.86 3.62994804321e-07 
1 727 0.86 3.57757574641e-07 
1 728 0.86 3.5259590419e-07 
1 729 0.86 3.47508708722e-07 
1 730 0.86 3.42494911721e-07 
1 731 0.86 3.37553456434e-07 
1 732 0.87 3.32683296277e-07 
1 733 0.87 3.27883401547e-07 
1 734 0.87 3.2315276238e-07 
1 735 0.87 3.18490378224e-07 
1 736 0.87 3.13895260199e-07 
1 737 0.87 3.09366444744e-07 
1 738 0.87 3.04902969908e-07 
1 739 0.87 3.00503893201e-07 
1 740 0.87 2.96168288546e-07 
1 741 0.88 2.91895237252e-07 
1 742 0.88 2.87683839665e-07 
1 743 0.88 2.83533199815e-07 
1 744 0.88 2.79442448061e-07 
1 745 0.88 2.75410720307e-07 
1 746 0.88 2.71437161526e-07 
1 747 0.88 2.67520930338e-07 
1 748 0.88 2.63661202852e-07 
1 749 0.88 2.59857164937e-07 
1 750 0.89 2.56108012454e-07 
1 751 0.89 2.52412954789e-07 
1 752 0.89 2.48771203397e-07 
1 753 0.89 2.4518199812e-07 
1 754 0.89 2.41644578214e-07 
1 755 0.89 2.38158195087e-07 
1 756 0.89 2.34722112814e-07 
1 757 0.89 2.31335608983e-07 
1 758 0.89 2.27997963819e-07 
1 759 0.9 2.24708473771e-07 
1 760 0.9 2.21466444849e-07 
1 761 0.9 2.18271191204e-07 
1 762 0.9 2.15122037059e-07 
1 763 0.9 2.12018321494e-07 
1 764 0.9 2.08959384359e-07 
1 765 0.9 2.0594458137e-07 
1 766 0.9 2.029732731e-07 
1 767 0.9 2.00044840246e-07 
1 768 0.91 1.97158654973e-07 
1 769 0.91 1.94314109579e-07 
1 770 0.91 1.9151060733e-07 
1 771 0.91 1.88747556386e-07 
1 772 0.91 1.86024365699e-07 
1 773 0.91 1.83340465857e-07 
1 774 0.91 1.80695287835e-07 
1 775 0.91 1.7808827719e-07 
1 776 0.91 1.75518877339e-07 
1 777 0.92 1.72986552143e-07 
1 778 0.92 1.70490758829e-07 
1 779 0.92 1.68030974698e-07 
1 780 0.92 1.65606682604e-07 
1 781 0.92 1.63217362729e-07 
1 782 0.92 1.60862521424e-07 
1 783 0.92 1.58541651713e-07 
1 784 0.92 1.56254269989e-07 
1 785 0.92 1.53999888628e-07 
1 786 0.93 1.51778031557e-07 
1 787 0.93 1.49588231491e-07 
1 788 0.93 1.47430027038e-07 
1 789 0.93 1.45302959167e-07 
1 790 0.93 1.43206579834e-07 
1 791 0.93 1.41140449084e-07 
1 792 0.93 1.39104126553e-07 
1 793 0.93 1.3709718245e-07 
1 794 0.93 1.35119195596e-07 
1 795 0.94 1.33169744622e-07 
1 796 0.94 1.31248420872e-07 
1 797 0.94 1.29354819253e-07 
1 798 0.94 1.27488538707e-07 
1 799 0.94 1.2564918043e-07 
1 800 0.94 1.23836362107e-07 
1 801 0.94 1.22049698287e-07 
1 802 0.94 1.20288811348e-07 
1 803 0.94 1.18553332013e-07 
1 804 0.95 1.16842887823e-07 
1 805 0.95 1.15157127167e-07 
1 806 0.95 1.13495684352e-07 
1 807 0.95 1.11858212464e-07 
1 808 0.95 1.10244367248e-07 
1 809 0.95 1.08653805534e-07 
1 810 0.95 1.0708619035e-07 
1 811 0.95 1.05541193132e-07 
1 812 0.95 1.04018487463e-07 
1 813 0.96 1.02517748627e-07 
1 814 0.96 1.01038664932e-07 
1 815 0.96 9.95809223361e-08 
1 816 0.96 9.81442072183e-08 
1 817 0.96 9.672822199e-08 
1 818 0.96 9.53326651813e-08 
1 819 0.96 9.39572468873e-08 
1 820 0.96 9.26016682552e-08 
1 821 0.96 9.12656503631e-08 
1 822 0.97 8.99489077342e-08 
1 823 0.97 8.86511632531e-08 
1 824 0.97 8.73721411025e-08 
1 825 0.97 8.61115723669e-08 
1 826 0.97 8.48691892754e-08 
1 827 0.97 8.36447314215e-08 
1 828 0.97 8.24834205022e-08 
1 829 0.97 8.13162813692e-08 
1 830 0.98 8.00846451516e-08 
1 831 0.98 7.8963116056e-08 
1 832 0.98 7.78461483216e-08 
1 833 0.98 7.6671537426e-08 
1 834 0.98 7.55732358807e-08 
1 835 0.98 7.44722896232e-08 
1 836 0.98 7.34956643661e-08 
1 837 0.98 7.23871190498e-08 
1 838 0.98 7.12942995603e-08 
1 839 0.98 7.04324861801e-08 
1 840 0.98 6.93039648907e-08 
1 841 0.98 6.84271565991e-08 
1 842 0.98 6.73826050633e-08 
1 843 0.98 6.64029370329e-08 
1 844 0.98 6.54272706716e-08 
1 845 0.98 6.44872721177e-08 
1 846 0.98 6.3563015794e-08 
1 847 0.98 6.26485485783e-08 
1 848 1 6.17460850916e-08 
1 849 1 6.08552163714e-08 
1 850 1 5.9976421362e-08 
1 851 1 5.91096608136e-08 
1 852 1 5.82550001883e-08 
1 853 1 5.74123741e-08 
1 854 1 5.65817185645e-08 
1 855 1 5.57629253045e-08 
1 856 1 5.49558769205e-08 
1 857 1.01 5.41604439998e-08 
1 858 1.01 5.33764788086e-08 
1 859 1.01 5.26038442041e-08 
1 860 1.01 5.1842388772e-08 
1 861 1.01 5.10919550245e-08 
1 862 1.01 5.11731831984e-08 
1 863 1.01 5.01476599045e-08 
1 864 1.01 4.99599847752e-08 
1 865 1.01 4.90741991493e-08 
1 866 1.02 4.84343240169e-08 
1 867 1.02 4.77132507247e-08 
1 868 1.02 4.69737172066e-08 
1 869 1.02 4.62720757105e-08 
1 870 1.02 4.55620644515e-08 
1 871 1.02 4.48702209256e-08 
1 872 1.02 4.41891555167e-08 
1 873 1.02 4.35209256676e-08 
1 874 1.02 4.28638813919e-08 
1 875 1.02 4.22178386897e-08 
1 876 1.03 4.15822645293e-08 
1 877 1.03 4.09569098449e-08 
1 878 1.03 4.03415168133e-08 
1 879 1.03 3.97358864506e-08 
1 880 1.03 3.91398327498e-08 
1 881 1.03 3.85531867926e-08 
1 882 1.03 3.79757807837e-08 
1 883 1.03 3.74074600381e-08 
1 884 1.03 3.68480659508e-08 
1 885 1.04 3.62974469628e-08 
1 886 1.04 3.57554545803e-08 
1 887 1.04 3.52219382185e-08 
1 888 1.04 3.46967552866e-08 
1 889 1.04 3.41797633421e-08 
1 890 1.04 3.36708202535e-08 
1 891 1.04 3.31697935843e-08 
1 892 1.04 3.26765433678e-08 
1 893 1.04 3.2190940284e-08 
1 894 1.05 3.17128508396e-08 
1 895 1.05 3.12421531961e-08 
1 896 1.05 3.07787216566e-08 
1 897 1.05 3.03224301526e-08 
1 898 1.05 2.98731623564e-08 
1 899 1.05 2.94307967066e-08 
1 900 1.05 2.89952229086e-08 
1 901 1.05 2.85663241964e-08 
1 902 1.05 2.81439924587e-08 
1 903 1.05 2.73937960218e-08 
1 904 1.06 2.70821842782e-08 
1 905 1.06 2.67838321349e-08 
1 906 1.06 2.64555962928e-08 
1 907 1.06 2.61023645497e-08 
1 908 1.06 2.57357679812e-08 
1 909 1.06 2.53673380612e-08 
1 910 1.06 2.50002805797e-08 
1 911 1.06 2.46364792957e-08 
1 912 1.06 2.42767234956e-08 
1 913 1.07 2.39214940594e-08 
1 914 1.07 2.35710024623e-08 
1 915 1.07 2.32253547862e-08 
1 916 1.07 2.28845917532e-08 
1 917 1.07 2.25487149581e-08 
1 918 1.07 2.22177090632e-08 
1 919 1.07 2.18915373504e-08 
1 920 1.07 2.15701591118e-08 
1 921 1.07 2.12535288842e-08 
1 922 1.07 2.09415868323e-08 
1 923 1.08 2.06342834888e-08 
1 924 1.08 2.03315558325e-08 
1 925 1.08 2.00333448524e-08 
1 926 1.08 1.97393943195e-08 
1 927 1.08 1.94822768406e-08 
1 928 1.08 1.92031080924e-08 
1 929 1.08 1.89254642903e-08 
1 930 1.08 1.86482502047e-08 
1 931 1.08 1.83746234686e-08 
1 932 1.09 1.81044591322e-08 
1 933 1.09 1.7838245633e-08 
1 934 1.09 1.75759300368e-08 
1 935 1.09 1.73175589779e-08 
1 936 1.09 1.70630671515e-08 
1 937 1.09 1.68124149216e-08 
1 938 1.09 1.65655480446e-08 
1 939 1.09 1.63224065964e-08 
1 940 1.09 1.60829295685e-08 
1 941 1.09 1.58470621046e-08 
1 942 1.1 1.56147456962e-08 
1 943 1.1 1.45045781119e-08 
1 944 1.1 1.53204214912e-08 
1 945 1.1 1.5037606454e-08 
1 946 1.1 1.47825905031e-08 
1 947 1.1 1.37067539374e-08 
1 948 1.1 1.44840343564e-08 
1 949 1.1 1.42138829677e-08 
1 950 1.1 8.09980843277e-09 
1 951 1.1 1.48813523323e-08 
1 952 1.11 1.44799854083e-08 
1 953 1.11 1.30879258514e-08 
1 954 1.11 1.35668473181e-08 
1 955 1.11 7.65170454908e-09 
1 956 1.11 1.40900663359e-08 
1 957 1.11 1.29889189105e-08 
1 958 1.11 1.3121726311e-08 
1 959 1.11 7.33056524112e-09 
1 960 1.11 1.35094182331e-08 
1 961 1.11 1.24711814531e-08 
1 962 1.12 1.19567417022e-08 
1 963 1.12 7.04915367701e-09 
1 964 1.12 1.29850890576e-08 
1 965 1.12 1.19227286444e-08 
1 966 1.12 1.14632532087e-08 
1 967 1.12 1.11949951861e-08 
1 968 1.12 1.10094521437e-08 
1 969 1.12 1.08369531578e-08 
1 970 1.12 1.06770045024e-08 
1 971 1.12 6.16040552091e-09 
1 972 1.13 1.1649337771e-08 
1 973 1.13 1.07179274173e-08 
1 974 1.13 5.3316985799e-09 
1 975 1.13 1.16048380113e-08 
1 976 1.13 1.04886507199e-08 
1 977 1.13 5.18632938136e-09 
1 978 1.13 1.12225886926e-08 
1 979 1.13 5.26100408658e-09 
1 980 1.13 1.12130552725e-08 
1 981 1.13 5.16655512909e-09 
1 982 1.14 1.1016819153e-08 
1 983 1.14 1.96711803651e-09 
1 984 1.14 1.15141273731e-08 
1 985 1.14 5.06992821724e-09 
1 986 1.14 1.08414037968e-08 
1 987 1.14 1.80089364273e-09 
1 988 1.14 1.11277412544e-08 
1 989 1.14 4.88363190242e-09 
1 990 1.14 1.04086277098e-08 
1 991 1.14 1.69317061581e-09 
1 992 1.14 1.06597894525e-08 
1 993 1.15 4.66411255966e-09 
1 994 1.15 1.69358268947e-09 
1 995 1.15 1.11088871326e-08 
1 996 1.15 1.37725622766e-09 
1 997 1.15 1.06011578075e-08 
1 998 1.15 1.34015967225e-09 
1 999 1.15 1.02819620059e-08 
1 1000 1.15 4.41704352516e-09 
1 1001 1.15 1.5083689752e-09 
1 1002 1.15 1.04690940286e-08 
1 1003 1.15 1.24772101472e-09 
1 1004 1.16 9.93594973564e-09 
1 1005 1.16 1.22496904096e-09 
1 1006 1.16 4.76105196179e-09 
1 1007 1.16 1.26683165624e-09 
1 1008 1.16 1.05383658297e-08 
1 1009 1.16 1.10602984927e-09 
1 1010 1.16 4.75035509127e-09 
1 1011 1.16 1.19408378495e-09 
1 1012 1.16 9.07026245859e-10 
1 1013 1.16 1.09201852198e-08 
1 1014 1.16 9.77236323695e-10 
1 1015 1.17 8.22431538528e-10 
1 1016 1.17 1.02949724514e-08 
1 1017 1.17 9.18213005792e-10 
1 1018 1.17 4.53595181441e-09 
1 1019 1.17 1.04889084548e-09 
1 1020 1.17 7.93903189001e-10 
1 1021 1.17 1.03969419055e-08 
1 1022 1.17 1.03714081362e-09 
1 1023 1.17 8.27075031108e-10 
1 1024 1.17 4.71947425501e-09 
1 1025 1.17 9.56254007514e-10 
1 1026 1.17 7.1547363667e-10 
1 1027 1.18 0 
