/*--------------------------------*- C++ -*----------------------------------*\
| =========                 |                                                 |
| \\      /  F ield         | foam-extend: Open Source CFD                    |
|  \\    /   O peration     | Version:     4.1                                |
|   \\  /    A nd           | Web:         http://www.foam-extend.org         |
|    \\/     M anipulation  |                                                 |
\*---------------------------------------------------------------------------*/
FoamFile
{
    version     2.0;
    format      ascii;
    class       vectorField;
    location    "1";
    object      solidsCellD_iteration3;
}
// * * * * * * * * * * * * * * * * * * * * * * * * * * * * * * * * * * * * * //


1000
(
(3.306353704798236e-07 -4.494916629944818e-08 0)
(3.242934920533102e-07 -4.704406918044842e-08 0)
(3.222238574787239e-07 -5.050519418777098e-08 0)
(3.23328440315566e-07 -5.485748367737179e-08 0)
(3.267339649241542e-07 -5.988305709630224e-08 0)
(3.319071791191946e-07 -6.540275184481764e-08 0)
(3.383991063488115e-07 -7.135504715673961e-08 0)
(3.457827409986948e-07 -7.77853969173597e-08 0)
(3.538080916032943e-07 -8.4569942443233e-08 0)
(3.604532097579671e-07 -9.234012536693041e-08 0)
(3.00898008055179e-07 -4.932781528244581e-08 0)
(2.93932628389639e-07 -5.293130244194483e-08 0)
(2.911653740476474e-07 -5.754474687197839e-08 0)
(2.916218610653042e-07 -6.276929833697141e-08 0)
(2.943235423200465e-07 -6.845817391236003e-08 0)
(2.985467793966539e-07 -7.453226043413471e-08 0)
(3.038944028997769e-07 -8.09303144855312e-08 0)
(3.099463345015519e-07 -8.7664471355941e-08 0)
(3.164866079734632e-07 -9.453237063363824e-08 0)
(3.223028945586132e-07 -1.021466059434317e-07 0)
(2.692629465656596e-07 -5.342442578685332e-08 0)
(2.619980166119754e-07 -5.8702882001174e-08 0)
(2.588926190968948e-07 -6.44178688109295e-08 0)
(2.587689214963455e-07 -7.045123257829872e-08 0)
(2.607920151225199e-07 -7.670266214900436e-08 0)
(2.642396576609287e-07 -8.315308484052414e-08 0)
(2.686958280724051e-07 -8.977032233476998e-08 0)
(2.738689732037114e-07 -9.651362984211009e-08 0)
(2.79530475473094e-07 -1.032088085999719e-07 0)
(2.848858891038907e-07 -1.103884345738421e-07 0)
(2.361896898643298e-07 -5.716291068140629e-08 0)
(2.289700896023543e-07 -6.412849120097639e-08 0)
(2.257365650760439e-07 -7.091083170491293e-08 0)
(2.252162252143972e-07 -7.766526605682867e-08 0)
(2.26629179847112e-07 -8.441540794005125e-08 0)
(2.294301670709717e-07 -9.114716776809073e-08 0)
(2.331712840388312e-07 -9.787509553818215e-08 0)
(2.376386423013006e-07 -1.045821796456004e-07 0)
(2.426215399315045e-07 -1.111655068333211e-07 0)
(2.475554436822529e-07 -1.180095615552219e-07 0)
(2.019119206002407e-07 -6.045567181796174e-08 0)
(1.9508033942894e-07 -6.903832604689128e-08 0)
(1.918475411786311e-07 -7.687010321960702e-08 0)
(1.911073623904839e-07 -8.42996671154216e-08 0)
(1.921305777042206e-07 -9.144514308861234e-08 0)
(1.943832131425189e-07 -9.840085860303199e-08 0)
(1.975033465084088e-07 -1.05232658176986e-07 0)
(2.012734347480266e-07 -1.119170381448887e-07 0)
(2.056010960718063e-07 -1.184115004494465e-07 0)
(2.10014141734755e-07 -1.250073450133717e-07 0)
(1.666201550838899e-07 -6.325810312093001e-08 0)
(1.604423125354147e-07 -7.332283392513552e-08 0)
(1.57449524351743e-07 -8.20776513225073e-08 0)
(1.566488522231496e-07 -9.012014054153084e-08 0)
(1.573867172175218e-07 -9.766249269623799e-08 0)
(1.591192764407079e-07 -1.048433435470108e-07 0)
(1.616574314199355e-07 -1.11740808518304e-07 0)
(1.647979902636081e-07 -1.184126707693418e-07 0)
(1.684487970084445e-07 -1.24863266037226e-07 0)
(1.722346954757343e-07 -1.312982951455388e-07 0)
(1.304785064901517e-07 -6.550843473370842e-08 0)
(1.253188995478452e-07 -7.684871974332311e-08 0)
(1.227650161032105e-07 -8.642596873728645e-08 0)
(1.219942375108168e-07 -9.500098485479493e-08 0)
(1.224684791647465e-07 -1.028719837033584e-07 0)
(1.237716970214753e-07 -1.102521348405989e-07 0)
(1.257596890518609e-07 -1.172292329626621e-07 0)
(1.282564260680933e-07 -1.239203105611001e-07 0)
(1.311716202940189e-07 -1.303614743592514e-07 0)
(1.342246614722072e-07 -1.366966444187272e-07 0)
(9.366638205360363e-08 -6.720537235917392e-08 0)
(8.978944699634639e-08 -7.95679120921179e-08 0)
(8.784468148407267e-08 -8.980928829349646e-08 0)
(8.724984969828974e-08 -9.878505328989143e-08 0)
(8.752071180929214e-08 -1.069207544515747e-07 0)
(8.842026863737207e-08 -1.144480002986905e-07 0)
(8.984638063662457e-08 -1.215144911852417e-07 0)
(9.166661386581607e-08 -1.282324998080507e-07 0)
(9.379382850541184e-08 -1.346591553272405e-07 0)
(9.602000723394318e-08 -1.408966840123754e-07 0)
(5.639852113205703e-08 -6.834551240514528e-08 0)
(5.401878196495249e-08 -8.141098523382617e-08 0)
(5.280382362325161e-08 -9.210897927301091e-08 0)
(5.237706428635108e-08 -1.014037835498496e-07 0)
(5.249285854160245e-08 -1.09726860109046e-07 0)
(5.305311743735667e-08 -1.173565464828964e-07 0)
(5.394817743557069e-08 -1.244922370179763e-07 0)
(5.504345889156897e-08 -1.312535054258884e-07 0)
(5.630304493131059e-08 -1.377183528959673e-07 0)
(5.764803066400734e-08 -1.439401651577666e-07 0)
(1.885590928130281e-08 -6.892429895058327e-08 0)
(1.80132775851824e-08 -8.233572134324422e-08 0)
(1.759069099773405e-08 -9.327898664484908e-08 0)
(1.747367404676997e-08 -1.027273888305927e-07 0)
(1.752853375394136e-08 -1.11126411695018e-07 0)
(1.769409250642499e-08 -1.187970733539394e-07 0)
(1.797827819245123e-08 -1.259460738979745e-07 0)
(1.835386379433498e-08 -1.326979223673792e-07 0)
(1.877891065030105e-08 -1.391489663734099e-07 0)
(1.922046367146011e-08 -1.453283892552037e-07 0)
(4.925900560807565e-07 -1.942189952293371e-09 0)
(4.952751845310018e-07 -1.583206662163151e-09 0)
(4.994274628545381e-07 -1.458952782688461e-09 0)
(5.049838259523918e-07 -1.502690040954501e-09 0)
(5.119628849495081e-07 -1.660358387413009e-09 0)
(5.201816063389517e-07 -1.883025847917828e-09 0)
(5.295569952857913e-07 -2.138336499650334e-09 0)
(5.398681213740411e-07 -2.442969063338565e-09 0)
(5.511085431856412e-07 -2.770421166851624e-09 0)
(5.631496975405127e-07 -3.097433600073299e-09 0)
(4.895297146938734e-07 -5.843566400269593e-09 0)
(4.918801042057134e-07 -4.802074782113865e-09 0)
(4.958578564119542e-07 -4.462781843417187e-09 0)
(5.012819653497131e-07 -4.608030171566733e-09 0)
(5.081654683384135e-07 -5.063764660358685e-09 0)
(5.162869393020395e-07 -5.73162315203428e-09 0)
(5.256162944415221e-07 -6.523912600938171e-09 0)
(5.359118846054755e-07 -7.422624527443177e-09 0)
(5.471188360492192e-07 -8.372741632244392e-09 0)
(5.591453789153116e-07 -9.353944554178882e-09 0)
(4.832816758863132e-07 -9.793652163204708e-09 0)
(4.850543803301927e-07 -8.179991740437418e-09 0)
(4.886934794693657e-07 -7.690960275261627e-09 0)
(4.939219321076998e-07 -7.957898621147516e-09 0)
(5.006515970565587e-07 -8.727581181487955e-09 0)
(5.086918287801508e-07 -9.844839751841606e-09 0)
(5.179395736828749e-07 -1.115799531739653e-08 0)
(5.281421603800133e-07 -1.262992103652752e-08 0)
(5.392708869150404e-07 -1.420635086921065e-08 0)
(5.512855506177823e-07 -1.584745485658658e-08 0)
(4.73972495372651e-07 -1.38266200895046e-08 0)
(4.749716419389881e-07 -1.178126735454988e-08 0)
(4.780677012691691e-07 -1.125916109161033e-08 0)
(4.830155457298399e-07 -1.171378910312181e-08 0)
(4.89516577463491e-07 -1.28078093277449e-08 0)
(4.973409301107526e-07 -1.435949521938738e-08 0)
(5.064468284808208e-07 -1.619711979353585e-08 0)
(5.166026979879642e-07 -1.825511677023328e-08 0)
(5.276537754404716e-07 -2.046856336139639e-08 0)
(5.396925946448966e-07 -2.274324958592161e-08 0)
(4.616204270234585e-07 -1.799357830166204e-08 0)
(4.617075678203875e-07 -1.570413855515233e-08 0)
(4.641534630550157e-07 -1.525492723002932e-08 0)
(4.686513282163878e-07 -1.596968829692624e-08 0)
(4.748834877790746e-07 -1.742175595780821e-08 0)
(4.825239213947771e-07 -1.941934445314119e-08 0)
(4.914592001329621e-07 -2.178618354407433e-08 0)
(5.015314735696418e-07 -2.441106294054445e-08 0)
(5.124831018580731e-07 -2.723449489605815e-08 0)
(5.245603877226041e-07 -3.010567475081611e-08 0)
(4.463728392779057e-07 -2.230277982633838e-08 0)
(4.453614827848996e-07 -2.001955718313226e-08 0)
(4.470675910881476e-07 -1.976063033173027e-08 0)
(4.510710612888676e-07 -2.082246223953023e-08 0)
(4.570004527494273e-07 -2.269699689257038e-08 0)
(4.644343366589735e-07 -2.516192190704818e-08 0)
(4.732021459077356e-07 -2.802943946327845e-08 0)
(4.831653247910378e-07 -3.117241622508094e-08 0)
(4.94045337856564e-07 -3.456494973864731e-08 0)
(5.062679916024825e-07 -3.799678324323614e-08 0)
(4.283028654830167e-07 -2.671761561401499e-08 0)
(4.261315718497967e-07 -2.47461669882636e-08 0)
(4.270730362738685e-07 -2.484853495977708e-08 0)
(4.305473860364274e-07 -2.635661395882095e-08 0)
(4.361072123570188e-07 -2.870944288384879e-08 0)
(4.433076673072685e-07 -3.165091254191767e-08 0)
(4.51900531229141e-07 -3.499411215680266e-08 0)
(4.617290898914262e-07 -3.862535416190035e-08 0)
(4.72553731215305e-07 -4.256485527930569e-08 0)
(4.850281153676008e-07 -4.652162734666829e-08 0)
(4.07534621243629e-07 -3.121784670309418e-08 0)
(4.041795576558404e-07 -2.98795664188782e-08 0)
(4.04323029881317e-07 -3.054684625834692e-08 0)
(4.072386377424528e-07 -3.259684296463546e-08 0)
(4.12371783330459e-07 -3.54919345874913e-08 0)
(4.193129762407294e-07 -3.89361446361497e-08 0)
(4.277354812534932e-07 -4.275113651422693e-08 0)
(4.374801652530842e-07 -4.684324154090439e-08 0)
(4.483103206357522e-07 -5.128628740753804e-08 0)
(4.610996130929174e-07 -5.570515397803687e-08 0)
(3.842210170852847e-07 -3.577992955118178e-08 0)
(3.797111640752843e-07 -3.537435205258288e-08 0)
(3.791317338591742e-07 -3.680509786226896e-08 0)
(3.814804670655247e-07 -3.951623276235002e-08 0)
(3.861614914957891e-07 -4.303086837230545e-08 0)
(3.927361697724585e-07 -4.704825172788008e-08 0)
(4.008819458519449e-07 -5.138723717297044e-08 0)
(4.104348114414426e-07 -5.594839582838268e-08 0)
(4.211278678198112e-07 -6.084324473673493e-08 0)
(4.341130815415273e-07 -6.559537909785642e-08 0)
(3.585550656890144e-07 -4.034266808764432e-08 0)
(3.529827780275806e-07 -4.110650123079807e-08 0)
(3.516606039123953e-07 -4.349817284365009e-08 0)
(3.53435897713486e-07 -4.701143759871568e-08 0)
(3.575909789641293e-07 -5.124905226982864e-08 0)
(3.636300451175182e-07 -5.596218485688889e-08 0)
(3.713134739578486e-07 -6.100571960484549e-08 0)
(3.805264795503125e-07 -6.6291804072306e-08 0)
(3.910761127230631e-07 -7.194058272623938e-08 0)
(4.037287242622814e-07 -7.744902704408949e-08 0)
(5.757303495346139e-07 -3.395569264569541e-09 0)
(5.892806602168486e-07 -3.63755943013962e-09 0)
(6.035506765631949e-07 -3.843705089792907e-09 0)
(6.18451925908729e-07 -4.029233675883921e-09 0)
(6.339082506291591e-07 -4.192378097009703e-09 0)
(6.499214248935291e-07 -4.332925089227129e-09 0)
(6.66497578636586e-07 -4.46390370830711e-09 0)
(6.835500548750218e-07 -4.600522385142358e-09 0)
(7.009936219574032e-07 -4.74064328027731e-09 0)
(7.188305507461697e-07 -4.86833745548699e-09 0)
(7.370593115296423e-07 -4.973159057897267e-09 0)
(7.556358712137343e-07 -5.060438639154949e-09 0)
(7.745265793099748e-07 -5.141102687055776e-09 0)
(7.937239502687979e-07 -5.218541222614705e-09 0)
(8.132147574744357e-07 -5.288026269070337e-09 0)
(8.329725322751246e-07 -5.345347268193769e-09 0)
(8.529826513095131e-07 -5.389794392542813e-09 0)
(8.732288470371848e-07 -5.420035863669736e-09 0)
(8.936565141101598e-07 -5.441334096828679e-09 0)
(9.143160814336312e-07 -5.463943519782319e-09 0)
(5.718460257772104e-07 -1.026216862251561e-08 0)
(5.856440515879625e-07 -1.09913874902251e-08 0)
(6.001460387595784e-07 -1.159987522959278e-08 0)
(6.152734952084742e-07 -1.213598976933406e-08 0)
(6.309923447635043e-07 -1.261266280960453e-08 0)
(6.472598292692058e-07 -1.304273919658698e-08 0)
(6.640450748284715e-07 -1.344774050352738e-08 0)
(6.812964343958466e-07 -1.38411095805837e-08 0)
(6.989536144053724e-07 -1.421530239620529e-08 0)
(7.169966754746726e-07 -1.455674383169241e-08 0)
(7.354019974100649e-07 -1.485982116390411e-08 0)
(7.541496003764925e-07 -1.513232021499264e-08 0)
(7.732303527467462e-07 -1.538291027111771e-08 0)
(7.926185235541561e-07 -1.560975044669388e-08 0)
(8.122710933823726e-07 -1.5805177665038e-08 0)
(8.321624240944807e-07 -1.596793164227415e-08 0)
(8.522866860886061e-07 -1.609827817803093e-08 0)
(8.726284239323537e-07 -1.619559428968103e-08 0)
(8.931946969650947e-07 -1.627408088658091e-08 0)
(9.140264838870953e-07 -1.63515123605524e-08 0)
(5.641961098204474e-07 -1.733501622341216e-08 0)
(5.784838012937202e-07 -1.849011128302728e-08 0)
(5.935248313815267e-07 -1.944349318558474e-08 0)
(6.09133019036096e-07 -2.029391514674034e-08 0)
(6.25277707009566e-07 -2.106616617879118e-08 0)
(6.419743713663815e-07 -2.17773989209507e-08 0)
(6.592237479276218e-07 -2.244848217041623e-08 0)
(6.769370230128291e-07 -2.308509339547369e-08 0)
(6.950061942448808e-07 -2.367726559138052e-08 0)
(7.134286096435525e-07 -2.422146232620719e-08 0)
(7.322167449060129e-07 -2.471963119103651e-08 0)
(7.513576807164874e-07 -2.517670916380713e-08 0)
(7.708169473575179e-07 -2.559242585174292e-08 0)
(7.90545097487366e-07 -2.595950567968672e-08 0)
(8.105176725056383e-07 -2.627213176374592e-08 0)
(8.307428934245324e-07 -2.653059523172727e-08 0)
(8.511669449529053e-07 -2.673545145851438e-08 0)
(8.717933337940717e-07 -2.689886984812978e-08 0)
(8.926177574560295e-07 -2.704738171221772e-08 0)
(9.136724931516649e-07 -2.720019128433076e-08 0)
(5.529531431417574e-07 -2.472531142101499e-08 0)
(5.679379366941484e-07 -2.620092124044888e-08 0)
(5.83707575159942e-07 -2.742635565074821e-08 0)
(6.000294077133729e-07 -2.855492519634829e-08 0)
(6.169047820175583e-07 -2.960092684522225e-08 0)
(6.343055148665075e-07 -3.057012778271251e-08 0)
(6.521909629210244e-07 -3.148141634896713e-08 0)
(6.704979757684222e-07 -3.233828089873709e-08 0)
(6.891759018848436e-07 -3.313775846691285e-08 0)
(7.082186984869226e-07 -3.388153747097973e-08 0)
(7.276133247387475e-07 -3.456930743661593e-08 0)
(7.473226452803125e-07 -3.519735942437057e-08 0)
(7.672989293945143e-07 -3.575872120532354e-08 0)
(7.875035056858974e-07 -3.624959708451387e-08 0)
(8.079387119528483e-07 -3.667275593852877e-08 0)
(8.286240151591474e-07 -3.702235222088919e-08 0)
(8.494903593494897e-07 -3.730140899732339e-08 0)
(8.705678908217929e-07 -3.753577434644285e-08 0)
(8.918226142522226e-07 -3.776053654387561e-08 0)
(9.132258718579836e-07 -3.800834778769637e-08 0)
(5.382855923342534e-07 -3.250525097013389e-08 0)
(5.542175049001749e-07 -3.420597512937381e-08 0)
(5.71019351444181e-07 -3.563252448952648e-08 0)
(5.883097505522499e-07 -3.699104820830435e-08 0)
(6.061083568559095e-07 -3.826881140685164e-08 0)
(6.243978079685183e-07 -3.94620302487938e-08 0)
(6.431657291576873e-07 -4.059446312828547e-08 0)
(6.623057061372691e-07 -4.166050004906382e-08 0)
(6.818025173928464e-07 -4.266277533407486e-08 0)
(7.016366130404486e-07 -4.35982211987981e-08 0)
(7.217700824382029e-07 -4.445766921011473e-08 0)
(7.421656385233818e-07 -4.523238800331563e-08 0)
(7.627933369125267e-07 -4.591691480188496e-08 0)
(7.836496428239581e-07 -4.651385142271121e-08 0)
(8.047392420282938e-07 -4.703031811399556e-08 0)
(8.259986467609043e-07 -4.74601809937238e-08 0)
(8.474595842358179e-07 -4.781487140849975e-08 0)
(8.690413512917707e-07 -4.812740387541158e-08 0)
(8.908325001949008e-07 -4.844109436028645e-08 0)
(9.127196278565983e-07 -4.879357146638177e-08 0)
(5.206358759523819e-07 -4.074080948130607e-08 0)
(5.377207234339125e-07 -4.25625741053146e-08 0)
(5.557538796208368e-07 -4.410138104602856e-08 0)
(5.742116602217577e-07 -4.562963755119421e-08 0)
(5.931859220969559e-07 -4.710190354144102e-08 0)
(6.126043329843481e-07 -4.850327485854464e-08 0)
(6.324797982289751e-07 -4.984547515005534e-08 0)
(6.526591388284624e-07 -5.110347160131678e-08 0)
(6.731083681832986e-07 -5.228127538432587e-08 0)
(6.938409077923323e-07 -5.337939358865664e-08 0)
(7.148474014642235e-07 -5.438649665557116e-08 0)
(7.360913747682376e-07 -5.52889107850628e-08 0)
(7.575264046349075e-07 -5.608237837902846e-08 0)
(7.791519753367367e-07 -5.677576793118425e-08 0)
(8.009911309919222e-07 -5.737162990358873e-08 0)
(8.229342954715213e-07 -5.786960876101385e-08 0)
(8.450741857067719e-07 -5.829546094920069e-08 0)
(8.672922115836131e-07 -5.868636179017585e-08 0)
(8.89720394075124e-07 -5.908965481335702e-08 0)
(9.122092620687031e-07 -5.95317226655057e-08 0)
(5.002746133682332e-07 -4.952303737434648e-08 0)
(5.188011665672566e-07 -5.133793092568652e-08 0)
(5.38387759296159e-07 -5.288799288929539e-08 0)
(5.583041279426683e-07 -5.451468556038247e-08 0)
(5.786798585707838e-07 -5.612058341222347e-08 0)
(5.994204809458169e-07 -5.76888765464693e-08 0)
(6.204692713199567e-07 -5.91966860375081e-08 0)
(6.417821035632918e-07 -6.062167477816333e-08 0)
(6.633290956989194e-07 -6.195813105145808e-08 0)
(6.851116387881896e-07 -6.319913760195671e-08 0)
(7.071159186370928e-07 -6.433240285638074e-08 0)
(7.293012280663944e-07 -6.534388346385077e-08 0)
(7.516346314906902e-07 -6.623082920326551e-08 0)
(7.741220381493167e-07 -6.700607018277679e-08 0)
(7.967493183438889e-07 -6.767041995299814e-08 0)
(8.194730299635928e-07 -6.823187492880756e-08 0)
(8.423931845905304e-07 -6.872568681446309e-08 0)
(8.653720655115249e-07 -6.918431634368834e-08 0)
(8.885357945679143e-07 -6.964600787916635e-08 0)
(9.117161839526566e-07 -7.013307250137732e-08 0)
(4.775178416581401e-07 -5.888466770544403e-08 0)
(4.978341153003043e-07 -6.054084340280669e-08 0)
(5.19273112336152e-07 -6.199813362435868e-08 0)
(5.409305558595933e-07 -6.364749599489784e-08 0)
(5.628949833497287e-07 -6.531755339147594e-08 0)
(5.851476556110763e-07 -6.698797921416568e-08 0)
(6.075685895702922e-07 -6.860287049116215e-08 0)
(6.301509836621297e-07 -7.014767980947564e-08 0)
(6.528991417785495e-07 -7.160616737559577e-08 0)
(6.758238257826839e-07 -7.295962200188522e-08 0)
(6.989022158572617e-07 -7.41917389548184e-08 0)
(7.220705554348687e-07 -7.529082927900032e-08 0)
(7.45311578162064e-07 -7.62601596741877e-08 0)
(7.686863387216556e-07 -7.711284685660846e-08 0)
(7.921605986167465e-07 -7.784778551377093e-08 0)
(8.157463433192316e-07 -7.847727339423724e-08 0)
(8.395150673232552e-07 -7.90317503965005e-08 0)
(8.633072438972321e-07 -7.953290002989822e-08 0)
(8.872747934455296e-07 -8.000781166233915e-08 0)
(9.112443791125969e-07 -8.04894344461358e-08 0)
(4.524305452305512e-07 -6.893038441079074e-08 0)
(4.751888489046524e-07 -7.021538792978705e-08 0)
(4.989311122922569e-07 -7.145648717892795e-08 0)
(5.22644024410539e-07 -7.301383186546073e-08 0)
(5.464755551832421e-07 -7.466941858391757e-08 0)
(5.703702058217175e-07 -7.634944918833419e-08 0)
(5.942885017452333e-07 -7.799776130859458e-08 0)
(6.182350540951344e-07 -7.959469459534862e-08 0)
(6.422313307608584e-07 -8.111335410391809e-08 0)
(6.662969337895616e-07 -8.25286067515983e-08 0)
(6.904209501800984e-07 -8.382323070644497e-08 0)
(7.145638055129269e-07 -8.498936333995179e-08 0)
(7.387425955461571e-07 -8.603586526421138e-08 0)
(7.630292191170648e-07 -8.697007886544958e-08 0)
(7.873667612765888e-07 -8.778249345990288e-08 0)
(8.118199607575362e-07 -8.848562188426999e-08 0)
(8.364456723913259e-07 -8.909800761663578e-08 0)
(8.610902906260742e-07 -8.962440278644387e-08 0)
(8.858894851265865e-07 -9.008436354721292e-08 0)
(9.107116143993079e-07 -9.053053349462863e-08 0)
(4.25519233819495e-07 -8.033997770395916e-08 0)
(4.521229042126979e-07 -8.062208207836749e-08 0)
(4.788772785311924e-07 -8.143695527840586e-08 0)
(5.050268239663453e-07 -8.270703738580691e-08 0)
(5.308585937066436e-07 -8.41606513883742e-08 0)
(5.56421470558863e-07 -8.56979087991467e-08 0)
(5.8177755446231e-07 -8.72658967533057e-08 0)
(6.069903867133164e-07 -8.882302835918568e-08 0)
(6.32130816007001e-07 -9.032865846359396e-08 0)
(6.572486480844073e-07 -9.175325449846214e-08 0)
(6.823418332713947e-07 -9.307883744471718e-08 0)
(7.073827779504686e-07 -9.429638557519472e-08 0)
(7.324237232596064e-07 -9.54118512442974e-08 0)
(7.575379218692706e-07 -9.642415493537435e-08 0)
(7.826674976548737e-07 -9.731720608677623e-08 0)
(8.079239580782255e-07 -9.810107381955873e-08 0)
(8.333059659817631e-07 -9.877851710907313e-08 0)
(8.587378131076497e-07 -9.934021120002312e-08 0)
(8.843196158974966e-07 -9.980210237913139e-08 0)
(9.099958941706854e-07 -1.002170285274809e-07 0)
(3.993151066646904e-07 -9.633839073443067e-08 0)
(4.320216125717771e-07 -9.355710061271858e-08 0)
(4.622738639468868e-07 -9.310738504394942e-08 0)
(4.909833667785701e-07 -9.353219029657749e-08 0)
(5.186682038080225e-07 -9.441982788456053e-08 0)
(5.45697135578081e-07 -9.557375670319642e-08 0)
(5.722614096074188e-07 -9.687416573662152e-08 0)
(5.985070374515337e-07 -9.823472821826493e-08 0)
(6.245540341741173e-07 -9.959405752603478e-08 0)
(6.504845369250736e-07 -1.009134014518659e-07 0)
(6.763070324451561e-07 -1.02169029646302e-07 0)
(7.020072385240598e-07 -1.033470480796555e-07 0)
(7.276780775807226e-07 -1.044463211176483e-07 0)
(7.533832350372477e-07 -1.054569156873018e-07 0)
(7.790485859231542e-07 -1.063580359068159e-07 0)
(8.048370419333531e-07 -1.071549002438368e-07 0)
(8.306781451556893e-07 -1.078380187729838e-07 0)
(8.565856215630115e-07 -1.083997975711446e-07 0)
(8.826100378675876e-07 -1.088550335901566e-07 0)
(9.087644365682237e-07 -1.092163694730013e-07 0)
(3.87184837585783e-07 -1.11408287407978e-07 0)
(4.200385329635779e-07 -1.079598007945998e-07 0)
(4.510210824929939e-07 -1.063493531000827e-07 0)
(4.808041368023708e-07 -1.058143365995593e-07 0)
(5.095564867780566e-07 -1.059781042016536e-07 0)
(5.375647105046304e-07 -1.065917624739257e-07 0)
(5.650108615870261e-07 -1.074707801309196e-07 0)
(5.920476846714039e-07 -1.084947906412639e-07 0)
(6.187983493071666e-07 -1.095854996746715e-07 0)
(6.453538558093712e-07 -1.106918322303333e-07 0)
(6.717294667952669e-07 -1.117771668112103e-07 0)
(6.979288214127365e-07 -1.128178864680511e-07 0)
(7.240705186881195e-07 -1.138054041608636e-07 0)
(7.501941220144775e-07 -1.147207863523584e-07 0)
(7.762201809272168e-07 -1.155409793830583e-07 0)
(8.023427725764494e-07 -1.162693310553155e-07 0)
(8.284431466973912e-07 -1.168909584946193e-07 0)
(8.546024749153844e-07 -1.174066779615974e-07 0)
(8.808172678402922e-07 -1.178189798143427e-07 0)
(9.071203506354789e-07 -1.180610295506901e-07 0)
(3.796550111891936e-07 -1.243904562536023e-07 0)
(4.117286585017835e-07 -1.213301030587909e-07 0)
(4.426702376558948e-07 -1.193950754226267e-07 0)
(4.727585602136176e-07 -1.183371411684018e-07 0)
(5.020379127005904e-07 -1.179742662227588e-07 0)
(5.306379818805873e-07 -1.181134246162136e-07 0)
(5.587002265619475e-07 -1.185821141073961e-07 0)
(5.863314733220357e-07 -1.192594818782706e-07 0)
(6.136327045548811e-07 -1.20061436605631e-07 0)
(6.406911838957265e-07 -1.209285068049883e-07 0)
(6.675172188862613e-07 -1.218119233287694e-07 0)
(6.941250158066742e-07 -1.226790329580193e-07 0)
(7.206525204898963e-07 -1.235173679769695e-07 0)
(7.471143885997485e-07 -1.243024099138319e-07 0)
(7.734351589256305e-07 -1.250110392583816e-07 0)
(7.998165916109823e-07 -1.256464951951044e-07 0)
(8.261207662557066e-07 -1.261945905958001e-07 0)
(8.524670557295843e-07 -1.266550278206921e-07 0)
(8.788069896870971e-07 -1.269935260628045e-07 0)
(9.051984800983425e-07 -1.270798102140744e-07 0)
(3.740932314769851e-07 -1.364840374675204e-07 0)
(4.054464495139405e-07 -1.338358403048231e-07 0)
(4.360898058930909e-07 -1.319033632214382e-07 0)
(4.661622691725442e-07 -1.306189093700285e-07 0)
(4.956393918173944e-07 -1.299277969231892e-07 0)
(5.245687259669491e-07 -1.297109537471035e-07 0)
(5.53034156443225e-07 -1.298416788474359e-07 0)
(5.81082089872053e-07 -1.302135932954904e-07 0)
(6.087921572035996e-07 -1.307454649969983e-07 0)
(6.362459947072004e-07 -1.313767650556898e-07 0)
(6.634397248974137e-07 -1.320521200011366e-07 0)
(6.903890292896346e-07 -1.327351374685484e-07 0)
(7.172443945554154e-07 -1.334148265929599e-07 0)
(7.439947724123635e-07 -1.34062921057138e-07 0)
(7.70578766865111e-07 -1.346555877897492e-07 0)
(7.971894930240342e-07 -1.351951581358324e-07 0)
(8.236759010861001e-07 -1.356664665075953e-07 0)
(8.501801113401209e-07 -1.360548755885995e-07 0)
(8.766253400703988e-07 -1.362799958088816e-07 0)
(9.031019271119885e-07 -1.362283717828119e-07 0)
(3.697064901981673e-07 -1.479895296870953e-07 0)
(4.005042310316502e-07 -1.457230390198928e-07 0)
(4.307938441669698e-07 -1.439407790574064e-07 0)
(4.607343575838801e-07 -1.426018480572671e-07 0)
(4.902240265507476e-07 -1.417253102722649e-07 0)
(5.193077781368093e-07 -1.412628717489575e-07 0)
(5.480049622523537e-07 -1.411341827840477e-07 0)
(5.763141878737177e-07 -1.412509372591176e-07 0)
(6.04304544359303e-07 -1.415411881443979e-07 0)
(6.320536057999724e-07 -1.419513361564639e-07 0)
(6.595382699074977e-07 -1.424255014186684e-07 0)
(6.867694661853027e-07 -1.429290066632521e-07 0)
(7.139035003216751e-07 -1.434564642785514e-07 0)
(7.409002175640617e-07 -1.439758037572537e-07 0)
(7.677157450893467e-07 -1.444598224032304e-07 0)
(7.945268276762997e-07 -1.449061753493585e-07 0)
(8.211781702796208e-07 -1.45291655548409e-07 0)
(8.478160338818095e-07 -1.455813125265205e-07 0)
(8.743577819832122e-07 -1.456753895697062e-07 0)
(9.00922244099977e-07 -1.45560371502791e-07 0)
(3.660497982379457e-07 -1.591274510350238e-07 0)
(3.964158889275681e-07 -1.5719219977735e-07 0)
(4.26416070393281e-07 -1.555828789444921e-07 0)
(4.561717462500436e-07 -1.542737047167333e-07 0)
(4.855937806529119e-07 -1.533115405429342e-07 0)
(5.147295380077567e-07 -1.526969693811743e-07 0)
(5.435425332937492e-07 -1.523837584437704e-07 0)
(5.720021195417085e-07 -1.523013797180794e-07 0)
(6.00175970490093e-07 -1.523897947363546e-07 0)
(6.281392225064474e-07 -1.526082575255613e-07 0)
(6.558489456365991e-07 -1.529043676742409e-07 0)
(6.833102395773326e-07 -1.5324837374034e-07 0)
(7.106795989310723e-07 -1.536411112848634e-07 0)
(7.378863585851535e-07 -1.54045893281554e-07 0)
(7.649088642896004e-07 -1.544301875004365e-07 0)
(7.918843858884184e-07 -1.547816991068899e-07 0)
(8.186779443009574e-07 -1.550665456760655e-07 0)
(8.45429567150049e-07 -1.552404964215215e-07 0)
(8.720667632998986e-07 -1.552374066910316e-07 0)
(8.987115312477729e-07 -1.551230347684012e-07 0)
(3.62922959348065e-07 -1.700252663833685e-07 0)
(3.929461571501745e-07 -1.683554832488355e-07 0)
(4.227293312287412e-07 -1.669073684665599e-07 0)
(4.522868258350043e-07 -1.656736537280702e-07 0)
(4.81614692321795e-07 -1.647012674542352e-07 0)
(5.107401321026334e-07 -1.640100709724544e-07 0)
(5.395951121968665e-07 -1.635767956014639e-07 0)
(5.681331166013465e-07 -1.633481324745933e-07 0)
(5.964228027043877e-07 -1.632761329259701e-07 0)
(6.245367905849136e-07 -1.633375614641112e-07 0)
(6.524148351027509e-07 -1.634849865097893e-07 0)
(6.800589288331615e-07 -1.636940346864593e-07 0)
(7.076186912241701e-07 -1.639676219129179e-07 0)
(7.34990313008265e-07 -1.642640598950351e-07 0)
(7.621868765810995e-07 -1.645470042155801e-07 0)
(7.892959795424084e-07 -1.647934788068386e-07 0)
(8.162066433154767e-07 -1.649666567696028e-07 0)
(8.430599424518113e-07 -1.650367457946208e-07 0)
(8.697888342113369e-07 -1.649973399424834e-07 0)
(8.964962403401922e-07 -1.648619386342596e-07 0)
(3.602411364455191e-07 -1.807420750428904e-07 0)
(3.90011051685238e-07 -1.79278189671348e-07 0)
(4.196043329573817e-07 -1.779885430087434e-07 0)
(4.489865690327908e-07 -1.768588652539814e-07 0)
(4.782079730437455e-07 -1.759260147068523e-07 0)
(5.072807763561057e-07 -1.75208257477039e-07 0)
(5.361291019023684e-07 -1.746993833376084e-07 0)
(5.646970898839082e-07 -1.743632913934776e-07 0)
(5.930529736204401e-07 -1.741629454922409e-07 0)
(6.21265597586501e-07 -1.740967764042804e-07 0)
(6.492602395431183e-07 -1.741218257929145e-07 0)
(6.770402644826849e-07 -1.742182274717618e-07 0)
(7.047452857653209e-07 -1.743835180367807e-07 0)
(7.322401807928813e-07 -1.745706095609641e-07 0)
(7.595661104026365e-07 -1.747446088021241e-07 0)
(7.867808916468752e-07 -1.74880444785041e-07 0)
(8.137899134796616e-07 -1.749523350258281e-07 0)
(8.407374728344001e-07 -1.749574567416873e-07 0)
(8.675425053579742e-07 -1.749067052047803e-07 0)
(8.943000231675694e-07 -1.746858819152766e-07 0)
(3.579209829604545e-07 -1.913189142795237e-07 0)
(3.875129016609007e-07 -1.900284309505149e-07 0)
(4.169404306066451e-07 -1.88891814486774e-07 0)
(4.461818434009961e-07 -1.878713571230979e-07 0)
(4.752904130379349e-07 -1.869932587619052e-07 0)
(5.042881524606293e-07 -1.86268795562683e-07 0)
(5.331023986462473e-07 -1.857068254534675e-07 0)
(5.616705918503122e-07 -1.852892699747658e-07 0)
(5.900596690805228e-07 -1.849870095386053e-07 0)
(6.18333131294779e-07 -1.848210537706903e-07 0)
(6.464029964526138e-07 -1.847499774928775e-07 0)
(6.742743573401385e-07 -1.847568270046259e-07 0)
(7.020736406459287e-07 -1.848279359256857e-07 0)
(7.29652604315715e-07 -1.849112947106015e-07 0)
(7.570671629795687e-07 -1.849799118096183e-07 0)
(7.843648607265956e-07 -1.85020573022016e-07 0)
(8.11459096912247e-07 -1.850239689469273e-07 0)
(8.384874828777396e-07 -1.849980750146886e-07 0)
(8.653474606228099e-07 -1.848967001905663e-07 0)
(8.921493497037406e-07 -1.846042802159909e-07 0)
(3.559011162989126e-07 -2.018048753914326e-07 0)
(3.853552090542269e-07 -2.006756618261046e-07 0)
(4.146544180549268e-07 -1.996668955383153e-07 0)
(4.437766309140039e-07 -1.987346946729697e-07 0)
(4.727765244719333e-07 -1.979009390936784e-07 0)
(5.016973330729967e-07 -1.971738093571251e-07 0)
(5.304692019775311e-07 -1.965752146757827e-07 0)
(5.590236928179111e-07 -1.961044308641761e-07 0)
(5.874268053670426e-07 -1.957343129520871e-07 0)
(6.15733860151841e-07 -1.955005301873071e-07 0)
(6.438447763963126e-07 -1.95360317526512e-07 0)
(6.717684760389735e-07 -1.952974882899778e-07 0)
(6.996158248934584e-07 -1.952881846201014e-07 0)
(7.272428752984456e-07 -1.952804195250234e-07 0)
(7.547148246893474e-07 -1.952603375371904e-07 0)
(7.82079977295799e-07 -1.952309811519041e-07 0)
(8.092453235240402e-07 -1.951931636442719e-07 0)
(8.363308669376423e-07 -1.951290547582017e-07 0)
(8.632336189198312e-07 -1.949319502892529e-07 0)
(8.900709440040145e-07 -1.946525300331723e-07 0)
(3.541503243011034e-07 -2.122510546863767e-07 0)
(3.834859845195846e-07 -2.11262509077862e-07 0)
(4.126787698479157e-07 -2.103453916013671e-07 0)
(4.416927098016449e-07 -2.094745321470118e-07 0)
(4.705992648151784e-07 -2.08676121861816e-07 0)
(4.994542870340533e-07 -2.079564702637543e-07 0)
(5.281870897200637e-07 -2.07343974336045e-07 0)
(5.567231483777259e-07 -2.068497580021395e-07 0)
(5.8512843286742e-07 -2.064460566974778e-07 0)
(6.134481522565484e-07 -2.061641870229293e-07 0)
(6.41570499634972e-07 -2.059647687552936e-07 0)
(6.695127478864317e-07 -2.058330694650947e-07 0)
(6.973751560777346e-07 -2.057437772827824e-07 0)
(7.250250362797674e-07 -2.056545379687923e-07 0)
(7.525366998828402e-07 -2.055649393659285e-07 0)
(7.79952232482109e-07 -2.054866338267733e-07 0)
(8.071664149113879e-07 -2.054051429990149e-07 0)
(8.34288447038599e-07 -2.052666073684961e-07 0)
(8.612298484341162e-07 -2.050108634434729e-07 0)
(8.880965622960386e-07 -2.047582891729294e-07 0)
(3.526384121948728e-07 -2.226821145647986e-07 0)
(3.818666688090809e-07 -2.217897528858955e-07 0)
(4.109576472400873e-07 -2.20943485827583e-07 0)
(4.398800598331378e-07 -2.201248164215536e-07 0)
(4.687148502011466e-07 -2.193658077514761e-07 0)
(4.975183923795435e-07 -2.186663064999516e-07 0)
(5.262183664792604e-07 -2.18053563124381e-07 0)
(5.547342313575599e-07 -2.175414086123996e-07 0)
(5.831305668507662e-07 -2.171175275314561e-07 0)
(6.114450716896483e-07 -2.167860070338148e-07 0)
(6.39556585630192e-07 -2.16521697575899e-07 0)
(6.674939024359068e-07 -2.163162575466835e-07 0)
(6.953557019229365e-07 -2.161514903260209e-07 0)
(7.230179830614751e-07 -2.160004672854285e-07 0)
(7.505570339332033e-07 -2.158680055287444e-07 0)
(7.780048399563931e-07 -2.157537672206335e-07 0)
(8.052434913856206e-07 -2.156135590824039e-07 0)
(8.323875450953075e-07 -2.153999907232729e-07 0)
(8.593555441565069e-07 -2.151768809875167e-07 0)
(8.862510615416306e-07 -2.148956157953792e-07 0)
(3.51333745462515e-07 -2.330823087953556e-07 0)
(3.8046245529735e-07 -2.32251462117062e-07 0)
(4.09464371371492e-07 -2.314789373602581e-07 0)
(4.383165929646922e-07 -2.307150332064924e-07 0)
(4.670960348717659e-07 -2.299936097459816e-07 0)
(4.958575886466951e-07 -2.293111658045353e-07 0)
(5.245288171127715e-07 -2.286974785790207e-07 0)
(5.530253937987702e-07 -2.281560207094397e-07 0)
(5.81404367515586e-07 -2.277166595119303e-07 0)
(6.096995007243244e-07 -2.273460926030069e-07 0)
(6.377882352407174e-07 -2.270301391669727e-07 0)
(6.657109685162315e-07 -2.267683865155327e-07 0)
(6.935701006476001e-07 -2.265488975827648e-07 0)
(7.212427321649873e-07 -2.26354854264299e-07 0)
(7.487969655376146e-07 -2.261858933904932e-07 0)
(7.762525399160638e-07 -2.260226667816694e-07 0)
(8.034922836605446e-07 -2.25818970723244e-07 0)
(8.306535542197264e-07 -2.255861813611475e-07 0)
(8.576385230753757e-07 -2.253994470376468e-07 0)
(8.845554573922515e-07 -2.251101468921592e-07 0)
(3.502155453934044e-07 -2.434437073719947e-07 0)
(3.792615525200008e-07 -2.426911585488257e-07 0)
(4.081966907359057e-07 -2.41988245340603e-07 0)
(4.369913610756226e-07 -2.412665524686057e-07 0)
(4.657228064199703e-07 -2.405664198835903e-07 0)
(4.944502112101736e-07 -2.398973247187686e-07 0)
(5.230962409755426e-07 -2.392978171984298e-07 0)
(5.515730220805839e-07 -2.387426833513346e-07 0)
(5.799264761601988e-07 -2.38286809331299e-07 0)
(6.08188517484674e-07 -2.378824671160066e-07 0)
(6.362507120073831e-07 -2.37514844579605e-07 0)
(6.641647205351049e-07 -2.371956255049627e-07 0)
(6.920285777368962e-07 -2.369243596243071e-07 0)
(7.197069826046937e-07 -2.366860423551646e-07 0)
(7.472561591568657e-07 -2.364670398601801e-07 0)
(7.746967987567808e-07 -2.362425349661328e-07 0)
(8.019336640541566e-07 -2.360011085201929e-07 0)
(8.291141331523293e-07 -2.358097707345902e-07 0)
(8.561229412763076e-07 -2.355825341233032e-07 0)
(8.83050592491844e-07 -2.353325550421983e-07 0)
(3.492871546796093e-07 -2.538220046145439e-07 0)
(3.782673703058918e-07 -2.531542502092386e-07 0)
(4.071486350778392e-07 -2.524863438318085e-07 0)
(4.358931797863891e-07 -2.517878299593856e-07 0)
(4.645861190543299e-07 -2.511079190278582e-07 0)
(4.932874528214552e-07 -2.504667094748543e-07 0)
(5.219045527346735e-07 -2.498807974077227e-07 0)
(5.503475901904343e-07 -2.493141931570743e-07 0)
(5.786694414949978e-07 -2.488018222204973e-07 0)
(6.069029142628066e-07 -2.483447846303433e-07 0)
(6.349521321993313e-07 -2.479394582509235e-07 0)
(6.628705946478666e-07 -2.475884013261006e-07 0)
(6.907375723381496e-07 -2.472838722969058e-07 0)
(7.183996117509518e-07 -2.470037751149905e-07 0)
(7.459200837653968e-07 -2.467313686448771e-07 0)
(7.73348049130426e-07 -2.464658394024471e-07 0)
(8.006049200746688e-07 -2.462335144532162e-07 0)
(8.278037817100452e-07 -2.460620761092074e-07 0)
(8.548180275544915e-07 -2.458055168213714e-07 0)
(8.817320797189194e-07 -2.455647155970188e-07 0)
(3.485482249782522e-07 -2.642629062785929e-07 0)
(3.774709911148099e-07 -2.636082915909215e-07 0)
(4.063101214886443e-07 -2.629571221477252e-07 0)
(4.350198868418548e-07 -2.622946691197671e-07 0)
(4.636878168074971e-07 -2.616398506025006e-07 0)
(4.923626289605152e-07 -2.610168875058834e-07 0)
(5.209424641014282e-07 -2.604149252359444e-07 0)
(5.493344182042833e-07 -2.59843946080766e-07 0)
(5.776186733563714e-07 -2.592953309472313e-07 0)
(6.05845629556786e-07 -2.587887081420134e-07 0)
(6.33907548162556e-07 -2.583379893041952e-07 0)
(6.61829024451677e-07 -2.579429624349428e-07 0)
(6.896721690984937e-07 -2.575886876285507e-07 0)
(7.172964726924583e-07 -2.572535346576317e-07 0)
(7.447997421271433e-07 -2.56937287748287e-07 0)
(7.722498934637849e-07 -2.566689000829914e-07 0)
(7.995332893346506e-07 -2.564640225701558e-07 0)
(8.267210918982621e-07 -2.562257346414137e-07 0)
(8.536984438604764e-07 -2.559988006198782e-07 0)
(8.80579668855865e-07 -2.557814020594756e-07 0)
(3.479939399338163e-07 -2.746680390043699e-07 0)
(3.768718556906049e-07 -2.740484288226955e-07 0)
(4.05682686181363e-07 -2.73433347755191e-07 0)
(4.343708428166893e-07 -2.728077215278831e-07 0)
(4.630179383355416e-07 -2.721606117817907e-07 0)
(4.91649672598518e-07 -2.715202092942884e-07 0)
(5.201749078319374e-07 -2.709013577086568e-07 0)
(5.485262849151757e-07 -2.703053536318773e-07 0)
(5.7680062704946e-07 -2.697314299925433e-07 0)
(6.0504156371564e-07 -2.691987586781864e-07 0)
(6.331065738331012e-07 -2.687124155071912e-07 0)
(6.609968808097985e-07 -2.682659077429349e-07 0)
(6.887949419502439e-07 -2.678527324560009e-07 0)
(7.164073993316428e-07 -2.674744558725434e-07 0)
(7.439492512015509e-07 -2.671489334953093e-07 0)
(7.714391945679563e-07 -2.668857517296795e-07 0)
(7.986809138647833e-07 -2.666483740202575e-07 0)
(8.257655083556108e-07 -2.663619302809205e-07 0)
(8.527329916585747e-07 -2.661618920021605e-07 0)
(8.797759082813169e-07 -2.659739865494434e-07 0)
(3.476369088015642e-07 -2.850575317349773e-07 0)
(3.764787604222115e-07 -2.845065172311845e-07 0)
(4.052664734808909e-07 -2.839055111168262e-07 0)
(4.339318172090713e-07 -2.832830267709426e-07 0)
(4.625327100214596e-07 -2.82668186393854e-07 0)
(4.911062747920408e-07 -2.820137343266432e-07 0)
(5.195900855877524e-07 -2.813629800889598e-07 0)
(5.479407447806437e-07 -2.807334510305018e-07 0)
(5.762395375953484e-07 -2.801347182466547e-07 0)
(6.044778632278158e-07 -2.795679503782011e-07 0)
(6.324841090741155e-07 -2.790316423845702e-07 0)
(6.603138997065877e-07 -2.785382238629978e-07 0)
(6.881380067754406e-07 -2.780945571925837e-07 0)
(7.158457180170146e-07 -2.776920686121418e-07 0)
(7.433915922732186e-07 -2.773445427140815e-07 0)
(7.707274964257947e-07 -2.770575697102521e-07 0)
(7.979113472364378e-07 -2.767571070499707e-07 0)
(8.251453875568786e-07 -2.76518046048021e-07 0)
(8.520944456585409e-07 -2.76310955660035e-07 0)
(8.78905775014592e-07 -2.761425214876788e-07 0)
(3.474436236681914e-07 -2.955279135628397e-07 0)
(3.762605005544009e-07 -2.949793020678961e-07 0)
(4.050197112133443e-07 -2.943697981339608e-07 0)
(4.336402624881441e-07 -2.937514996755202e-07 0)
(4.621728539391075e-07 -2.931076748448527e-07 0)
(4.907115221078486e-07 -2.924577349329554e-07 0)
(5.19230654296201e-07 -2.917997789480698e-07 0)
(5.476251775296175e-07 -2.911390701969115e-07 0)
(5.758794911152794e-07 -2.904922266431168e-07 0)
(6.04008472822993e-07 -2.898794682203533e-07 0)
(6.32001614973868e-07 -2.893112185647851e-07 0)
(6.599593131801689e-07 -2.887839325865186e-07 0)
(6.878304439535352e-07 -2.882994998542558e-07 0)
(7.153903981047902e-07 -2.878696924949424e-07 0)
(7.42878172572801e-07 -2.874951624592027e-07 0)
(7.70346403604535e-07 -2.871637192040184e-07 0)
(7.975387843657688e-07 -2.868388761535717e-07 0)
(8.246765729072169e-07 -2.865960415805636e-07 0)
(8.516525369800027e-07 -2.863711432197042e-07 0)
(8.784444732904502e-07 -2.862336097601227e-07 0)
(3.473921967971592e-07 -3.059803761971743e-07 0)
(3.76185433413647e-07 -3.054693592717363e-07 0)
(4.048788252658144e-07 -3.048649377638979e-07 0)
(4.33417110227535e-07 -3.042122361713592e-07 0)
(4.619720572415337e-07 -3.035532407220502e-07 0)
(4.905975874561161e-07 -3.028881681394521e-07 0)
(5.191100594539574e-07 -3.021987300722078e-07 0)
(5.473760211673873e-07 -3.01502768129191e-07 0)
(5.755786167305186e-07 -3.008296486112935e-07 0)
(6.038297959303585e-07 -3.00189605506294e-07 0)
(6.318858569696055e-07 -2.9958900479118e-07 0)
(6.5972304181561e-07 -2.990275800802258e-07 0)
(6.875598460564533e-07 -2.985025920597567e-07 0)
(7.15221947784956e-07 -2.980399105913882e-07 0)
(7.426876383220126e-07 -2.976325378797342e-07 0)
(7.701318898817242e-07 -2.972482348249213e-07 0)
(7.973833792897789e-07 -2.969622579514691e-07 0)
(8.245103635192421e-07 -2.966360108249712e-07 0)
(8.515265817792434e-07 -2.963884229547271e-07 0)
(8.781583255978756e-07 -2.961976711286663e-07 0)
(1.952991177442543e-08 -1.513984804631575e-07 0)
(5.856809211858394e-08 -1.5012307135199e-07 0)
(9.74817945831292e-08 -1.472538099545233e-07 0)
(1.361484664119057e-07 -1.433673377035274e-07 0)
(1.744706526917594e-07 -1.383121640231357e-07 0)
(2.123977173032985e-07 -1.324713409213393e-07 0)
(2.498524073929353e-07 -1.260112478334584e-07 0)
(2.867879933131272e-07 -1.190385664318457e-07 0)
(3.234829452854892e-07 -1.116541560611688e-07 0)
(3.594680694647264e-07 -1.037938284820097e-07 0)
(1.957810041730152e-08 -1.579494963106279e-07 0)
(5.868318220855649e-08 -1.56870696627963e-07 0)
(9.759783230306882e-08 -1.543065648615296e-07 0)
(1.361586242253372e-07 -1.508953262959116e-07 0)
(1.742195803962106e-07 -1.464372586991187e-07 0)
(2.116904077394967e-07 -1.412453576897394e-07 0)
(2.484238501321801e-07 -1.355048653233319e-07 0)
(2.842953272082098e-07 -1.293044198925943e-07 0)
(3.192690659010582e-07 -1.228305209481263e-07 0)
(3.527428709525819e-07 -1.165575622916608e-07 0)
(1.951902630156437e-08 -1.649497340163141e-07 0)
(5.847728821289423e-08 -1.64053205459396e-07 0)
(9.716478433398747e-08 -1.617689063988368e-07 0)
(1.354236328090503e-07 -1.587803468284516e-07 0)
(1.730840474066016e-07 -1.548641306344348e-07 0)
(2.100086938388854e-07 -1.502479292815368e-07 0)
(2.460290484345227e-07 -1.451355341534918e-07 0)
(2.810402328227304e-07 -1.396065178695515e-07 0)
(3.149258233093249e-07 -1.338836056453066e-07 0)
(3.473222738760322e-07 -1.285337747131453e-07 0)
(1.939448044054663e-08 -1.722650753030528e-07 0)
(5.812245528688568e-08 -1.715055308336153e-07 0)
(9.652802666684981e-08 -1.694395188000033e-07 0)
(1.344596888522863e-07 -1.667638111648591e-07 0)
(1.717547679295633e-07 -1.63264262778603e-07 0)
(2.082214039149755e-07 -1.590871200534171e-07 0)
(2.437236103364752e-07 -1.544789711854733e-07 0)
(2.781311331839752e-07 -1.495313006488788e-07 0)
(3.112917813730622e-07 -1.44483428601065e-07 0)
(3.429664729079417e-07 -1.398731971145926e-07 0)
(1.925410167223107e-08 -1.79830288767956e-07 0)
(5.766278937523065e-08 -1.791825043646368e-07 0)
(9.576125763360915e-08 -1.773073629601699e-07 0)
(1.333541103513332e-07 -1.748741738521207e-07 0)
(1.702916133134421e-07 -1.71728148593884e-07 0)
(2.063695655840192e-07 -1.679377531142176e-07 0)
(2.414434453780561e-07 -1.63779371037687e-07 0)
(2.754211233058786e-07 -1.593620409447912e-07 0)
(3.08090818475454e-07 -1.548926823540296e-07 0)
(3.392755656947098e-07 -1.508682406039096e-07 0)
(1.911478292047494e-08 -1.876065020051274e-07 0)
(5.71708137596733e-08 -1.870318954410178e-07 0)
(9.494053479978506e-08 -1.853483587232558e-07 0)
(1.321861056626279e-07 -1.831105450671514e-07 0)
(1.687698159329175e-07 -1.802706881200528e-07 0)
(2.045304205003321e-07 -1.768366901330443e-07 0)
(2.392608261503104e-07 -1.730792919951337e-07 0)
(2.729019502579644e-07 -1.691368701787988e-07 0)
(3.052203957423685e-07 -1.651693291810827e-07 0)
(3.360540153244367e-07 -1.616309568756258e-07 0)
(1.893761357495088e-08 -1.95562966643879e-07 0)
(5.666037831087737e-08 -1.950312647291471e-07 0)
(9.408833874772073e-08 -1.935471907284471e-07 0)
(1.309870491169953e-07 -1.914690779743644e-07 0)
(1.672447829424524e-07 -1.888917547755376e-07 0)
(2.02708643528339e-07 -1.857915270610137e-07 0)
(2.371691220171274e-07 -1.824061034721322e-07 0)
(2.705443022722498e-07 -1.788874897998035e-07 0)
(3.026090828213551e-07 -1.753525562222277e-07 0)
(3.332150800542997e-07 -1.722086842041414e-07 0)
(1.874990760764257e-08 -2.03679680037264e-07 0)
(5.61483367146077e-08 -2.031696034640546e-07 0)
(9.322195147495606e-08 -2.018729244948297e-07 0)
(1.297802705914099e-07 -1.999404158280258e-07 0)
(1.657487060008802e-07 -1.976012635679093e-07 0)
(2.009452558175974e-07 -1.948205416782169e-07 0)
(2.351683060928847e-07 -1.9177955579077e-07 0)
(2.683331886249816e-07 -1.886166177155358e-07 0)
(3.002299063673604e-07 -1.854521371514356e-07 0)
(3.307175591880255e-07 -1.826381828696891e-07 0)
(1.860052296513158e-08 -2.119493295551198e-07 0)
(5.565399549166177e-08 -2.114407637387622e-07 0)
(9.236945037333807e-08 -2.103080043569619e-07 0)
(1.286109902197268e-07 -2.085290875172903e-07 0)
(1.642939889780312e-07 -2.064125241750223e-07 0)
(1.992622249604327e-07 -2.039238612052477e-07 0)
(2.332910924218322e-07 -2.011932291556122e-07 0)
(2.662923962007714e-07 -1.98329263934891e-07 0)
(2.980794158398148e-07 -1.954980140066074e-07 0)
(3.285219638076173e-07 -1.929841511052775e-07 0)
(1.846390783176995e-08 -2.203613775347963e-07 0)
(5.515791486593196e-08 -2.198301353660168e-07 0)
(9.153454939995577e-08 -2.188385128872035e-07 0)
(1.275000501110367e-07 -2.172282429178965e-07 0)
(1.629108774216321e-07 -2.153233526511248e-07 0)
(1.976761001517418e-07 -2.130906238349196e-07 0)
(2.315544201311308e-07 -2.106419985220773e-07 0)
(2.644326484984678e-07 -2.080627950847362e-07 0)
(2.961461443214706e-07 -2.055451000932264e-07 0)
(3.265866252750472e-07 -2.033062891017915e-07 0)
(1.83000511739504e-08 -2.288794057522318e-07 0)
(5.466323916388313e-08 -2.283183722713809e-07 0)
(9.074342912699729e-08 -2.274540328869432e-07 0)
(1.264552748993901e-07 -2.260231419003979e-07 0)
(1.616212243919974e-07 -2.243260523534928e-07 0)
(1.961945980494737e-07 -2.223221665777061e-07 0)
(2.29947184398268e-07 -2.20137597903275e-07 0)
(2.627338697566234e-07 -2.178540076157516e-07 0)
(2.944015990801898e-07 -2.1561880570458e-07 0)
(3.248740919794602e-07 -2.136123767588376e-07 0)
(1.812515645846559e-08 -2.374668142577681e-07 0)
(5.421155864630088e-08 -2.369006327743061e-07 0)
(9.003345050688522e-08 -2.361571942300809e-07 0)
(1.254876611922192e-07 -2.349042344086997e-07 0)
(1.604310797651356e-07 -2.334077666606177e-07 0)
(1.948215905256721e-07 -2.316209750485376e-07 0)
(2.284592289667526e-07 -2.296893188360544e-07 0)
(2.61173671481242e-07 -2.276892349705032e-07 0)
(2.928211713223233e-07 -2.256882519051235e-07 0)
(3.233632608504411e-07 -2.238807732433796e-07 0)
(1.797959091331889e-08 -2.461186597749002e-07 0)
(5.382941660582338e-08 -2.455841081500712e-07 0)
(8.940989859343738e-08 -2.449508301851015e-07 0)
(1.246038293056735e-07 -2.438624065027668e-07 0)
(1.593421301120853e-07 -2.42548256115503e-07 0)
(1.935641379066615e-07 -2.409752901200861e-07 0)
(2.270916204102514e-07 -2.392916594120082e-07 0)
(2.597432762504666e-07 -2.375323210070118e-07 0)
(2.913968802899528e-07 -2.357397865159222e-07 0)
(3.220404728635329e-07 -2.341375095043257e-07 0)
(1.7871518786553e-08 -2.548517107625877e-07 0)
(5.349635536060216e-08 -2.543691180135243e-07 0)
(8.884288562132878e-08 -2.538233684294795e-07 0)
(1.237975698267855e-07 -2.528877209640841e-07 0)
(1.583501333308782e-07 -2.517450896835026e-07 0)
(1.924206880270231e-07 -2.5038701588684e-07 0)
(2.258404754658438e-07 -2.489378845767055e-07 0)
(2.584390141337149e-07 -2.473872725411818e-07 0)
(2.90122031981759e-07 -2.458278409276287e-07 0)
(3.208816754559285e-07 -2.444286433386594e-07 0)
(1.77757395905406e-08 -2.636744498817297e-07 0)
(5.31738179794214e-08 -2.632501440747652e-07 0)
(8.830325928356133e-08 -2.6277120010226e-07 0)
(1.230575980512809e-07 -2.619866470480681e-07 0)
(1.574424056186499e-07 -2.610173639590052e-07 0)
(1.913716946555796e-07 -2.598729605716046e-07 0)
(2.246902201354919e-07 -2.586117368597967e-07 0)
(2.572589040392696e-07 -2.572534587640119e-07 0)
(2.889924898375649e-07 -2.5594717059979e-07 0)
(3.19885893292216e-07 -2.547177859040295e-07 0)
(1.76715661739717e-08 -2.725820619905363e-07 0)
(5.285005361009314e-08 -2.722341739111592e-07 0)
(8.778780316952857e-08 -2.718185240361371e-07 0)
(1.223731594272064e-07 -2.711743542622819e-07 0)
(1.566038936516395e-07 -2.703446833615709e-07 0)
(1.904062715260203e-07 -2.693738154265862e-07 0)
(2.236506243148316e-07 -2.682875606248824e-07 0)
(2.562230685887857e-07 -2.671637457646487e-07 0)
(2.880288136822805e-07 -2.660849697824344e-07 0)
(3.190770545207468e-07 -2.650422656171763e-07 0)
(1.7562543424196e-08 -2.815788043383583e-07 0)
(5.25414954069925e-08 -2.81328419078259e-07 0)
(8.730921510573039e-08 -2.809566502471384e-07 0)
(1.217484252328378e-07 -2.804175159764903e-07 0)
(1.558458068756715e-07 -2.79737170581985e-07 0)
(1.895463946459044e-07 -2.789316513588715e-07 0)
(2.227512273669054e-07 -2.780333321072348e-07 0)
(2.553467565740888e-07 -2.771525314645836e-07 0)
(2.872390855298821e-07 -2.762263744175466e-07 0)
(3.184492594333871e-07 -2.753767595740169e-07 0)
(1.746351166033975e-08 -2.906771618549119e-07 0)
(5.226898982882601e-08 -2.905088306314046e-07 0)
(8.688319148525749e-08 -2.901784248394119e-07 0)
(1.21194621909937e-07 -2.897355324335512e-07 0)
(1.551861809966361e-07 -2.891647644584838e-07 0)
(1.888197904538701e-07 -2.885049015035268e-07 0)
(2.22008751506298e-07 -2.878071924429746e-07 0)
(2.546378792048146e-07 -2.871268805431327e-07 0)
(2.866244604237992e-07 -2.863933878619252e-07 0)
(3.180097584538393e-07 -2.856976871874599e-07 0)
(1.738632004734935e-08 -2.998623576434555e-07 0)
(5.204676745148519e-08 -2.997603863819221e-07 0)
(8.652303464325429e-08 -2.994881724132564e-07 0)
(1.207249342371868e-07 -2.991181250055109e-07 0)
(1.546346852962894e-07 -2.986570990923397e-07 0)
(1.882344118583607e-07 -2.981506157077831e-07 0)
(2.214268044529181e-07 -2.97653759526798e-07 0)
(2.540936754984566e-07 -2.971233812514876e-07 0)
(2.861610480776701e-07 -2.966114586297818e-07 0)
(3.177303145197276e-07 -2.960693391462787e-07 0)
(1.733216291205371e-08 -3.091590130121291e-07 0)
(5.187826269238279e-08 -3.090682594992821e-07 0)
(8.622784341409467e-08 -3.088514814291258e-07 0)
(1.203496075247428e-07 -3.085490428849284e-07 0)
(1.542327093970352e-07 -3.081893723442886e-07 0)
(1.87830011326628e-07 -3.078296091764932e-07 0)
(2.210141018524975e-07 -3.074920284373557e-07 0)
(2.536904842400689e-07 -3.071290999285098e-07 0)
(2.85848318277205e-07 -3.06818163016144e-07 0)
(3.176390402641334e-07 -3.064329330703505e-07 0)
)


// ************************************************************************* //
