/*--------------------------------*- C++ -*----------------------------------*\
| =========                 |                                                 |
| \\      /  F ield         | foam-extend: Open Source CFD                    |
|  \\    /   O peration     | Version:     4.1                                |
|   \\  /    A nd           | Web:         http://www.foam-extend.org         |
|    \\/     M anipulation  |                                                 |
\*---------------------------------------------------------------------------*/
FoamFile
{
    version     2.0;
    format      ascii;
    class       vectorField;
    location    "1";
    object      solidsCellD_iteration19;
}
// * * * * * * * * * * * * * * * * * * * * * * * * * * * * * * * * * * * * * //


1000
(
(4.748018618470541e-07 -1.713323130216791e-07 0)
(4.506220198643408e-07 -1.607124136909483e-07 0)
(4.356512630526218e-07 -1.545253619764211e-07 0)
(4.274981239625356e-07 -1.524536339184606e-07 0)
(4.242106598208719e-07 -1.528345033016735e-07 0)
(4.244155087077363e-07 -1.55052577900986e-07 0)
(4.272863508920811e-07 -1.585200757045338e-07 0)
(4.319999434862607e-07 -1.629381876834022e-07 0)
(4.383812362244515e-07 -1.679856796607684e-07 0)
(4.454986288884635e-07 -1.733528972856867e-07 0)
(4.29624478262576e-07 -1.873331858108467e-07 0)
(4.039507502367662e-07 -1.806231325021602e-07 0)
(3.879745482053797e-07 -1.769394527290207e-07 0)
(3.790231524814092e-07 -1.765609319131504e-07 0)
(3.750545490846337e-07 -1.780825489405887e-07 0)
(3.746300257984449e-07 -1.810993720653282e-07 0)
(3.768438577266184e-07 -1.85096931346973e-07 0)
(3.809057966144567e-07 -1.899426841207231e-07 0)
(3.86594396915373e-07 -1.952159758602168e-07 0)
(3.929693523066763e-07 -2.009913603903758e-07 0)
(3.826259252822964e-07 -2.0249510322222e-07 0)
(3.564161317792871e-07 -2.001455791493561e-07 0)
(3.40051845706885e-07 -1.992545413591232e-07 0)
(3.307313132035679e-07 -2.007292515350711e-07 0)
(3.263654964294791e-07 -2.034783237281412e-07 0)
(3.255102412632456e-07 -2.073217830059296e-07 0)
(3.272377898011117e-07 -2.118794051534198e-07 0)
(3.307926487269527e-07 -2.171105803625807e-07 0)
(3.359174668320886e-07 -2.22631359290533e-07 0)
(3.418252033871418e-07 -2.285479177027959e-07 0)
(3.340933647312762e-07 -2.165213344031588e-07 0)
(3.084794825944525e-07 -2.187060699894268e-07 0)
(2.924366066132884e-07 -2.207357435471395e-07 0)
(2.831900027644128e-07 -2.241242329529344e-07 0)
(2.787149014977146e-07 -2.28118812875109e-07 0)
(2.775870596731323e-07 -2.327836347818443e-07 0)
(2.788940639543258e-07 -2.378826731052098e-07 0)
(2.81991372281087e-07 -2.434748654547433e-07 0)
(2.865562462272775e-07 -2.492428425371073e-07 0)
(2.91934441165568e-07 -2.553481522586728e-07 0)
(2.844383323529234e-07 -2.291258718072204e-07 0)
(2.60447161090054e-07 -2.358015602486556e-07 0)
(2.45416048494431e-07 -2.40695018959553e-07 0)
(2.367057179919062e-07 -2.45961228930821e-07 0)
(2.323844928116086e-07 -2.511795707812156e-07 0)
(2.311280944672356e-07 -2.566652091882794e-07 0)
(2.321150092453235e-07 -2.623107767936957e-07 0)
(2.347737696754548e-07 -2.682569628419985e-07 0)
(2.387636996133349e-07 -2.742963898004968e-07 0)
(2.435028691406167e-07 -2.805832015087642e-07 0)
(2.338053210655375e-07 -2.401055289164023e-07 0)
(2.125492103700639e-07 -2.509696901455812e-07 0)
(1.99217884730171e-07 -2.585422517388131e-07 0)
(1.914317384826522e-07 -2.655661691409819e-07 0)
(1.874991914330337e-07 -2.719288948668578e-07 0)
(1.862599697317232e-07 -2.781651159295304e-07 0)
(1.86999651945798e-07 -2.843155411899611e-07 0)
(1.892069774599669e-07 -2.905873128763013e-07 0)
(1.925553676967367e-07 -2.969001690534015e-07 0)
(1.965534494711931e-07 -3.033927128182751e-07 0)
(1.82531792158956e-07 -2.491632097645576e-07 0)
(1.649165656017922e-07 -2.636882416327044e-07 0)
(1.538458850048374e-07 -2.736219728830867e-07 0)
(1.473554385236306e-07 -2.822040094501734e-07 0)
(1.440502918549528e-07 -2.895649811255064e-07 0)
(1.429655781528323e-07 -2.964572521311181e-07 0)
(1.43503263961566e-07 -3.03051464210198e-07 0)
(1.452316320820459e-07 -3.096181721327975e-07 0)
(1.478791102406975e-07 -3.161767534211384e-07 0)
(1.510530983226193e-07 -3.228481905045138e-07 0)
(1.307270029577773e-07 -2.561538875689487e-07 0)
(1.175381119134541e-07 -2.736297539842797e-07 0)
(1.092458557865675e-07 -2.854396323976552e-07 0)
(1.043844174574859e-07 -2.9524803421783e-07 0)
(1.01900879260927e-07 -3.034141315483502e-07 0)
(1.010565998070299e-07 -3.108497383624472e-07 0)
(1.014052722428162e-07 -3.178237288015739e-07 0)
(1.026354600686958e-07 -3.246342383785797e-07 0)
(1.045511623600018e-07 -3.313977828596671e-07 0)
(1.068555824041375e-07 -3.382259191135996e-07 0)
(7.858212395016459e-08 -2.609072179917389e-07 0)
(7.041634360437768e-08 -2.804236308358449e-07 0)
(6.530495598660003e-08 -2.935393945829232e-07 0)
(6.228814642270272e-08 -3.042299878689141e-07 0)
(6.072120316065115e-08 -3.129604481991099e-07 0)
(6.017049092704799e-08 -3.20763950493467e-07 0)
(6.037738568870129e-08 -3.280096157986817e-07 0)
(6.113350695572631e-08 -3.350148642384486e-07 0)
(6.229273229556133e-08 -3.419308348788898e-07 0)
(6.368411894021984e-08 -3.488729427323078e-07 0)
(2.624664464095145e-08 -2.633041336315404e-07 0)
(2.349089120541537e-08 -2.83892401439775e-07 0)
(2.173246927426815e-08 -2.97669582803951e-07 0)
(2.069975579885187e-08 -3.087969967014761e-07 0)
(2.018602490233071e-08 -3.178192142049238e-07 0)
(2.000306475070142e-08 -3.258243439037072e-07 0)
(2.004933603459507e-08 -3.331866878658017e-07 0)
(2.029307874104421e-08 -3.402723045091377e-07 0)
(2.068912518870525e-08 -3.472721847990709e-07 0)
(2.115352478882868e-08 -3.542837619369114e-07 0)
(7.359111324129983e-07 -7.737294567053495e-09 0)
(7.415971050652103e-07 -5.560392824822426e-09 0)
(7.457233826598551e-07 -4.213205430360656e-09 0)
(7.503353060699075e-07 -3.456487722810402e-09 0)
(7.557829691716517e-07 -3.067848831620793e-09 0)
(7.624114210054397e-07 -2.944034772156814e-09 0)
(7.703008203262133e-07 -3.027713250828205e-09 0)
(7.794339605718587e-07 -3.207510753106938e-09 0)
(7.897821882873694e-07 -3.466219259123518e-09 0)
(8.012294774558301e-07 -3.798717217655516e-09 0)
(7.305958618405062e-07 -2.326051128908002e-08 0)
(7.352822725620417e-07 -1.685303168510105e-08 0)
(7.387841214763391e-07 -1.284850625196697e-08 0)
(7.429822256965242e-07 -1.063754529403586e-08 0)
(7.481359014985284e-07 -9.588654495297681e-09 0)
(7.545609398358856e-07 -9.243089356606263e-09 0)
(7.622992593962503e-07 -9.432365544755584e-09 0)
(7.713079207051139e-07 -1.000223028125698e-08 0)
(7.815453098862537e-07 -1.083030029872518e-08 0)
(7.92904265802262e-07 -1.17920893337102e-08 0)
(7.199665010313514e-07 -3.888825467859824e-08 0)
(7.227617986864587e-07 -2.863480672674429e-08 0)
(7.250466700742527e-07 -2.225370904905623e-08 0)
(7.284637266248018e-07 -1.867443432079234e-08 0)
(7.330824155414129e-07 -1.696500297509838e-08 0)
(7.39133175500352e-07 -1.647993057847439e-08 0)
(7.465702302330102e-07 -1.685406252757253e-08 0)
(7.553757870795694e-07 -1.779220229712102e-08 0)
(7.653812509268091e-07 -1.915510264893889e-08 0)
(7.765565979678732e-07 -2.074905031350825e-08 0)
(7.041947478355975e-07 -5.475957689624618e-08 0)
(7.043040020146936e-07 -4.120076882669042e-08 0)
(7.048479619796652e-07 -3.2819738306962e-08 0)
(7.071294874236978e-07 -2.815669577682367e-08 0)
(7.109928668850299e-07 -2.593798678805247e-08 0)
(7.165389493999211e-07 -2.533169250194543e-08 0)
(7.235628439842663e-07 -2.587965508006204e-08 0)
(7.320573953953495e-07 -2.718207743284186e-08 0)
(7.417431574342171e-07 -2.904562115889581e-08 0)
(7.52661378182195e-07 -3.124501734889694e-08 0)
(6.835002110197855e-07 -7.0892785968806e-08 0)
(6.802966060286802e-07 -5.477888408234562e-08 0)
(6.787014386207272e-07 -4.486540671827326e-08 0)
(6.79578496536787e-07 -3.941531666800476e-08 0)
(6.824994896906488e-07 -3.687577684210903e-08 0)
(6.873895649169441e-07 -3.625624867070151e-08 0)
(6.939171546240445e-07 -3.700695915965435e-08 0)
(7.020289826210508e-07 -3.86732430587673e-08 0)
(7.11337034635035e-07 -4.101282337454316e-08 0)
(7.219544011124128e-07 -4.376982373650509e-08 0)
(6.581455640672811e-07 -8.734367711997754e-08 0)
(6.511924969435351e-07 -6.959055014964404e-08 0)
(6.472062887094604e-07 -5.869981075762015e-08 0)
(6.465044840856508e-07 -5.28154315571518e-08 0)
(6.483634403607107e-07 -5.016365700337989e-08 0)
(6.525037890132698e-07 -4.964343307146548e-08 0)
(6.584744764992667e-07 -5.064361300438505e-08 0)
(6.661482777515572e-07 -5.266624541256534e-08 0)
(6.750351930535728e-07 -5.545673270911774e-08 0)
(6.853001616505508e-07 -5.870762718544073e-08 0)
(6.285062264585748e-07 -1.040574070871904e-07 0)
(6.175700211769935e-07 -8.570369146830502e-08 0)
(6.110509450939582e-07 -7.446546321110381e-08 0)
(6.086744290947356e-07 -6.851842819789516e-08 0)
(6.094070880818159e-07 -6.597266183181481e-08 0)
(6.127590159761538e-07 -6.5683022169938e-08 0)
(6.181393131420835e-07 -6.698600277768371e-08 0)
(6.253486583168557e-07 -6.933343776791726e-08 0)
(6.338103781177222e-07 -7.251617354163727e-08 0)
(6.437109841798057e-07 -7.616510682910321e-08 0)
(5.949406128890139e-07 -1.209454992032012e-07 0)
(5.800579606279758e-07 -1.030646376935963e-07 0)
(5.710470596166814e-07 -9.215406256902774e-08 0)
(5.670058326952036e-07 -8.658100103474772e-08 0)
(5.666406877044783e-07 -8.439159190730412e-08 0)
(5.692049035158269e-07 -8.448731951727242e-08 0)
(5.739996007467503e-07 -8.617537737049056e-08 0)
(5.807187570459829e-07 -8.886946904054014e-08 0)
(5.887521413118765e-07 -9.241160792862298e-08 0)
(5.982222829182211e-07 -9.637470489700849e-08 0)
(5.578522170651441e-07 -1.37908745280503e-07 0)
(5.392978724130527e-07 -1.215225553651264e-07 0)
(5.279399056670038e-07 -1.116197007002695e-07 0)
(5.223138600125662e-07 -1.068351577315449e-07 0)
(5.208667926885085e-07 -1.052494660184715e-07 0)
(5.226040720912221e-07 -1.058665262248885e-07 0)
(5.26780193345574e-07 -1.080070815084503e-07 0)
(5.329563626385197e-07 -1.110666083907555e-07 0)
(5.405885068342239e-07 -1.14954475084395e-07 0)
(5.496301119863214e-07 -1.190429846188639e-07 0)
(5.176800351262091e-07 -1.547831937322727e-07 0)
(4.959813552271275e-07 -1.408444433170366e-07 0)
(4.825916273099028e-07 -1.325402864357378e-07 0)
(4.755963490000942e-07 -1.289438128881877e-07 0)
(4.73190551985869e-07 -1.282248097331294e-07 0)
(4.742144860638944e-07 -1.295358464498718e-07 0)
(4.778949106041221e-07 -1.322637688404007e-07 0)
(4.835428849542905e-07 -1.358765986979794e-07 0)
(4.908769536534735e-07 -1.401939194764399e-07 0)
(4.992388230233913e-07 -1.448001554353015e-07 0)
(8.137783067123112e-07 -4.109339506954526e-09 0)
(8.273994538138604e-07 -4.240799698638727e-09 0)
(8.418436186965667e-07 -4.354038799636465e-09 0)
(8.570621704341362e-07 -4.454454918927258e-09 0)
(8.729740243603979e-07 -4.543824075874948e-09 0)
(8.895127820916184e-07 -4.616214758124364e-09 0)
(9.066132958473716e-07 -4.649022621571413e-09 0)
(9.242311040004741e-07 -4.656691687661896e-09 0)
(9.423342236723108e-07 -4.659427487254392e-09 0)
(9.608713563817246e-07 -4.64771905749283e-09 0)
(9.797914627376866e-07 -4.609555543355304e-09 0)
(9.990565493300306e-07 -4.540531149689003e-09 0)
(1.018625058314727e-06 -4.437233048547248e-09 0)
(1.038454707238067e-06 -4.300913042948664e-09 0)
(1.058501919553257e-06 -4.13396206176866e-09 0)
(1.078723720231058e-06 -3.932909190657738e-09 0)
(1.099071827843317e-06 -3.689215758523162e-09 0)
(1.119491497161978e-06 -3.388875042955193e-09 0)
(1.139926937126594e-06 -3.025838170628679e-09 0)
(1.16025783274377e-06 -2.600339960545685e-09 0)
(8.057943200358263e-07 -1.26503178225678e-08 0)
(8.20069597839854e-07 -1.298917974445123e-08 0)
(8.351017591979554e-07 -1.330599852591988e-08 0)
(8.508365652680294e-07 -1.358441955840469e-08 0)
(8.67203221569682e-07 -1.379159701772522e-08 0)
(8.841423646470373e-07 -1.395025689450562e-08 0)
(9.016179676306875e-07 -1.405391559796013e-08 0)
(9.195898115648424e-07 -1.411174657680827e-08 0)
(9.380187987299664e-07 -1.412339121533563e-08 0)
(9.568496202671611e-07 -1.406025768327181e-08 0)
(9.760424098666592e-07 -1.391423130122318e-08 0)
(9.955636433831951e-07 -1.369198871203472e-08 0)
(1.015374846432665e-06 -1.338712123416763e-08 0)
(1.03543522578062e-06 -1.298962901506104e-08 0)
(1.055701065151132e-06 -1.248984329088268e-08 0)
(1.076128899705186e-06 -1.187522399885801e-08 0)
(1.096674348787979e-06 -1.11260868024871e-08 0)
(1.117274505166849e-06 -1.021534406045615e-08 0)
(1.137898124004206e-06 -9.118725385566354e-09 0)
(1.158405391517365e-06 -7.83761057025172e-09 0)
(7.901251929953203e-07 -2.207524583646692e-08 0)
(8.056899765366895e-07 -2.249087902969374e-08 0)
(8.218649062953935e-07 -2.287981272750985e-08 0)
(8.385970353658012e-07 -2.323653427363083e-08 0)
(8.558705433203479e-07 -2.350860573378048e-08 0)
(8.736256943791759e-07 -2.372319521613767e-08 0)
(8.918375740165029e-07 -2.385234402607489e-08 0)
(9.104690953336495e-07 -2.389781166451856e-08 0)
(9.29504301255825e-07 -2.386083430251983e-08 0)
(9.488930697025482e-07 -2.371477258573725e-08 0)
(9.686094423464937e-07 -2.345439144553379e-08 0)
(9.88618164513033e-07 -2.308050650538201e-08 0)
(1.008880892296217e-06 -2.257161081438015e-08 0)
(1.029363850387364e-06 -2.19065086143762e-08 0)
(1.050033507105425e-06 -2.107156357496378e-08 0)
(1.070857010925302e-06 -2.004769350167514e-08 0)
(1.091781621475516e-06 -1.880002991887859e-08 0)
(1.11275871406718e-06 -1.729157880355107e-08 0)
(1.133752941830646e-06 -1.547176512955539e-08 0)
(1.154639176109606e-06 -1.334734295871165e-08 0)
(7.67197589165188e-07 -3.287337037673932e-08 0)
(7.846013885614522e-07 -3.315769360158203e-08 0)
(8.024411239596819e-07 -3.343643880134428e-08 0)
(8.206383072077691e-07 -3.372087840675009e-08 0)
(8.392344216342455e-07 -3.392911601313237e-08 0)
(8.581702647204492e-07 -3.409331418851649e-08 0)
(8.774633975589251e-07 -3.416176189504991e-08 0)
(8.970852957045217e-07 -3.41414863139533e-08 0)
(9.170359747337726e-07 -3.402570539058439e-08 0)
(9.372654801507684e-07 -3.377155219083639e-08 0)
(9.577608335655007e-07 -3.336515825529965e-08 0)
(9.78494123678891e-07 -3.280141926525939e-08 0)
(9.994344522840304e-07 -3.20577874708193e-08 0)
(1.020555492997944e-06 -3.111124597361066e-08 0)
(1.041830613781765e-06 -2.994685374807405e-08 0)
(1.063233277678662e-06 -2.852509923484583e-08 0)
(1.084708390766168e-06 -2.680144013276457e-08 0)
(1.106234388566862e-06 -2.472252470704395e-08 0)
(1.127760384947134e-06 -2.220929726986312e-08 0)
(1.149202958678751e-06 -1.929303773524652e-08 0)
(7.377177470412527e-07 -4.546594135885836e-08 0)
(7.574403710206779e-07 -4.533503292378303e-08 0)
(7.773869872697991e-07 -4.527465354568733e-08 0)
(7.974327356364031e-07 -4.531473724772407e-08 0)
(8.177175722379064e-07 -4.531076799956668e-08 0)
(8.381770680211188e-07 -4.530943582860482e-08 0)
(8.58861059935942e-07 -4.522772146743396e-08 0)
(8.797577738207754e-07 -4.506851732891099e-08 0)
(9.008716397945073e-07 -4.479950038918688e-08 0)
(9.22177621040386e-07 -4.437139113370298e-08 0)
(9.436755513619372e-07 -4.377569104024651e-08 0)
(9.653477877407563e-07 -4.299995578789832e-08 0)
(9.871738647291587e-07 -4.201202110989242e-08 0)
(1.009132982280117e-06 -4.077928700354472e-08 0)
(1.031212324805969e-06 -3.927846541247878e-08 0)
(1.053370379156152e-06 -3.74558635715686e-08 0)
(1.075591148258473e-06 -3.525881823747071e-08 0)
(1.097829523049867e-06 -3.262243503323343e-08 0)
(1.120075471005174e-06 -2.9443842727934e-08 0)
(1.142234830166612e-06 -2.577506998376123e-08 0)
(7.024688682176447e-07 -6.019892977026657e-08 0)
(7.248727552735039e-07 -5.93115954974192e-08 0)
(7.473182064368739e-07 -5.86144524815995e-08 0)
(7.695677020448372e-07 -5.819036025220771e-08 0)
(7.918647838407125e-07 -5.780345303485116e-08 0)
(8.14150067564506e-07 -5.749463900732333e-08 0)
(8.364905787012955e-07 -5.712980366082234e-08 0)
(8.589184049668687e-07 -5.672038963699162e-08 0)
(8.814325307603323e-07 -5.621832254087622e-08 0)
(9.040435455948082e-07 -5.556485000997408e-08 0)
(9.267592395430369e-07 -5.474440648568305e-08 0)
(9.495691148822602e-07 -5.373202195749381e-08 0)
(9.724634890794972e-07 -5.248228925927297e-08 0)
(9.95431784026584e-07 -5.095603172129455e-08 0)
(1.01847874626526e-06 -4.911448690261592e-08 0)
(1.041557359989343e-06 -4.689998254032259e-08 0)
(1.06468193035257e-06 -4.424277971216467e-08 0)
(1.087786141553689e-06 -4.107594338326548e-08 0)
(1.110904892472048e-06 -3.727967628590202e-08 0)
(1.133923238786141e-06 -3.289589685604325e-08 0)
(6.624390953593188e-07 -7.719573482422031e-08 0)
(6.877764643101979e-07 -7.524658877942452e-08 0)
(7.129974609902917e-07 -7.364222744051192e-08 0)
(7.377041739228707e-07 -7.251404064218988e-08 0)
(7.622485962825323e-07 -7.15343352082058e-08 0)
(7.86577110408838e-07 -7.07386748593066e-08 0)
(8.108026176154941e-07 -6.996934281559907e-08 0)
(8.349691335319935e-07 -6.920761045820646e-08 0)
(8.590914420492426e-07 -6.839048450003069e-08 0)
(8.831970852777367e-07 -6.745437486922403e-08 0)
(9.073067150588706e-07 -6.636195275625376e-08 0)
(9.314251596940087e-07 -6.50735670379956e-08 0)
(9.555570797323973e-07 -6.353368755785425e-08 0)
(9.797053085782299e-07 -6.169836586824195e-08 0)
(1.003876491338043e-06 -5.951419293383872e-08 0)
(1.028037189307257e-06 -5.691688251284937e-08 0)
(1.052207768677482e-06 -5.381943087688904e-08 0)
(1.076327338790192e-06 -5.014837869616747e-08 0)
(1.100441585057724e-06 -4.577571657936628e-08 0)
(1.124446798539203e-06 -4.072732012511641e-08 0)
(6.185413015421101e-07 -9.65915720792014e-08 0)
(6.469264988145405e-07 -9.31359867745809e-08 0)
(6.751283033147279e-07 -9.027241259469036e-08 0)
(7.024964924823761e-07 -8.815347108478038e-08 0)
(7.295210225928007e-07 -8.639838397969135e-08 0)
(7.5609134096522e-07 -8.495404259708103e-08 0)
(7.823993312212699e-07 -8.366930946920894e-08 0)
(8.084671987619242e-07 -8.246840662446138e-08 0)
(8.343578843646338e-07 -8.126666859724674e-08 0)
(8.601087665916138e-07 -7.999183776082366e-08 0)
(8.857566364453859e-07 -7.858607494561816e-08 0)
(9.113245910298617e-07 -7.699432292015766e-08 0)
(9.368306215176764e-07 -7.515090511939601e-08 0)
(9.62294120186387e-07 -7.300210498733906e-08 0)
(9.87720323019965e-07 -7.048195058474865e-08 0)
(1.013092484545454e-06 -6.751434599927797e-08 0)
(1.038425919123643e-06 -6.400399756607548e-08 0)
(1.063681515161287e-06 -5.986140540124294e-08 0)
(1.088899482882717e-06 -5.495313673701635e-08 0)
(1.114004059392921e-06 -4.929608603263841e-08 0)
(5.717233464356807e-07 -1.183033802303258e-07 0)
(6.031630274558259e-07 -1.131157026885265e-07 0)
(6.343703341277123e-07 -1.088479383372504e-07 0)
(6.644929349893164e-07 -1.054861928171708e-07 0)
(6.940756624663106e-07 -1.027207815918559e-07 0)
(7.230432661525977e-07 -1.004131230154511e-07 0)
(7.515662433489353e-07 -9.842487310686502e-08 0)
(7.796886489720682e-07 -9.663129979940904e-08 0)
(8.074920068336368e-07 -9.493535782944887e-08 0)
(8.350295495593903e-07 -9.323828528268182e-08 0)
(8.623543130649255e-07 -9.146038546630234e-08 0)
(8.895087081765469e-07 -8.952877508013831e-08 0)
(9.165220545264424e-07 -8.736457542063011e-08 0)
(9.434252394587224e-07 -8.489927727871862e-08 0)
(9.702250909431066e-07 -8.205134432773858e-08 0)
(9.969191698722175e-07 -7.872581300192322e-08 0)
(1.023529594905893e-06 -7.482611323072951e-08 0)
(1.050031761845468e-06 -7.024096664911357e-08 0)
(1.076468640911584e-06 -6.484518651561173e-08 0)
(1.102789827672702e-06 -5.864239388047615e-08 0)
(5.230318749593072e-07 -1.420662355341721e-07 0)
(5.5809528130897e-07 -1.34208310278324e-07 0)
(5.924329221794701e-07 -1.282210945008021e-07 0)
(6.254692205032315e-07 -1.234447619256925e-07 0)
(6.576081738524042e-07 -1.19613731988941e-07 0)
(6.88981705123997e-07 -1.164209496069275e-07 0)
(7.197049575986359e-07 -1.136975244743837e-07 0)
(7.498914975931214e-07 -1.112837533713709e-07 0)
(7.796249132422792e-07 -1.09066658251806e-07 0)
(8.089769024077762e-07 -1.069255487638626e-07 0)
(8.380142725123472e-07 -1.047638336955799e-07 0)
(8.667920544388813e-07 -1.024914504808597e-07 0)
(8.953488082540289e-07 -1.000137401169382e-07 0)
(9.237247561058397e-07 -9.724797774628392e-08 0)
(9.519349319043181e-07 -9.409771836440503e-08 0)
(9.799923121503619e-07 -9.045183767755694e-08 0)
(1.007931414002399e-06 -8.621560685785977e-08 0)
(1.035743851782745e-06 -8.124140798754127e-08 0)
(1.063478725918572e-06 -7.542287078075359e-08 0)
(1.091113625855092e-06 -6.873621300871005e-08 0)
(4.853444536687335e-07 -1.66853693641536e-07 0)
(5.233300145395843e-07 -1.562825798180129e-07 0)
(5.59889017532422e-07 -1.486582595358123e-07 0)
(5.951974610120566e-07 -1.42385851075851e-07 0)
(6.293448641722712e-07 -1.373492278389894e-07 0)
(6.625519006504495e-07 -1.331502967503323e-07 0)
(6.949365305775274e-07 -1.295718249399506e-07 0)
(7.266432494225317e-07 -1.264333012110205e-07 0)
(7.577665004343879e-07 -1.235874645675515e-07 0)
(7.883979805009783e-07 -1.208941787414127e-07 0)
(8.186208370621402e-07 -1.182443001405866e-07 0)
(8.485002241479164e-07 -1.155355194321978e-07 0)
(8.78083233492075e-07 -1.126601713923155e-07 0)
(9.074193240808172e-07 -1.095267809214331e-07 0)
(9.365278616006997e-07 -1.060304136297321e-07 0)
(9.654436489467245e-07 -1.020450216644344e-07 0)
(9.942008721391391e-07 -9.748974509951413e-08 0)
(1.022823676225082e-06 -9.218506373371687e-08 0)
(1.051359831813206e-06 -8.603080420145112e-08 0)
(1.079800961098272e-06 -7.897045535017834e-08 0)
(4.64815078126897e-07 -1.877869164544085e-07 0)
(5.033013638814808e-07 -1.768123152965618e-07 0)
(5.402842113698846e-07 -1.682459019632806e-07 0)
(5.762945794851822e-07 -1.610365826559334e-07 0)
(6.11195337743347e-07 -1.550681322801278e-07 0)
(6.451757651225343e-07 -1.500084909322772e-07 0)
(6.783219561331406e-07 -1.456451141592333e-07 0)
(7.107471013429577e-07 -1.417958470151789e-07 0)
(7.425350352525486e-07 -1.382980214106735e-07 0)
(7.737770169897574e-07 -1.35009699499498e-07 0)
(8.0455594393889e-07 -1.318198431588961e-07 0)
(8.349349216534646e-07 -1.286173753830716e-07 0)
(8.649622516615021e-07 -1.252870646506362e-07 0)
(8.94693020546297e-07 -1.217355039219169e-07 0)
(9.241479802539143e-07 -1.178549169105255e-07 0)
(9.533854714954806e-07 -1.135130859885782e-07 0)
(9.824250602115189e-07 -1.086438197003811e-07 0)
(1.011321344435313e-06 -1.030564556969171e-07 0)
(1.040115257685283e-06 -9.664144709587856e-08 0)
(1.068795233533322e-06 -8.932831756143414e-08 0)
(4.481942869523543e-07 -2.073939004187266e-07 0)
(4.862956139418822e-07 -1.962966202564435e-07 0)
(5.23346322614595e-07 -1.872434863196187e-07 0)
(5.596003419464867e-07 -1.794246186572041e-07 0)
(5.948896669357101e-07 -1.727588176685156e-07 0)
(6.293291644413423e-07 -1.669878028999994e-07 0)
(6.62965485605844e-07 -1.619350070703168e-07 0)
(6.958767707370229e-07 -1.574251236749936e-07 0)
(7.281361970682321e-07 -1.533033718700886e-07 0)
(7.598248346430134e-07 -1.49435980395914e-07 0)
(7.910172463636971e-07 -1.457133326490072e-07 0)
(8.21770849093033e-07 -1.420185262781425e-07 0)
(8.521335727503821e-07 -1.382333683517126e-07 0)
(8.821653924103038e-07 -1.342689179569315e-07 0)
(9.118889917253789e-07 -1.300168924189009e-07 0)
(9.413781270582037e-07 -1.253426216218858e-07 0)
(9.706464672503135e-07 -1.201840083173192e-07 0)
(9.997639799455404e-07 -1.143547374389482e-07 0)
(1.028762483239123e-06 -1.077312343228691e-07 0)
(1.057646239573642e-06 -1.002502833856257e-07 0)
(4.338148272135775e-07 -2.264801739811646e-07 0)
(4.71447982719466e-07 -2.154321399717745e-07 0)
(5.082666563808887e-07 -2.060494569192063e-07 0)
(5.444775941439238e-07 -1.977310717339965e-07 0)
(5.798628186071508e-07 -1.904631866773935e-07 0)
(6.145122938883914e-07 -1.840591579603288e-07 0)
(6.484180133332777e-07 -1.78371490796462e-07 0)
(6.816370188724025e-07 -1.732401720181708e-07 0)
(7.142225630861668e-07 -1.685237343594096e-07 0)
(7.462383151051667e-07 -1.6409790395808e-07 0)
(7.777456751561328e-07 -1.598574812687571e-07 0)
(8.087943184339761e-07 -1.556826722523826e-07 0)
(8.394303850740281e-07 -1.514557762556668e-07 0)
(8.697152234904546e-07 -1.470960548545278e-07 0)
(8.996741157610495e-07 -1.424901802278462e-07 0)
(9.293852759828958e-07 -1.375119859811661e-07 0)
(9.588638098342114e-07 -1.320941248427764e-07 0)
(9.881855331113567e-07 -1.260586509745188e-07 0)
(1.017363318550867e-06 -1.192794123660987e-07 0)
(1.046449150632695e-06 -1.117115070346995e-07 0)
(4.214476035426341e-07 -2.446601461700073e-07 0)
(4.584753952767848e-07 -2.337763269062373e-07 0)
(4.949118434409298e-07 -2.242601197205253e-07 0)
(5.308837210344169e-07 -2.156352199262281e-07 0)
(5.661808062067797e-07 -2.079299138462527e-07 0)
(6.008511419877046e-07 -2.010254598591333e-07 0)
(6.348543094993859e-07 -1.947976743458215e-07 0)
(6.68229123751917e-07 -1.891176764081178e-07 0)
(7.010065026245499e-07 -1.838603851775257e-07 0)
(7.332321927062838e-07 -1.789152483822811e-07 0)
(7.64954351130537e-07 -1.741859528746045e-07 0)
(7.962141936439647e-07 -1.695542050387746e-07 0)
(8.270557134118032e-07 -1.649072565612413e-07 0)
(8.575385622989937e-07 -1.601768355693381e-07 0)
(8.876877581527876e-07 -1.552406335446723e-07 0)
(9.175823373475652e-07 -1.499897289118263e-07 0)
(9.472387125259588e-07 -1.443442534709726e-07 0)
(9.767331160330069e-07 -1.381386304611922e-07 0)
(1.006070805912778e-06 -1.312592002122562e-07 0)
(1.035355526766836e-06 -1.236784022517842e-07 0)
(4.106576951127952e-07 -2.621950211665441e-07 0)
(4.470647341314198e-07 -2.515211857535695e-07 0)
(4.830462398820598e-07 -2.41961498288246e-07 0)
(5.186588234048235e-07 -2.331312897171799e-07 0)
(5.537393550238808e-07 -2.250998645086105e-07 0)
(5.882861315615099e-07 -2.177886370552501e-07 0)
(6.222553702037876e-07 -2.111043989352401e-07 0)
(6.556632471605188e-07 -2.049482117370883e-07 0)
(6.88520262108733e-07 -1.992087776860912e-07 0)
(7.208551298181324e-07 -1.937919380422788e-07 0)
(7.52704384683888e-07 -1.88613219344938e-07 0)
(7.841010768465324e-07 -1.835588414634346e-07 0)
(8.150867911915968e-07 -1.785244310623092e-07 0)
(8.457166921913394e-07 -1.734543214585093e-07 0)
(8.76013401343451e-07 -1.682156256105086e-07 0)
(9.060523972048298e-07 -1.627249823094736e-07 0)
(9.358535906000457e-07 -1.568870993292879e-07 0)
(9.654875384797912e-07 -1.505535441360176e-07 0)
(9.949812896903191e-07 -1.436301738448548e-07 0)
(1.024450929404732e-06 -1.360919317734011e-07 0)
(4.011964537656512e-07 -2.790748992096108e-07 0)
(4.3698584020263e-07 -2.686402119742657e-07 0)
(4.724604626840567e-07 -2.591120331800161e-07 0)
(5.076566497664696e-07 -2.50170550480322e-07 0)
(5.424319869737026e-07 -2.419129802071932e-07 0)
(5.767617885077746e-07 -2.34284365031987e-07 0)
(6.10601274018504e-07 -2.272290139727232e-07 0)
(6.439447443290126e-07 -2.206693477772696e-07 0)
(6.767872765019473e-07 -2.145076227631791e-07 0)
(7.091442759653296e-07 -2.086693138809259e-07 0)
(7.410426189260802e-07 -2.030843468609086e-07 0)
(7.725082563209152e-07 -1.976454591327562e-07 0)
(8.035804149991323e-07 -1.922599776052447e-07 0)
(8.343053195470854e-07 -1.868851038490458e-07 0)
(8.647058482368772e-07 -1.813770566232996e-07 0)
(8.948501017493314e-07 -1.756786095136596e-07 0)
(9.247619077581209e-07 -1.696842728117634e-07 0)
(9.545094160860873e-07 -1.632696595245829e-07 0)
(9.841505717143414e-07 -1.563509622969792e-07 0)
(1.013767258060319e-06 -1.488975415811621e-07 0)
(3.928347660686506e-07 -2.953918275966087e-07 0)
(4.280281171506516e-07 -2.852009679832522e-07 0)
(4.62976603064882e-07 -2.757447683196925e-07 0)
(4.97729630143826e-07 -2.667560916725021e-07 0)
(5.321416718560011e-07 -2.583401850224844e-07 0)
(5.661923334390877e-07 -2.504693357811339e-07 0)
(5.998268692575549e-07 -2.431160137561827e-07 0)
(6.330261140484603e-07 -2.362178849012703e-07 0)
(6.657755952382788e-07 -2.296914764155032e-07 0)
(6.980830861309343e-07 -2.234835110354341e-07 0)
(7.299664578703348e-07 -2.17539422568222e-07 0)
(7.614448461737486e-07 -2.11758996317549e-07 0)
(7.925551288404002e-07 -2.060617575440286e-07 0)
(8.233317697713611e-07 -2.004166384030777e-07 0)
(8.537971094836953e-07 -1.94676477103853e-07 0)
(8.840158131884153e-07 -1.888021881878383e-07 0)
(9.140119771980443e-07 -1.82691552799187e-07 0)
(9.438609256075225e-07 -1.762417764480439e-07 0)
(9.736203802169513e-07 -1.693670823139322e-07 0)
(1.003346513465069e-06 -1.620417696000863e-07 0)
(3.853785246400102e-07 -3.111963740117603e-07 0)
(4.199879777482882e-07 -3.012458828405661e-07 0)
(4.544219185263571e-07 -2.918863915551402e-07 0)
(4.887142694646319e-07 -2.828939608016361e-07 0)
(5.227356205678316e-07 -2.743728017961915e-07 0)
(5.564653685610028e-07 -2.663230950702059e-07 0)
(5.898412679631074e-07 -2.587324066386779e-07 0)
(6.228391461444093e-07 -2.515532720637727e-07 0)
(6.554397795687595e-07 -2.447175343329109e-07 0)
(6.876483290524291e-07 -2.381924460219631e-07 0)
(7.194730261439552e-07 -2.319375776683552e-07 0)
(7.509254763384684e-07 -2.258599767910901e-07 0)
(7.820377900848184e-07 -2.198923601721295e-07 0)
(8.128344131518323e-07 -2.14013388473113e-07 0)
(8.433374539135059e-07 -2.080770577266948e-07 0)
(8.736060490148089e-07 -2.020703487205626e-07 0)
(9.036711087145041e-07 -1.958775669582135e-07 0)
(9.336102538041555e-07 -1.894264913004714e-07 0)
(9.634469041620597e-07 -1.826280783120017e-07 0)
(9.932725502082086e-07 -1.754759170083379e-07 0)
(3.786652868889558e-07 -3.265421127940876e-07 0)
(4.127135092916267e-07 -3.168234857931621e-07 0)
(4.46650829526417e-07 -3.075734070496383e-07 0)
(4.804778193643327e-07 -2.986025694828267e-07 0)
(5.140997022285867e-07 -2.90019453488073e-07 0)
(5.474836890810617e-07 -2.818394299651893e-07 0)
(5.805709470782334e-07 -2.740611060825412e-07 0)
(6.133355193050644e-07 -2.666522088740132e-07 0)
(6.457558761904968e-07 -2.595597377984222e-07 0)
(6.778363224851946e-07 -2.527684321717598e-07 0)
(7.095740783218456e-07 -2.462495649912419e-07 0)
(7.409746143804549e-07 -2.3991642913471e-07 0)
(7.720607222431512e-07 -2.337167742292041e-07 0)
(8.028540094041357e-07 -2.276369901517119e-07 0)
(8.33362154779472e-07 -2.215449608702369e-07 0)
(8.636778642103322e-07 -2.154212006797958e-07 0)
(8.938002418641875e-07 -2.091928729995827e-07 0)
(9.237878059675697e-07 -2.027713140777726e-07 0)
(9.536726476180792e-07 -1.960887928108791e-07 0)
(9.835930029790697e-07 -1.891515870126139e-07 0)
(3.725490844878645e-07 -3.414824463516707e-07 0)
(4.060731010011362e-07 -3.319801406277214e-07 0)
(4.395277468741565e-07 -3.228424094523227e-07 0)
(4.729063422110041e-07 -3.139120266640753e-07 0)
(5.061322310249644e-07 -3.05301199617118e-07 0)
(5.391649773724952e-07 -2.970264829106333e-07 0)
(5.719561544395169e-07 -2.89101853627942e-07 0)
(6.044756410765511e-07 -2.81507377166526e-07 0)
(6.367008904180311e-07 -2.742048241849278e-07 0)
(6.686342776363427e-07 -2.671926003321429e-07 0)
(7.002631729963703e-07 -2.604521052580246e-07 0)
(7.315893542244177e-07 -2.539024168577505e-07 0)
(7.626279514867331e-07 -2.475057760447795e-07 0)
(7.933961057697092e-07 -2.412571128753992e-07 0)
(8.239085753851637e-07 -2.350348837274686e-07 0)
(8.542288736708231e-07 -2.288342128246514e-07 0)
(8.843647590675813e-07 -2.226051477169307e-07 0)
(9.143793864324787e-07 -2.162360984967358e-07 0)
(9.443130943320173e-07 -2.09707444641336e-07 0)
(9.742992005867943e-07 -2.030167605325366e-07 0)
(3.66909606233339e-07 -3.560655833783509e-07 0)
(3.999450872598251e-07 -3.46761326279159e-07 0)
(4.329403418972118e-07 -3.377353176646249e-07 0)
(4.658991170220574e-07 -3.28860808688993e-07 0)
(4.987426170358538e-07 -3.202391740773903e-07 0)
(5.314301897065751e-07 -3.118982979467165e-07 0)
(5.639287167881347e-07 -3.038617140318698e-07 0)
(5.961990969112512e-07 -2.961197671464785e-07 0)
(6.282223525498436e-07 -2.886472194283651e-07 0)
(6.599961506334434e-07 -2.814525544940081e-07 0)
(6.915033949721522e-07 -2.745260714031723e-07 0)
(7.227429849230237e-07 -2.677944836405632e-07 0)
(7.537235258477034e-07 -2.612332480639951e-07 0)
(7.844572140142358e-07 -2.548489628015586e-07 0)
(8.149562096126308e-07 -2.485291700337975e-07 0)
(8.452728491226199e-07 -2.422886668801278e-07 0)
(8.754144153836257e-07 -2.360610788990852e-07 0)
(9.054351695762096e-07 -2.29784296224888e-07 0)
(9.354164288430295e-07 -2.23437759428355e-07 0)
(9.654299961705099e-07 -2.170100864898996e-07 0)
(3.616461423064109e-07 -3.703321858124165e-07 0)
(3.942243599880875e-07 -3.612107108448509e-07 0)
(4.267946409052932e-07 -3.522967229943041e-07 0)
(4.593634940140309e-07 -3.434807093642504e-07 0)
(4.918317507786636e-07 -3.348656303298773e-07 0)
(5.241821008038643e-07 -3.264749929640443e-07 0)
(5.564050065135726e-07 -3.183530600175981e-07 0)
(5.884363880902098e-07 -3.10496477627251e-07 0)
(6.202696891299309e-07 -3.028890328391196e-07 0)
(6.518911008948745e-07 -2.9554705088826e-07 0)
(6.832838558652327e-07 -2.884687258509648e-07 0)
(7.1444026568002e-07 -2.815878599078054e-07 0)
(7.45363813000453e-07 -2.74891321080491e-07 0)
(7.760611541704065e-07 -2.683971886747313e-07 0)
(8.065383704294614e-07 -2.620023487045912e-07 0)
(8.368397686752466e-07 -2.557341793312743e-07 0)
(8.669612865370065e-07 -2.495401286082894e-07 0)
(8.969975659836507e-07 -2.43380953361041e-07 0)
(9.269847467648274e-07 -2.372368872327105e-07 0)
(9.570158063688173e-07 -2.310946713975851e-07 0)
(3.56653688029529e-07 -3.843165869926663e-07 0)
(3.888108006090347e-07 -3.753684474055421e-07 0)
(4.209872550334995e-07 -3.665606116159569e-07 0)
(4.531747156251577e-07 -3.578045100777611e-07 0)
(4.853095849078563e-07 -3.491994157183399e-07 0)
(5.173651816385398e-07 -3.407759559429245e-07 0)
(5.493275775121633e-07 -3.325999365421131e-07 0)
(5.811448125011131e-07 -3.246617690509815e-07 0)
(6.12806660285033e-07 -3.169501077153902e-07 0)
(6.442843267950946e-07 -3.094864945039186e-07 0)
(6.755669125085802e-07 -3.022794588007979e-07 0)
(7.066410991050249e-07 -2.952711502701821e-07 0)
(7.375074958359001e-07 -2.884603191232503e-07 0)
(7.681671436361218e-07 -2.818753356638423e-07 0)
(7.986184959933153e-07 -2.754218158882891e-07 0)
(8.288974668594375e-07 -2.691397799569899e-07 0)
(8.5900220874293e-07 -2.630001733437698e-07 0)
(8.890447836104652e-07 -2.569716433060757e-07 0)
(9.190072583806905e-07 -2.510457672087973e-07 0)
(9.49056539417623e-07 -2.452358069825387e-07 0)
(3.518271899200252e-07 -3.98061410485302e-07 0)
(3.836009719464344e-07 -3.892749064667702e-07 0)
(4.154105629071101e-07 -3.805581274330308e-07 0)
(4.472562973200868e-07 -3.718597424796687e-07 0)
(4.79094605100229e-07 -3.632722665416297e-07 0)
(5.108880156178217e-07 -3.548444216797236e-07 0)
(5.426219752910017e-07 -3.466296675444268e-07 0)
(5.74247063491932e-07 -3.386289184359649e-07 0)
(6.057536118159619e-07 -3.30832043694418e-07 0)
(6.371079243751431e-07 -3.232676591133507e-07 0)
(6.68301931875001e-07 -3.159572977589389e-07 0)
(6.9931632756089e-07 -3.088472615539188e-07 0)
(7.30146319417448e-07 -3.01944017751016e-07 0)
(7.607838892344438e-07 -2.952836214134804e-07 0)
(7.912192541373174e-07 -2.887813831267703e-07 0)
(8.214819543857522e-07 -2.824939006284884e-07 0)
(8.515937066421069e-07 -2.764160298956921e-07 0)
(8.816205648398698e-07 -2.705278639841512e-07 0)
(9.115674700404535e-07 -2.64842756962395e-07 0)
(9.416039049256922e-07 -2.593825108649434e-07 0)
(3.470683780849878e-07 -4.116054176446127e-07 0)
(3.78483201576764e-07 -4.02957155697186e-07 0)
(4.09963063326137e-07 -3.943266668752391e-07 0)
(4.415170731192004e-07 -3.856935898745352e-07 0)
(4.730981002936718e-07 -3.771362087663673e-07 0)
(5.046698422304258e-07 -3.687115898889614e-07 0)
(5.362040981523776e-07 -3.604713955778245e-07 0)
(5.676740474032773e-07 -3.524260615758426e-07 0)
(5.990554676121942e-07 -3.445677546300689e-07 0)
(6.303195073062472e-07 -3.369258619902775e-07 0)
(6.614536857712925e-07 -3.295321236664046e-07 0)
(6.924334582676833e-07 -3.223386225328998e-07 0)
(7.232457315431141e-07 -3.153552902429881e-07 0)
(7.538768907541925e-07 -3.086211957412235e-07 0)
(7.843169429764389e-07 -3.02067775793814e-07 0)
(8.145956925659687e-07 -2.957813713764989e-07 0)
(8.447256963252639e-07 -2.897655819281492e-07 0)
(8.747346781609128e-07 -2.84018055659312e-07 0)
(9.046793283026311e-07 -2.785859563691469e-07 0)
(9.346791796311061e-07 -2.734919983895806e-07 0)
(3.422533853582639e-07 -4.249848948355351e-07 0)
(3.733519398960604e-07 -4.16459462438606e-07 0)
(4.045562054970932e-07 -4.079105495274703e-07 0)
(4.358613760692736e-07 -3.993442154527316e-07 0)
(4.672210788957518e-07 -3.908225867036305e-07 0)
(4.986136756250124e-07 -3.824098667276391e-07 0)
(5.299947213915837e-07 -3.741603443633671e-07 0)
(5.613443520642813e-07 -3.660799278392326e-07 0)
(5.926340303152731e-07 -3.581679495867334e-07 0)
(6.238435665029154e-07 -3.504683842196112e-07 0)
(6.549513862640609e-07 -3.430140348382895e-07 0)
(6.859273878159103e-07 -3.357497210606127e-07 0)
(7.167548295182076e-07 -3.286873441431034e-07 0)
(7.474171236386878e-07 -3.218845961999384e-07 0)
(7.779029334537542e-07 -3.152921626844406e-07 0)
(8.082477864343587e-07 -3.09001270706427e-07 0)
(8.384115135728934e-07 -3.030276167640738e-07 0)
(8.684383849069621e-07 -2.97404607635289e-07 0)
(8.983663362615313e-07 -2.922190041270464e-07 0)
(9.283506047653919e-07 -2.875085801518378e-07 0)
(3.373014782980085e-07 -4.382157396269843e-07 0)
(3.681301086753941e-07 -4.298160686881586e-07 0)
(3.990995683296495e-07 -4.213469399967889e-07 0)
(4.301949918252662e-07 -4.128484837983719e-07 0)
(4.613893426488276e-07 -4.043772482494245e-07 0)
(4.926391266521992e-07 -3.959795750635314e-07 0)
(5.239184167746916e-07 -3.877220262537548e-07 0)
(5.551956547860229e-07 -3.796257843061597e-07 0)
(5.864463094761278e-07 -3.7168853647505e-07 0)
(6.176473949806478e-07 -3.639519617141957e-07 0)
(6.487684576161567e-07 -3.564443357292072e-07 0)
(6.79774485070394e-07 -3.491142871857376e-07 0)
(7.106565481431471e-07 -3.419817543619054e-07 0)
(7.414074234744273e-07 -3.351177795915292e-07 0)
(7.720018528231384e-07 -3.284900013342941e-07 0)
(8.024421706681447e-07 -3.221771353292198e-07 0)
(8.326843847065712e-07 -3.162103616183034e-07 0)
(8.628147311645692e-07 -3.106716446439899e-07 0)
(8.927625386234312e-07 -3.057203671457635e-07 0)
(9.226972193933372e-07 -3.014199298692855e-07 0)
(3.321008729595868e-07 -4.513628133633733e-07 0)
(3.626810863971315e-07 -4.430602007704045e-07 0)
(3.934703662937154e-07 -4.346818587420376e-07 0)
(4.244142827181432e-07 -4.262587224051601e-07 0)
(4.554803173153996e-07 -4.178239266733717e-07 0)
(4.866358649560851e-07 -4.094455379168841e-07 0)
(5.178619392701588e-07 -4.011968467923891e-07 0)
(5.491242133198261e-07 -3.931021769225152e-07 0)
(5.803864859583676e-07 -3.851542588886724e-07 0)
(6.116139388950555e-07 -3.773866499942122e-07 0)
(6.427859066754003e-07 -3.69826898293592e-07 0)
(6.738827809122039e-07 -3.624389578323328e-07 0)
(7.0488398334126e-07 -3.552625442500539e-07 0)
(7.357612210734941e-07 -3.483567643259808e-07 0)
(7.665143989559339e-07 -3.416589379812549e-07 0)
(7.971307729423671e-07 -3.352828787489699e-07 0)
(8.275680307276352e-07 -3.293293958753718e-07 0)
(8.578663525544796e-07 -3.238297025669267e-07 0)
(8.879493647773004e-07 -3.190094743348091e-07 0)
(9.178925038636469e-07 -3.150831406961779e-07 0)
(3.266347003156036e-07 -4.644125254107214e-07 0)
(3.570436128832545e-07 -4.562245657113919e-07 0)
(3.876881482740988e-07 -4.479396514088354e-07 0)
(4.18522654004183e-07 -4.395796782941357e-07 0)
(4.495221033446974e-07 -4.31192078662865e-07 0)
(4.806585865496154e-07 -4.228519396777729e-07 0)
(5.118951432290938e-07 -4.146418683994796e-07 0)
(5.43188147852316e-07 -4.065672090607739e-07 0)
(5.745041800459295e-07 -3.986025198847934e-07 0)
(6.058185939006698e-07 -3.908046690178187e-07 0)
(6.37100200813879e-07 -3.832333385889861e-07 0)
(6.683195940927008e-07 -3.758252146090365e-07 0)
(6.994750632500713e-07 -3.685864604214632e-07 0)
(7.305410303972393e-07 -3.616265554738144e-07 0)
(7.615055832896121e-07 -3.549048030432844e-07 0)
(7.923705477529179e-07 -3.48475876019629e-07 0)
(8.231239716231742e-07 -3.424672317853278e-07 0)
(8.537072241484352e-07 -3.369288047767285e-07 0)
(8.841234977981899e-07 -3.321393213911634e-07 0)
(9.14284095677087e-07 -3.284714814171818e-07 0)
(2.118141130884211e-08 -3.61400100562034e-07 0)
(6.374521952558608e-08 -3.562345370050601e-07 0)
(1.068502012389056e-07 -3.460532153555627e-07 0)
(1.508326384879931e-07 -3.313348562066106e-07 0)
(1.959154891865785e-07 -3.126628709055041e-07 0)
(2.422240635066485e-07 -2.907167409120769e-07 0)
(2.897719746897553e-07 -2.663868406114867e-07 0)
(3.384252964034199e-07 -2.404346827397404e-07 0)
(3.88250804294751e-07 -2.13706170000237e-07 0)
(4.386564912338681e-07 -1.867690747576069e-07 0)
(2.06794138915295e-08 -3.688148621411235e-07 0)
(6.220896573792038e-08 -3.640758253907671e-07 0)
(1.041666604214727e-07 -3.547442796559227e-07 0)
(1.468333889883786e-07 -3.412194204428627e-07 0)
(1.903902289833121e-07 -3.240112554379514e-07 0)
(2.349205978557377e-07 -3.036888537357093e-07 0)
(2.80471129262155e-07 -2.809972847464914e-07 0)
(3.267582003230647e-07 -2.566514052567429e-07 0)
(3.739280562561319e-07 -2.313440080222582e-07 0)
(4.209579010227573e-07 -2.060917943844362e-07 0)
(2.021188666143975e-08 -3.763507604957031e-07 0)
(6.076953353785664e-08 -3.720070245538031e-07 0)
(1.016726849906561e-07 -3.634376489936763e-07 0)
(1.431196347267116e-07 -3.509974599213669e-07 0)
(1.852788306114737e-07 -3.351280792392956e-07 0)
(2.281776753611468e-07 -3.163505550326824e-07 0)
(2.718995854702997e-07 -2.952928445640386e-07 0)
(3.161645976770838e-07 -2.726114698431062e-07 0)
(3.611837465103108e-07 -2.488023594704117e-07 0)
(4.060347573348695e-07 -2.24977887537624e-07 0)
(1.981058515145474e-08 -3.840380490761102e-07 0)
(5.951667167845206e-08 -3.80029293318856e-07 0)
(9.951884615580813e-08 -3.721218679838503e-07 0)
(1.399407430805176e-07 -3.606271177612109e-07 0)
(1.809321301537467e-07 -3.459382522734961e-07 0)
(2.224844969847665e-07 -3.28515429421256e-07 0)
(2.646758276620845e-07 -3.089011857689663e-07 0)
(3.072265408607963e-07 -2.877328544867608e-07 0)
(3.502933701610939e-07 -2.654165580982144e-07 0)
(3.931649569395844e-07 -2.430846857452578e-07 0)
(1.94479022269331e-08 -3.918816569824123e-07 0)
(5.838117823901101e-08 -3.881792248837996e-07 0)
(9.755875201769942e-08 -3.808784538376519e-07 0)
(1.370609572327855e-07 -3.702414678000092e-07 0)
(1.770131277081516e-07 -3.566188077692624e-07 0)
(2.173854543597607e-07 -3.404515988853704e-07 0)
(2.58251892390681e-07 -3.222037253603483e-07 0)
(2.993772667730068e-07 -3.024314286029144e-07 0)
(3.408338178186054e-07 -2.814973958923922e-07 0)
(3.820901764016226e-07 -2.604691353735552e-07 0)
(1.9106061190239e-08 -3.998789102707295e-07 0)
(5.735369434856764e-08 -3.9643795577093e-07 0)
(9.578566292737558e-08 -3.896597310467622e-07 0)
(1.34478199667972e-07 -3.79796821912576e-07 0)
(1.735238482674809e-07 -3.671319131668161e-07 0)
(2.128914958396902e-07 -3.520875804559162e-07 0)
(2.526024871005785e-07 -3.350864693451591e-07 0)
(2.924875287826774e-07 -3.166104567666799e-07 0)
(3.325534317446459e-07 -2.970027893766273e-07 0)
(3.72410712947498e-07 -2.772351578341781e-07 0)
(1.878613012328955e-08 -4.080192348713007e-07 0)
(5.639870815411365e-08 -4.048264846800276e-07 0)
(9.415128262235649e-08 -3.985190270581595e-07 0)
(1.321156022971139e-07 -3.89357097463531e-07 0)
(1.703431093737577e-07 -3.775643727124955e-07 0)
(2.088294437144788e-07 -3.63542583919587e-07 0)
(2.475509414598897e-07 -3.476811634680401e-07 0)
(2.863739715667153e-07 -3.303945419696024e-07 0)
(3.252670307018956e-07 -3.120124817487029e-07 0)
(3.639308397703044e-07 -2.934127029553228e-07 0)
(1.849641570159254e-08 -4.163047745031984e-07 0)
(5.550761710726022e-08 -4.13332021740704e-07 0)
(9.263803822911458e-08 -4.074510309681751e-07 0)
(1.299356886852646e-07 -3.989184053882626e-07 0)
(1.674341702232488e-07 -3.879173544876124e-07 0)
(2.051323691050903e-07 -3.748224499888599e-07 0)
(2.429843352894944e-07 -3.600031393347404e-07 0)
(2.808885389979406e-07 -3.438159910221087e-07 0)
(3.187827573040435e-07 -3.265766328538054e-07 0)
(3.564334924512613e-07 -3.09073022488599e-07 0)
(1.821773441424287e-08 -4.247343264155954e-07 0)
(5.466282728051408e-08 -4.219581415749395e-07 0)
(9.121678363536821e-08 -4.164671440382612e-07 0)
(1.278923108610026e-07 -4.085011472576518e-07 0)
(1.647291861687834e-07 -3.982259062645656e-07 0)
(2.017250661653721e-07 -3.859728820040474e-07 0)
(2.388041350958167e-07 -3.7210315930772e-07 0)
(2.75903237911849e-07 -3.569300653890037e-07 0)
(3.129437976974475e-07 -3.407488334572021e-07 0)
(3.497374710801542e-07 -3.242649752106362e-07 0)
(1.794015266945603e-08 -4.332967388655705e-07 0)
(5.385585484995247e-08 -4.307073627509538e-07 0)
(8.986020476100463e-08 -4.255683233964554e-07 0)
(1.259568565701616e-07 -4.181118004473529e-07 0)
(1.621764863464772e-07 -4.08502551816914e-07 0)
(1.985327286083622e-07 -3.970163032415084e-07 0)
(2.349242727398579e-07 -3.840095950551549e-07 0)
(2.71315320075598e-07 -3.697726500359155e-07 0)
(3.076264884908727e-07 -3.545754703252789e-07 0)
(3.436894424502085e-07 -3.390413245549823e-07 0)
(1.767194947502503e-08 -4.419853408078463e-07 0)
(5.308083719399598e-08 -4.395784493518485e-07 0)
(8.854495365906195e-08 -4.347560199294001e-07 0)
(1.240982054345375e-07 -4.277595558212844e-07 0)
(1.597364155156436e-07 -4.187576000861786e-07 0)
(1.954966030679505e-07 -4.079743371769566e-07 0)
(2.312744075301789e-07 -3.957570879318826e-07 0)
(2.670431110326522e-07 -3.823847496501431e-07 0)
(3.027280161895407e-07 -3.680996303157352e-07 0)
(3.381631753710827e-07 -3.534517092894365e-07 0)
(1.741758172276154e-08 -4.50800647219503e-07 0)
(5.232124597912802e-08 -4.485607380264296e-07 0)
(8.725117925460727e-08 -4.440270226659228e-07 0)
(1.222826654545746e-07 -4.374501428611148e-07 0)
(1.573715009086452e-07 -4.289991936729007e-07 0)
(1.925717750148638e-07 -4.188633234259811e-07 0)
(2.277968616317203e-07 -4.073751216750609e-07 0)
(2.630139535375832e-07 -3.948010448081952e-07 0)
(2.981500985959497e-07 -3.81356796000745e-07 0)
(3.330506579342964e-07 -3.675356970306175e-07 0)
(1.716734940619256e-08 -4.59737396325717e-07 0)
(5.155313945776951e-08 -4.576393057359382e-07 0)
(8.595566666573883e-08 -4.533750180435939e-07 0)
(1.204727051624469e-07 -4.471834545168102e-07 0)
(1.55037257108646e-07 -4.392339281582353e-07 0)
(1.897101773016835e-07 -4.296966799281355e-07 0)
(2.244281785533907e-07 -4.188845043309895e-07 0)
(2.591468809582899e-07 -4.070462377833037e-07 0)
(2.937978474797605e-07 -3.94380322949769e-07 0)
(3.28256624907109e-07 -3.813317001671711e-07 0)
(1.690812360282165e-08 -4.687800851553055e-07 0)
(5.076004116831577e-08 -4.668008517803378e-07 0)
(8.463653653333718e-08 -4.62791654336713e-07 0)
(1.186349505908499e-07 -4.569550797917565e-07 0)
(1.526897900184274e-07 -4.494643365344208e-07 0)
(1.868627176743796e-07 -4.404818200998903e-07 0)
(2.211058148400785e-07 -4.302975209538275e-07 0)
(2.553662613393677e-07 -4.191438527510245e-07 0)
(2.895943409635088e-07 -4.072101598236977e-07 0)
(3.236844938050376e-07 -3.948842136661778e-07 0)
(1.663458499146314e-08 -4.779079521849371e-07 0)
(4.993667205108491e-08 -4.760338750034466e-07 0)
(8.327718727654437e-08 -4.722659112829849e-07 0)
(1.167474435005298e-07 -4.667582571425021e-07 0)
(1.502990550771761e-07 -4.596953908315208e-07 0)
(1.83985261961592e-07 -4.512339367751574e-07 0)
(2.177675330635523e-07 -4.416352697971231e-07 0)
(2.516026785961164e-07 -4.311221531801231e-07 0)
(2.85456438742566e-07 -4.198761529751759e-07 0)
(3.192169932884986e-07 -4.082259802574965e-07 0)
(1.634659821011394e-08 -4.871020196634311e-07 0)
(4.907838210296034e-08 -4.853260292249863e-07 0)
(8.186223243778555e-08 -4.817859665994096e-07 0)
(1.147846464925293e-07 -4.765910051499429e-07 0)
(1.47824933153307e-07 -4.699263182405908e-07 0)
(1.810226656976336e-07 -4.619465967149955e-07 0)
(2.143484200091396e-07 -4.528993382822353e-07 0)
(2.477889426876913e-07 -4.429901718960772e-07 0)
(2.812884031441467e-07 -4.323907494814092e-07 0)
(3.147637943359272e-07 -4.213815098093027e-07 0)
(1.604252578226079e-08 -4.963427095325895e-07 0)
(4.817029924072694e-08 -4.946632312905245e-07 0)
(8.036318989918794e-08 -4.91335159031865e-07 0)
(1.127092103850307e-07 -4.864340872035835e-07 0)
(1.452178239408831e-07 -4.801511767635397e-07 0)
(1.77916018679472e-07 -4.726297262387222e-07 0)
(2.107926929355063e-07 -4.641092276822791e-07 0)
(2.438421806022178e-07 -4.547729996578909e-07 0)
(2.770016139425116e-07 -4.447834364657625e-07 0)
(3.102306697731327e-07 -4.343957456163054e-07 0)
(1.571406587163044e-08 -5.056072215842606e-07 0)
(4.718489735794387e-08 -5.040204096302984e-07 0)
(7.874100012885386e-08 -5.008900448387387e-07 0)
(1.104732551621614e-07 -4.962769899388592e-07 0)
(1.424141507203188e-07 -4.903574550951929e-07 0)
(1.745914464885564e-07 -4.83276086804575e-07 0)
(2.070169425042287e-07 -4.752533856839841e-07 0)
(2.396595784858233e-07 -4.664624865328095e-07 0)
(2.725108229766128e-07 -4.570574196709485e-07 0)
(3.055073873297971e-07 -4.472653908490694e-07 0)
(1.534965024979582e-08 -5.148691346552266e-07 0)
(4.609260102900473e-08 -5.133748485645586e-07 0)
(7.695018235179472e-08 -5.104353528995774e-07 0)
(1.080194520755175e-07 -5.061017965311922e-07 0)
(1.393462517024649e-07 -5.005418375066997e-07 0)
(1.709746210768782e-07 -4.938920387281951e-07 0)
(2.029235921511726e-07 -4.863514072223387e-07 0)
(2.351663088002404e-07 -4.780932592910482e-07 0)
(2.677140174808761e-07 -4.692622905474442e-07 0)
(3.005030233197604e-07 -4.60059064259982e-07 0)
(1.494907279041041e-08 -5.24047547606329e-07 0)
(4.489858895985648e-08 -5.226548331102414e-07 0)
(7.499576214850079e-08 -5.199088930496709e-07 0)
(1.053456650651221e-07 -5.158574479565647e-07 0)
(1.360125709003831e-07 -5.106565607054887e-07 0)
(1.670646812206943e-07 -5.044378920455879e-07 0)
(1.985073559087911e-07 -4.973805993783036e-07 0)
(2.303633181673451e-07 -4.896418131462186e-07 0)
(2.626035357480554e-07 -4.81372623312967e-07 0)
(2.95234419994903e-07 -4.727610887992925e-07 0)
)


// ************************************************************************* //
