/*--------------------------------*- C++ -*----------------------------------*\
| =========                 |                                                 |
| \\      /  F ield         | foam-extend: Open Source CFD                    |
|  \\    /   O peration     | Version:     4.1                                |
|   \\  /    A nd           | Web:         http://www.foam-extend.org         |
|    \\/     M anipulation  |                                                 |
\*---------------------------------------------------------------------------*/
FoamFile
{
    version     2.0;
    format      ascii;
    class       vectorField;
    location    "1";
    object      solidsCellD_iteration9;
}
// * * * * * * * * * * * * * * * * * * * * * * * * * * * * * * * * * * * * * //


1000
(
(4.197770748066656e-07 -1.117873079715314e-07 0)
(4.032093627313845e-07 -1.078311542449397e-07 0)
(3.940412811660995e-07 -1.069652271625614e-07 0)
(3.901084757037663e-07 -1.086749895021848e-07 0)
(3.899637718943055e-07 -1.120699670569942e-07 0)
(3.92663043648124e-07 -1.166859803257363e-07 0)
(3.974673679913319e-07 -1.221745460675461e-07 0)
(4.037074682582647e-07 -1.284429821390061e-07 0)
(4.114185210522104e-07 -1.350716489253728e-07 0)
(4.186681044052061e-07 -1.42093416456621e-07 0)
(3.805973328087276e-07 -1.224002478861958e-07 0)
(3.629678360150934e-07 -1.213449502887914e-07 0)
(3.52957891343884e-07 -1.224019512784441e-07 0)
(3.483212992294021e-07 -1.254871035738753e-07 0)
(3.474184554873591e-07 -1.298644426666368e-07 0)
(3.492934742840204e-07 -1.351895579103295e-07 0)
(3.532208446691049e-07 -1.411652113396492e-07 0)
(3.585447122469254e-07 -1.478082891901843e-07 0)
(3.65173074830409e-07 -1.545790958414251e-07 0)
(3.717213397300051e-07 -1.620303611257203e-07 0)
(3.395504249677131e-07 -1.323963118101009e-07 0)
(3.214975406704788e-07 -1.345655816915306e-07 0)
(3.110549464004335e-07 -1.377248024556046e-07 0)
(3.059850350026165e-07 -1.4221227888249e-07 0)
(3.046153604797476e-07 -1.475204207899432e-07 0)
(3.059147761693413e-07 -1.53468453562105e-07 0)
(3.092055096313292e-07 -1.598741063276961e-07 0)
(3.139176878648468e-07 -1.667484937904396e-07 0)
(3.198787592852261e-07 -1.736207367641919e-07 0)
(3.260284437506372e-07 -1.81010050469929e-07 0)
(2.969322068208753e-07 -1.416221772285483e-07 0)
(2.793312897913726e-07 -1.471114025275478e-07 0)
(2.689867915611459e-07 -1.524094146521673e-07 0)
(2.63753712658159e-07 -1.582845860186761e-07 0)
(2.621029849559711e-07 -1.645140408387876e-07 0)
(2.630035382518574e-07 -1.710510800194453e-07 0)
(2.657341673158644e-07 -1.778222043455136e-07 0)
(2.699059480155214e-07 -1.848771582383081e-07 0)
(2.752371517556176e-07 -1.918648143557742e-07 0)
(2.809593079505833e-07 -1.992466845401249e-07 0)
(2.532082168760592e-07 -1.498755107477717e-07 0)
(2.367142240049758e-07 -1.586122631647643e-07 0)
(2.269171743551458e-07 -1.659911774494545e-07 0)
(2.218933357228498e-07 -1.732130350524111e-07 0)
(2.201661059568151e-07 -1.803062346365542e-07 0)
(2.207292179434342e-07 -1.874132662215056e-07 0)
(2.229795919122953e-07 -1.945380268018504e-07 0)
(2.265882544909733e-07 -2.017763233845111e-07 0)
(2.312951949444009e-07 -2.089122056670724e-07 0)
(2.364251477328903e-07 -2.16319578671073e-07 0)
(2.08361647900075e-07 -1.570461239209485e-07 0)
(1.937946819124887e-07 -1.687757512995992e-07 0)
(1.851080376675881e-07 -1.78085206315561e-07 0)
(1.805387724187195e-07 -1.865825535456135e-07 0)
(1.788432898477505e-07 -1.944909842901713e-07 0)
(1.791357594467793e-07 -2.021166071215665e-07 0)
(1.809930266056068e-07 -2.095533086326249e-07 0)
(1.840520999565753e-07 -2.16965707112103e-07 0)
(1.880509387623887e-07 -2.242615955331657e-07 0)
(1.924303545949661e-07 -2.317286721017585e-07 0)
(1.628397898352963e-07 -1.629170589787203e-07 0)
(1.507600408057336e-07 -1.772824502797851e-07 0)
(1.43527875573857e-07 -1.882970370527078e-07 0)
(1.396579888584047e-07 -1.979099383675443e-07 0)
(1.381691416864213e-07 -2.065156831568622e-07 0)
(1.38341958956218e-07 -2.14594751795269e-07 0)
(1.398174365425635e-07 -2.223123037368692e-07 0)
(1.422542814024339e-07 -2.298997270999478e-07 0)
(1.454345723105578e-07 -2.373555766115126e-07 0)
(1.489378302263411e-07 -2.448807482830615e-07 0)
(1.167393305147931e-07 -1.674429461006027e-07 0)
(1.076393241902889e-07 -1.839314316780194e-07 0)
(1.022110548366857e-07 -1.96275183000324e-07 0)
(9.932217734784533e-08 -2.067350119501798e-07 0)
(9.819828855086682e-08 -2.159262495870799e-07 0)
(9.829672192676211e-08 -2.243831310413207e-07 0)
(9.933998167536716e-08 -2.323591215230301e-07 0)
(1.010885714676352e-07 -2.400893275668038e-07 0)
(1.03391296727448e-07 -2.476750823651773e-07 0)
(1.059420240460897e-07 -2.552531746935818e-07 0)
(7.019882920887621e-08 -1.705114699344898e-07 0)
(6.457395284853096e-08 -1.884538592136609e-07 0)
(6.1253094927624e-08 -2.017153446241556e-07 0)
(5.943798737054176e-08 -2.128245689521968e-07 0)
(5.868899109920667e-08 -2.224252229916573e-07 0)
(5.871617570269633e-08 -2.311139115270089e-07 0)
(5.936949292458847e-08 -2.392754319259145e-07 0)
(6.045767386872901e-08 -2.471539209146001e-07 0)
(6.184463684673651e-08 -2.548575893279014e-07 0)
(6.338360670223978e-08 -2.62478506923544e-07 0)
(2.344822586910441e-08 -1.720588489684597e-07 0)
(2.155558351253739e-08 -1.907702531276925e-07 0)
(2.038309194740518e-08 -2.04496607449257e-07 0)
(1.976536093819355e-08 -2.159046980476086e-07 0)
(1.955557709256472e-08 -2.257075056578663e-07 0)
(1.955934344058377e-08 -2.345455743640717e-07 0)
(1.973365575776597e-08 -2.427806225390084e-07 0)
(2.009289273957207e-08 -2.506990672963181e-07 0)
(2.057654899112892e-08 -2.584605179012128e-07 0)
(2.109122306397858e-08 -2.661168628467914e-07 0)
(6.412703885459378e-07 -4.994884076370394e-09 0)
(6.454223053930303e-07 -3.68463174866256e-09 0)
(6.49505255590417e-07 -2.94112197279694e-09 0)
(6.546028599393243e-07 -2.589106247573491e-09 0)
(6.609215691832099e-07 -2.489168576669731e-09 0)
(6.684846933584328e-07 -2.585236891909084e-09 0)
(6.773644249033982e-07 -2.810040623038402e-09 0)
(6.873737573526094e-07 -3.068725139293746e-09 0)
(6.985914794474062e-07 -3.437391137785183e-09 0)
(7.108289044368978e-07 -3.868909941904332e-09 0)
(6.368570407540299e-07 -1.504234186919459e-08 0)
(6.403340577471881e-07 -1.118663912393632e-08 0)
(6.44005240368102e-07 -8.964372756051325e-09 0)
(6.487846179750673e-07 -7.980227509915554e-09 0)
(6.548810759696464e-07 -7.771007328142001e-09 0)
(6.622528526525077e-07 -7.989828967803668e-09 0)
(6.710420044743655e-07 -8.635325623758883e-09 0)
(6.809826723924288e-07 -9.550210405113515e-09 0)
(6.920805273564766e-07 -1.066204332370848e-08 0)
(7.042675983705853e-07 -1.185111868547575e-08 0)
(6.280286279579797e-07 -2.51302377537367e-08 0)
(6.301835017681692e-07 -1.901917994326096e-08 0)
(6.330409757047647e-07 -1.551851142426476e-08 0)
(6.3727250738029e-07 -1.386046136109079e-08 0)
(6.430044805243969e-07 -1.353387583493528e-08 0)
(6.501464740735932e-07 -1.403144616601443e-08 0)
(6.586820090717669e-07 -1.514773697695761e-08 0)
(6.68479734913408e-07 -1.663962595288221e-08 0)
(6.793768290019593e-07 -1.843544253425448e-08 0)
(6.914508308748867e-07 -2.040337332434801e-08 0)
(6.149144945335405e-07 -3.541440127219094e-08 0)
(6.151962697746444e-07 -2.735893579276157e-08 0)
(6.168417737428332e-07 -2.287131163467009e-08 0)
(6.203121993145434e-07 -2.079958823224482e-08 0)
(6.254824103247798e-07 -2.041541816468243e-08 0)
(6.32275469094702e-07 -2.112337399283982e-08 0)
(6.405205911724378e-07 -2.263558498755853e-08 0)
(6.501404271572998e-07 -2.469617110306138e-08 0)
(6.607880019854031e-07 -2.718460630325047e-08 0)
(6.727386727769144e-07 -2.992121153335209e-08 0)
(5.97614043130747e-07 -4.588587231305639e-08 0)
(5.956477134999181e-07 -3.63903046604129e-08 0)
(5.957980720421717e-07 -3.119045953411196e-08 0)
(5.982833762759663e-07 -2.89035177314135e-08 0)
(6.027922208158293e-07 -2.858101356214231e-08 0)
(6.091362168845883e-07 -2.955814815433095e-08 0)
(6.170099040495897e-07 -3.150023667805445e-08 0)
(6.263602665737437e-07 -3.411980903945439e-08 0)
(6.367222208000922e-07 -3.724961124185987e-08 0)
(6.485662442571272e-07 -4.067000628392637e-08 0)
(5.763137302253312e-07 -5.659646209891624e-08 0)
(5.717711811044682e-07 -4.62757006393208e-08 0)
(5.702980386929611e-07 -4.070908612050039e-08 0)
(5.717120344288689e-07 -3.842082850315776e-08 0)
(5.754675290502754e-07 -3.83219547310218e-08 0)
(5.812847194869806e-07 -3.965115850613611e-08 0)
(5.887883357805933e-07 -4.203266340108687e-08 0)
(5.978466845611437e-07 -4.513900205862389e-08 0)
(6.079128045227209e-07 -4.884539355366753e-08 0)
(6.196347566745506e-07 -5.287554562946171e-08 0)
(5.513433101843164e-07 -6.753103436269059e-08 0)
(5.440272376073653e-07 -5.708525600295129e-08 0)
(5.407954680802291e-07 -5.157694230934801e-08 0)
(5.410862497082456e-07 -4.954212881971737e-08 0)
(5.44058075171625e-07 -4.978903515031437e-08 0)
(5.493394243413695e-07 -5.153410203926195e-08 0)
(5.564605720605649e-07 -5.435412107185709e-08 0)
(5.652170847953305e-07 -5.787755067028386e-08 0)
(5.749854275127748e-07 -6.208532333972505e-08 0)
(5.866022617313464e-07 -6.661573060547166e-08 0)
(5.228738922727365e-07 -7.859561223879571e-08 0)
(5.128272864598316e-07 -6.878989957185232e-08 0)
(5.078636943107817e-07 -6.379896387394879e-08 0)
(5.07015148684808e-07 -6.229265185947489e-08 0)
(5.092434688080965e-07 -6.303840537216522e-08 0)
(5.139910298311057e-07 -6.529127844202935e-08 0)
(5.207096070345427e-07 -6.858452491953763e-08 0)
(5.291694518820908e-07 -7.251545544345773e-08 0)
(5.386840270261839e-07 -7.717103538856267e-08 0)
(5.501440207179496e-07 -8.207128184587273e-08 0)
(4.912462490552371e-07 -8.974472697152482e-08 0)
(4.786538546803099e-07 -8.126631952777191e-08 0)
(4.72070481761264e-07 -7.728023358885556e-08 0)
(4.701019700931048e-07 -7.658160868867004e-08 0)
(4.71579869159112e-07 -7.801027173185918e-08 0)
(4.757098112646225e-07 -8.086240437006447e-08 0)
(4.819404244185408e-07 -8.467290753263855e-08 0)
(4.899983191954751e-07 -8.900792678636999e-08 0)
(4.992227665808144e-07 -9.401007727537303e-08 0)
(5.103775217036455e-07 -9.89948760372752e-08 0)
(4.567924122007254e-07 -1.008636089713228e-07 0)
(4.420203046627297e-07 -9.434846255043338e-08 0)
(4.340029679911561e-07 -9.175913659683617e-08 0)
(4.310075810213443e-07 -9.217511914570262e-08 0)
(4.317213539907657e-07 -9.45049610502375e-08 0)
(4.352765149208202e-07 -9.812049179257029e-08 0)
(4.41129857781662e-07 -1.026497900250245e-07 0)
(4.488186380395629e-07 -1.076816389625126e-07 0)
(4.579939679353362e-07 -1.132950034635308e-07 0)
(4.683382139217494e-07 -1.188483341380894e-07 0)
(7.239850015853017e-07 -4.227548225404415e-09 0)
(7.382036506533681e-07 -4.438032774287904e-09 0)
(7.531869668364122e-07 -4.61279122963315e-09 0)
(7.688631763921746e-07 -4.763802585292215e-09 0)
(7.85174245946099e-07 -4.89384676185445e-09 0)
(8.021090681723182e-07 -5.001344407590567e-09 0)
(8.195781682823268e-07 -5.071687620813849e-09 0)
(8.374974611452538e-07 -5.136654888698182e-09 0)
(8.558826453087799e-07 -5.219460486210048e-09 0)
(8.747302947198367e-07 -5.290315918831545e-09 0)
(8.939732351341264e-07 -5.330335385218355e-09 0)
(9.135668119543575e-07 -5.343934581889438e-09 0)
(9.334872856267976e-07 -5.340960930847791e-09 0)
(9.537145637475664e-07 -5.332886880910193e-09 0)
(9.742295773811248e-07 -5.321260443902712e-09 0)
(9.950126240236782e-07 -5.293210930199453e-09 0)
(1.016041007587761e-06 -5.234936762578371e-09 0)
(1.037300779765196e-06 -5.139485241993852e-09 0)
(1.058743441792442e-06 -5.012696852743322e-09 0)
(1.080368671806434e-06 -4.862738173369007e-09 0)
(7.176850829004743e-07 -1.28755526826329e-08 0)
(7.323859645265864e-07 -1.348820766033416e-08 0)
(7.478045974732697e-07 -1.399257551448008e-08 0)
(7.638965091954249e-07 -1.441602032093204e-08 0)
(7.805938127249214e-07 -1.474620841687414e-08 0)
(7.978420479910973e-07 -1.503180457363747e-08 0)
(8.156057568872564e-07 -1.528960396688335e-08 0)
(8.338429036274749e-07 -1.553622051609274e-08 0)
(8.525344009313417e-07 -1.575624702364062e-08 0)
(8.716392985061546e-07 -1.590109566334639e-08 0)
(8.911107900375778e-07 -1.598485481687016e-08 0)
(9.109359123694725e-07 -1.603907334956511e-08 0)
(9.310963544786642e-07 -1.606591733329593e-08 0)
(9.515576311158573e-07 -1.605502026155154e-08 0)
(9.722878563642377e-07 -1.599401200197454e-08 0)
(9.932690393917033e-07 -1.587221379186039e-08 0)
(1.014485309579695e-06 -1.567778192299317e-08 0)
(1.035914216950258e-06 -1.540244400945942e-08 0)
(1.057525660947924e-06 -1.505288170540475e-08 0)
(1.079282253603987e-06 -1.462835254735541e-08 0)
(7.05365819467996e-07 -2.207247471050745e-08 0)
(7.210648309460053e-07 -2.299517720804382e-08 0)
(7.373807640987696e-07 -2.371801650005005e-08 0)
(7.542128420505217e-07 -2.434384113917878e-08 0)
(7.716053176744962e-07 -2.48655597005533e-08 0)
(7.895434872826442e-07 -2.533678280232862e-08 0)
(8.079605840983765e-07 -2.575499436583417e-08 0)
(8.267683207162139e-07 -2.612103106460997e-08 0)
(8.459748234538472e-07 -2.64200351034589e-08 0)
(8.655587349661557e-07 -2.66254802794887e-08 0)
(8.854973325310265e-07 -2.67751224877748e-08 0)
(9.057742569373188e-07 -2.689218337386502e-08 0)
(9.263508798728025e-07 -2.694913437654809e-08 0)
(9.471877997237743e-07 -2.691761069755197e-08 0)
(9.682714438127173e-07 -2.679053621745273e-08 0)
(9.896138756885913e-07 -2.656751769078649e-08 0)
(1.011187245887874e-06 -2.623571896486556e-08 0)
(1.032981208038688e-06 -2.578759218076754e-08 0)
(1.054947726111971e-06 -2.523255261136248e-08 0)
(1.077066800979984e-06 -2.455154953888109e-08 0)
(6.873518071118837e-07 -3.210172998073162e-08 0)
(7.044022312384226e-07 -3.315437976950438e-08 0)
(7.219915899081021e-07 -3.395672183442111e-08 0)
(7.399869500419068e-07 -3.469259469987442e-08 0)
(7.584662972950905e-07 -3.534557935691629e-08 0)
(7.77368050456144e-07 -3.595485284715931e-08 0)
(7.9667497793314e-07 -3.648397798986081e-08 0)
(8.163211127287431e-07 -3.694187812818975e-08 0)
(8.363529474692148e-07 -3.731265640967715e-08 0)
(8.567209736042959e-07 -3.758428430628726e-08 0)
(8.773830187571201e-07 -3.778895772788715e-08 0)
(8.983197138967732e-07 -3.792892963206807e-08 0)
(9.195068650363504e-07 -3.796786964718368e-08 0)
(9.409249339818346e-07 -3.788948285361123e-08 0)
(9.625700001667561e-07 -3.770511149294039e-08 0)
(9.844534566993345e-07 -3.739745221555806e-08 0)
(1.006538333592446e-06 -3.695036378742834e-08 0)
(1.028836386385931e-06 -3.634787237789529e-08 0)
(1.051260734172444e-06 -3.559183971836365e-08 0)
(1.073853570969872e-06 -3.468638000154412e-08 0)
(6.641271545551755e-07 -4.317001969643711e-08 0)
(6.829685310271325e-07 -4.414797058987606e-08 0)
(7.022172873137161e-07 -4.490975214300727e-08 0)
(7.216493001825233e-07 -4.568173769460894e-08 0)
(7.414754472015752e-07 -4.637885637262048e-08 0)
(7.616165753246386e-07 -4.70423401914874e-08 0)
(7.821014928133325e-07 -4.761532449482427e-08 0)
(8.028586631356563e-07 -4.813173136082532e-08 0)
(8.239073463439544e-07 -4.854569369767922e-08 0)
(8.452177445537079e-07 -4.884486676355509e-08 0)
(8.667815149741685e-07 -4.906679476751126e-08 0)
(8.885883551945936e-07 -4.920576226796206e-08 0)
(9.106099941729204e-07 -4.921865714068645e-08 0)
(9.328256775528642e-07 -4.909167162595126e-08 0)
(9.552425103912952e-07 -4.884050808482577e-08 0)
(9.778294104490686e-07 -4.843857144546084e-08 0)
(1.000609951041083e-06 -4.787270769812098e-08 0)
(1.023532226732281e-06 -4.712921584419251e-08 0)
(1.046613503191062e-06 -4.619218680813354e-08 0)
(1.069821133407107e-06 -4.509737093934672e-08 0)
(6.362645766029552e-07 -5.54992508530577e-08 0)
(6.571382502286849e-07 -5.615408218940188e-08 0)
(6.783730252903379e-07 -5.667182061607878e-08 0)
(6.995937457285049e-07 -5.734227103834178e-08 0)
(7.211091411621611e-07 -5.798551304855571e-08 0)
(7.427985983186851e-07 -5.863935303998656e-08 0)
(7.646538098630015e-07 -5.919648372631132e-08 0)
(7.86721698210217e-07 -5.969136168746717e-08 0)
(8.090001252211349e-07 -6.00967071919541e-08 0)
(8.314733730030155e-07 -6.040173486341244e-08 0)
(8.541471077105032e-07 -6.063116116257169e-08 0)
(8.770092311447689e-07 -6.0761083635077e-08 0)
(9.000255212590291e-07 -6.073914406163203e-08 0)
(9.231749208052701e-07 -6.055633362137546e-08 0)
(9.464897377946769e-07 -6.022032245311925e-08 0)
(9.699265840891294e-07 -5.971503716557325e-08 0)
(9.935493242271836e-07 -5.902825757747458e-08 0)
(1.017253779141104e-06 -5.815976255550997e-08 0)
(1.041136657051858e-06 -5.707994132247424e-08 0)
(1.06510598371459e-06 -5.5816161070216e-08 0)
(6.045246503937981e-07 -6.915500643902364e-08 0)
(6.27722727813835e-07 -6.923343571869837e-08 0)
(6.512145266779593e-07 -6.931596825822216e-08 0)
(6.744561449191399e-07 -6.973298267482699e-08 0)
(6.978055359388544e-07 -7.018834891374681e-08 0)
(7.21221633187207e-07 -7.070264167309035e-08 0)
(7.446542821980543e-07 -7.118448891943597e-08 0)
(7.682018653770775e-07 -7.162049279214033e-08 0)
(7.918871252034258e-07 -7.199612319551749e-08 0)
(8.157123623987926e-07 -7.229566736645248e-08 0)
(8.396682474841457e-07 -7.251360100327395e-08 0)
(8.637312489938485e-07 -7.260653882130394e-08 0)
(8.878804376323825e-07 -7.25228733055463e-08 0)
(9.121186411766058e-07 -7.226663905381258e-08 0)
(9.364735964804972e-07 -7.184247676982024e-08 0)
(9.609252855035765e-07 -7.124547200029602e-08 0)
(9.855361435356423e-07 -7.045934453334152e-08 0)
(1.01020154671386e-06 -6.947962171157815e-08 0)
(1.034996603485314e-06 -6.82678752735304e-08 0)
(1.059837961602105e-06 -6.68377610200683e-08 0)
(5.694703692446723e-07 -8.42604843639044e-08 0)
(5.951481502119988e-07 -8.342239666131724e-08 0)
(6.210836697599239e-07 -8.285058720008593e-08 0)
(6.465640423493121e-07 -8.282365202861911e-08 0)
(6.720045484300197e-07 -8.296813508280916e-08 0)
(6.973120514864545e-07 -8.324961670315783e-08 0)
(7.225708205291755e-07 -8.358096872633208e-08 0)
(7.478101693898458e-07 -8.391464730875055e-08 0)
(7.730683086981266e-07 -8.422415228841638e-08 0)
(7.983684741192206e-07 -8.447826877266032e-08 0)
(8.237069602280546e-07 -8.464482471845319e-08 0)
(8.490686211718503e-07 -8.467218106194835e-08 0)
(8.744544359889744e-07 -8.451931398522595e-08 0)
(8.999071586422511e-07 -8.419656331034472e-08 0)
(9.254426092043466e-07 -8.370491281453481e-08 0)
(9.5105110655284e-07 -8.303846653282491e-08 0)
(9.767654742650515e-07 -8.21691555257573e-08 0)
(1.002508022660706e-06 -8.108342542771958e-08 0)
(1.028330701331413e-06 -7.973092167474369e-08 0)
(1.054152197208869e-06 -7.812021695313873e-08 0)
(5.315909077901172e-07 -1.007525961663681e-07 0)
(5.600151727836526e-07 -9.875231205664938e-08 0)
(5.886328764070175e-07 -9.736881982611754e-08 0)
(6.16552437796815e-07 -9.669209428337516e-08 0)
(6.442694795395255e-07 -9.636107243872909e-08 0)
(6.716503634298128e-07 -9.629264062293174e-08 0)
(6.988446065642173e-07 -9.636941450098784e-08 0)
(7.258825174123036e-07 -9.652225340955457e-08 0)
(7.52822054191289e-07 -9.670688309664594e-08 0)
(7.796904773657733e-07 -9.686659133513695e-08 0)
(8.064977025263871e-07 -9.695021905031657e-08 0)
(8.332579044210341e-07 -9.690529698428902e-08 0)
(8.599973690653286e-07 -9.669980986240916e-08 0)
(8.867748251819893e-07 -9.633720666141105e-08 0)
(9.135908041800082e-07 -9.580527116830048e-08 0)
(9.404485768019984e-07 -9.508919808810184e-08 0)
(9.673661144412126e-07 -9.414569400607756e-08 0)
(9.942643082900629e-07 -9.295049166083328e-08 0)
(1.021216273202118e-06 -9.145347504196557e-08 0)
(1.048135663255109e-06 -8.965565347092432e-08 0)
(4.918223091543388e-07 -1.186920167541994e-07 0)
(5.240052707719069e-07 -1.145448459880516e-07 0)
(5.557404220597307e-07 -1.121274958863864e-07 0)
(5.863903606086737e-07 -1.10699215584886e-07 0)
(6.164147968796412e-07 -1.098748157764158e-07 0)
(6.45929946641706e-07 -1.094305889470131e-07 0)
(6.750411641080112e-07 -1.09220610053348e-07 0)
(7.038529161032789e-07 -1.09160810834283e-07 0)
(7.324484702321982e-07 -1.091929503515334e-07 0)
(7.608653584098749e-07 -1.09240192482298e-07 0)
(7.891322019433151e-07 -1.092421618629005e-07 0)
(8.172857958434944e-07 -1.091436993363532e-07 0)
(8.453723435205161e-07 -1.089103516401143e-07 0)
(8.734533948393873e-07 -1.085335495615145e-07 0)
(9.015179178652545e-07 -1.079884435463088e-07 0)
(9.295909663842108e-07 -1.072493214914792e-07 0)
(9.576880922788889e-07 -1.062658488495394e-07 0)
(9.857450030191828e-07 -1.04983288442218e-07 0)
(1.013844085702013e-06 -1.033642417448165e-07 0)
(1.041921140001326e-06 -1.013764002638867e-07 0)
(4.580382493615787e-07 -1.400167270381276e-07 0)
(4.945248027429815e-07 -1.328452766678029e-07 0)
(5.292655965579375e-07 -1.289067273869343e-07 0)
(5.626212328474003e-07 -1.262417109146967e-07 0)
(5.948096230974786e-07 -1.245469197938162e-07 0)
(6.261729502261017e-07 -1.234469645241171e-07 0)
(6.568782604006556e-07 -1.227404920176784e-07 0)
(6.871103882417067e-07 -1.223037315741574e-07 0)
(7.169757779183373e-07 -1.22036678370484e-07 0)
(7.465386945425946e-07 -1.218377545287815e-07 0)
(7.758620520166824e-07 -1.216402788208306e-07 0)
(8.050023024578493e-07 -1.213876089110895e-07 0)
(8.340192027004007e-07 -1.210356720997597e-07 0)
(8.629740752343445e-07 -1.205611904831231e-07 0)
(8.918411439199405e-07 -1.19932085213988e-07 0)
(9.206739146997684e-07 -1.191035555447874e-07 0)
(9.494658308661289e-07 -1.1803674335438e-07 0)
(9.782188750428846e-07 -1.166415859614554e-07 0)
(1.0069841369012e-06 -1.148937647687861e-07 0)
(1.035718835355045e-06 -1.12700888846184e-07 0)
(4.408966844440859e-07 -1.596306284618198e-07 0)
(4.778676841997081e-07 -1.519468901005403e-07 0)
(5.131396407658402e-07 -1.468354021234965e-07 0)
(5.473996252064769e-07 -1.43121039066551e-07 0)
(5.805947948019822e-07 -1.405240379061183e-07 0)
(6.129335068470543e-07 -1.386828399642422e-07 0)
(6.445718230163785e-07 -1.373682421976692e-07 0)
(6.756596833641346e-07 -1.364260438345198e-07 0)
(7.062867646726968e-07 -1.357254089786469e-07 0)
(7.365300990209273e-07 -1.351554257158783e-07 0)
(7.664717246103982e-07 -1.346445655002577e-07 0)
(7.961737559338946e-07 -1.341278715208502e-07 0)
(8.256972835269568e-07 -1.335487573409707e-07 0)
(8.550954942506249e-07 -1.328707157101232e-07 0)
(8.843393071460826e-07 -1.320582626341187e-07 0)
(9.135159303916451e-07 -1.310480185468439e-07 0)
(9.425803646268784e-07 -1.298192869616556e-07 0)
(9.715948456737281e-07 -1.282623881091085e-07 0)
(1.000569390904637e-06 -1.263534563720648e-07 0)
(1.029466166441119e-06 -1.239457999619375e-07 0)
(4.284132054169061e-07 -1.77165637775992e-07 0)
(4.648238925353587e-07 -1.697208031314666e-07 0)
(5.001910017770044e-07 -1.642498321201463e-07 0)
(5.347903118602739e-07 -1.599881192095512e-07 0)
(5.68509463152898e-07 -1.567683293404461e-07 0)
(6.014408824468528e-07 -1.543218605872119e-07 0)
(6.337048807992632e-07 -1.524542581638098e-07 0)
(6.6538882971694e-07 -1.510129955324597e-07 0)
(6.965672167537338e-07 -1.498674058420794e-07 0)
(7.273216090302842e-07 -1.489098874969271e-07 0)
(7.577351144242953e-07 -1.480653043004391e-07 0)
(7.87863835117255e-07 -1.472604459365823e-07 0)
(8.177687807274295e-07 -1.464278764189936e-07 0)
(8.474971739570953e-07 -1.455224759065634e-07 0)
(8.770202755559475e-07 -1.44506380959997e-07 0)
(9.064457721902935e-07 -1.433031679971562e-07 0)
(9.357205972250559e-07 -1.419024076891846e-07 0)
(9.649260974844442e-07 -1.40190718647277e-07 0)
(9.940397133686994e-07 -1.381287730258146e-07 0)
(1.023061568167702e-06 -1.355440822620601e-07 0)
(4.181706886049615e-07 -1.941357636475188e-07 0)
(4.54004330821436e-07 -1.869856699433402e-07 0)
(4.891299535892365e-07 -1.813371783170857e-07 0)
(5.237534328289996e-07 -1.766985880057231e-07 0)
(5.57655102919613e-07 -1.729980983299651e-07 0)
(5.909106636906216e-07 -1.700468005719767e-07 0)
(6.235614707770314e-07 -1.676910337066189e-07 0)
(6.556502631156231e-07 -1.657892715877514e-07 0)
(6.872370496436814e-07 -1.642213864138129e-07 0)
(7.183946342523238e-07 -1.628886483966316e-07 0)
(7.491927056408453e-07 -1.617161571574993e-07 0)
(7.796741593899997e-07 -1.606242625521994e-07 0)
(8.099004408228701e-07 -1.595372543844354e-07 0)
(8.399141996844462e-07 -1.584054251321838e-07 0)
(8.696926615231916e-07 -1.571848554009065e-07 0)
(8.993422573949115e-07 -1.55796393241914e-07 0)
(9.288120144673069e-07 -1.542346884195058e-07 0)
(9.581955110097154e-07 -1.523819144488187e-07 0)
(9.874382147521369e-07 -1.501835259441631e-07 0)
(1.016607400375685e-06 -1.474847025010509e-07 0)
(4.096113549970312e-07 -2.103105398068442e-07 0)
(4.448903370184896e-07 -2.035426709473651e-07 0)
(4.796678274035622e-07 -1.979371551211225e-07 0)
(5.141276807457358e-07 -1.931220895176559e-07 0)
(5.48022453545985e-07 -1.891063181480335e-07 0)
(5.814065083097723e-07 -1.857759750389147e-07 0)
(6.142548279103191e-07 -1.830146579615945e-07 0)
(6.465917609140415e-07 -1.807092540658102e-07 0)
(6.784606252230652e-07 -1.787585418588572e-07 0)
(7.099176877143725e-07 -1.770759049436568e-07 0)
(7.410136176249652e-07 -1.755892845090657e-07 0)
(7.717745798635926e-07 -1.742157455465055e-07 0)
(8.022621692106031e-07 -1.728760643256938e-07 0)
(8.325116611784308e-07 -1.715219824455661e-07 0)
(8.625082551246028e-07 -1.701019203910686e-07 0)
(8.923580629338527e-07 -1.685391629360111e-07 0)
(9.219978048349626e-07 -1.668249443818011e-07 0)
(9.515318848716777e-07 -1.648392980830387e-07 0)
(9.809030714181647e-07 -1.62525662256966e-07 0)
(1.010223374589346e-06 -1.597824219033991e-07 0)
(4.022790147738018e-07 -2.259477911442354e-07 0)
(4.370565117153497e-07 -2.195458020446499e-07 0)
(4.714937313039109e-07 -2.140596855233611e-07 0)
(5.056875876304268e-07 -2.09186264873401e-07 0)
(5.39476640530341e-07 -2.049790533482284e-07 0)
(5.728511220781621e-07 -2.013738913918024e-07 0)
(6.057671518835695e-07 -1.982915416846191e-07 0)
(6.382394685199625e-07 -1.95653481889355e-07 0)
(6.702902313368399e-07 -1.933744217312464e-07 0)
(7.019563483750659e-07 -1.913812013304312e-07 0)
(7.332701747791236e-07 -1.896072339651658e-07 0)
(7.642421050765955e-07 -1.879699530940396e-07 0)
(7.949348911013755e-07 -1.863903418091462e-07 0)
(8.25373135604221e-07 -1.848247835429285e-07 0)
(8.55546233401011e-07 -1.832128046355749e-07 0)
(8.855580082287769e-07 -1.814916385091732e-07 0)
(9.153412762801959e-07 -1.796362376168071e-07 0)
(9.449994541108196e-07 -1.77533312217399e-07 0)
(9.74506310106631e-07 -1.751451771363077e-07 0)
(1.003950711502275e-06 -1.724057195656498e-07 0)
(3.959664056720216e-07 -2.411458230042802e-07 0)
(4.302978431007395e-07 -2.350872261855946e-07 0)
(4.643935008660803e-07 -2.297566489758901e-07 0)
(4.983023072009342e-07 -2.249020972156719e-07 0)
(5.319180515121232e-07 -2.205964762808398e-07 0)
(5.651909636243067e-07 -2.168011611700827e-07 0)
(5.98088179845104e-07 -2.134766420043781e-07 0)
(6.306095464192841e-07 -2.105740046821405e-07 0)
(6.627549241752104e-07 -2.080187880346901e-07 0)
(6.945456876274566e-07 -2.057539859025621e-07 0)
(7.260002867349222e-07 -2.03720761062562e-07 0)
(7.571160020014273e-07 -2.018398891465831e-07 0)
(7.879564132331745e-07 -2.000358534267281e-07 0)
(8.185328670798739e-07 -1.982746675536841e-07 0)
(8.488433119670251e-07 -1.964809532913506e-07 0)
(8.789771521246675e-07 -1.946116284939285e-07 0)
(9.08876035369969e-07 -1.926306417335315e-07 0)
(9.386439109673314e-07 -1.904376277477839e-07 0)
(9.682792719591352e-07 -1.880219102479042e-07 0)
(9.978089811471049e-07 -1.8528948813106e-07 0)
(3.905033315179247e-07 -2.559953401286325e-07 0)
(4.244619041796026e-07 -2.502418520210596e-07 0)
(4.582151800629167e-07 -2.450819512534277e-07 0)
(4.918458683218793e-07 -2.402932834295919e-07 0)
(5.252380569848846e-07 -2.359506581083195e-07 0)
(5.583565598704635e-07 -2.320315946068349e-07 0)
(5.911743301374672e-07 -2.285314671925308e-07 0)
(6.236732142367868e-07 -2.254218240332327e-07 0)
(6.558354648110436e-07 -2.226358873205129e-07 0)
(6.876749434525054e-07 -2.201360905346019e-07 0)
(7.192014508419622e-07 -2.178726343672266e-07 0)
(7.504030668240818e-07 -2.157708950813367e-07 0)
(7.813421901748575e-07 -2.137583299510181e-07 0)
(8.120133394500443e-07 -2.11815579727899e-07 0)
(8.424249151726563e-07 -2.098570600587772e-07 0)
(8.726531000343419e-07 -2.078529186838377e-07 0)
(9.026495255878403e-07 -2.057713228605154e-07 0)
(9.325230663141902e-07 -2.035242865715169e-07 0)
(9.622537579724488e-07 -2.011095928764798e-07 0)
(9.918595013891754e-07 -1.983777188501148e-07 0)
(3.857257156502158e-07 -2.705577652404518e-07 0)
(4.193466871866736e-07 -2.650752810043322e-07 0)
(4.527935730746038e-07 -2.600877200439657e-07 0)
(4.861477388020504e-07 -2.553870947921131e-07 0)
(5.193019982752442e-07 -2.510437334566509e-07 0)
(5.522471099487247e-07 -2.470495403755742e-07 0)
(5.849478267975403e-07 -2.43423591121167e-07 0)
(6.173742358532629e-07 -2.40152498062915e-07 0)
(6.494981668290715e-07 -2.371757646971339e-07 0)
(6.813327315658255e-07 -2.344757866461499e-07 0)
(7.128803945949487e-07 -2.320113861121709e-07 0)
(7.441236229267559e-07 -2.297142927236437e-07 0)
(7.751210636258721e-07 -2.275155706889433e-07 0)
(8.058535794491913e-07 -2.254077048720359e-07 0)
(8.363357535141003e-07 -2.233053369393505e-07 0)
(8.666384079345027e-07 -2.211936038863573e-07 0)
(8.967206912333895e-07 -2.190407965637996e-07 0)
(9.266853081144512e-07 -2.167708059317197e-07 0)
(9.564721050454459e-07 -2.14356651452906e-07 0)
(9.861648459927779e-07 -2.116628333394488e-07 0)
(3.815169914096908e-07 -2.848759115994464e-07 0)
(4.148168284270878e-07 -2.796449036926187e-07 0)
(4.479937200552819e-07 -2.748187847566041e-07 0)
(4.810783026372419e-07 -2.702102763530057e-07 0)
(5.140111263365503e-07 -2.658881582363947e-07 0)
(5.467814567825671e-07 -2.618524433892814e-07 0)
(5.793448584261393e-07 -2.581371732844289e-07 0)
(6.116696725537756e-07 -2.547423665596426e-07 0)
(6.437221856178411e-07 -2.516128453971349e-07 0)
(6.755183155172539e-07 -2.487461302477078e-07 0)
(7.070506068529477e-07 -2.461093903396453e-07 0)
(7.383002735541844e-07 -2.436407981149542e-07 0)
(7.693203699769002e-07 -2.412793661653968e-07 0)
(8.000859834132013e-07 -2.390265295050668e-07 0)
(8.306086383990347e-07 -2.368057804794487e-07 0)
(8.609739924779211e-07 -2.346059385206594e-07 0)
(8.911239743642293e-07 -2.32414222981684e-07 0)
(9.211370554469901e-07 -2.301370570278032e-07 0)
(9.509678388678375e-07 -2.277246273859829e-07 0)
(9.80726326893955e-07 -2.251315759851997e-07 0)
(3.777700009828419e-07 -2.989904860880015e-07 0)
(4.107841557167992e-07 -2.939908546194196e-07 0)
(4.437079994936473e-07 -2.893089103519186e-07 0)
(4.765543286990484e-07 -2.847924930067462e-07 0)
(5.092916416774789e-07 -2.805081271707799e-07 0)
(5.418908495994518e-07 -2.764549577893936e-07 0)
(5.743077812541226e-07 -2.726793483719278e-07 0)
(6.065156127108709e-07 -2.691913458523571e-07 0)
(6.384768355317051e-07 -2.659426043172147e-07 0)
(6.702123374412929e-07 -2.62935261862245e-07 0)
(7.017024223740238e-07 -2.601491305653897e-07 0)
(7.32930765677452e-07 -2.575284114809249e-07 0)
(7.639468313955878e-07 -2.55022919522019e-07 0)
(7.947253501855814e-07 -2.526446678638659e-07 0)
(8.252792128667119e-07 -2.503259547606469e-07 0)
(8.556789863656257e-07 -2.480640439657358e-07 0)
(8.858605253541212e-07 -2.458475689156582e-07 0)
(9.158954441985817e-07 -2.435592082040035e-07 0)
(9.457818200557048e-07 -2.411844524600835e-07 0)
(9.755642074110743e-07 -2.387047260899726e-07 0)
(3.744180110674297e-07 -3.129387684447853e-07 0)
(4.071822859955613e-07 -3.08139480101807e-07 0)
(4.398746779817096e-07 -3.0359116554066e-07 0)
(4.725228841892549e-07 -2.991697969480236e-07 0)
(5.050811547825196e-07 -2.949321730525472e-07 0)
(5.375109964600349e-07 -2.908774156523135e-07 0)
(5.69777892998909e-07 -2.870618022929362e-07 0)
(6.018618442143582e-07 -2.834988701305753e-07 0)
(6.337232422791275e-07 -2.801549203397234e-07 0)
(6.65386593011195e-07 -2.770228102971071e-07 0)
(6.968231878054444e-07 -2.741018231814694e-07 0)
(7.280187939603879e-07 -2.713449695899351e-07 0)
(7.590207784584724e-07 -2.687146251961018e-07 0)
(7.898036977982863e-07 -2.662356475812446e-07 0)
(8.203748220136464e-07 -2.638465926206587e-07 0)
(8.5079320852257e-07 -2.61544272379127e-07 0)
(8.809862978371882e-07 -2.592986950671577e-07 0)
(9.110351198251336e-07 -2.570115908826734e-07 0)
(9.409554718593106e-07 -2.547270638419037e-07 0)
(9.707551881399963e-07 -2.523371201162863e-07 0)
(3.714476534000874e-07 -3.267418379850862e-07 0)
(4.039840186532159e-07 -3.221172464482669e-07 0)
(4.364784168021492e-07 -3.177016350102331e-07 0)
(4.689450748425391e-07 -3.133739646475358e-07 0)
(5.013252472853033e-07 -3.091837105379769e-07 0)
(5.33589417225564e-07 -3.05127979605512e-07 0)
(5.657139037894599e-07 -3.012829476648299e-07 0)
(5.97679983369454e-07 -2.9765406604273e-07 0)
(6.294512085078209e-07 -2.942329672765131e-07 0)
(6.610441269041557e-07 -2.909977177049752e-07 0)
(6.924284458542422e-07 -2.87966388004481e-07 0)
(7.235876316766925e-07 -2.851004922279347e-07 0)
(7.545671600421967e-07 -2.823712017998917e-07 0)
(7.853413218134765e-07 -2.798133967747277e-07 0)
(8.159093173549973e-07 -2.773668085467271e-07 0)
(8.463207018707899e-07 -2.750225672904619e-07 0)
(8.764990878151822e-07 -2.727552125950916e-07 0)
(9.065650432215704e-07 -2.704996918030095e-07 0)
(9.364648031502658e-07 -2.683081969869672e-07 0)
(9.662846525461996e-07 -2.660421115888084e-07 0)
(3.68831523880138e-07 -3.404168539447716e-07 0)
(4.011686967534906e-07 -3.359633455227326e-07 0)
(4.334863473591265e-07 -3.316691081729793e-07 0)
(4.657682764096323e-07 -3.274194021736153e-07 0)
(4.979763726599311e-07 -3.23266861584085e-07 0)
(5.300913247116883e-07 -3.192151445145092e-07 0)
(5.620976420247652e-07 -3.153582489359254e-07 0)
(5.939568586702832e-07 -3.116868857440334e-07 0)
(6.256451595766448e-07 -3.082047852127725e-07 0)
(6.571603052482723e-07 -3.048842657462529e-07 0)
(6.884833000209879e-07 -3.017525254440247e-07 0)
(7.196004688622241e-07 -2.987842225329676e-07 0)
(7.505545261096652e-07 -2.959635416948611e-07 0)
(7.813128685042902e-07 -2.933322703239882e-07 0)
(8.118624872225835e-07 -2.908248938793359e-07 0)
(8.422487716640673e-07 -2.884356986218262e-07 0)
(8.724079197087443e-07 -2.861591964003365e-07 0)
(9.024678347409474e-07 -2.839643993585503e-07 0)
(9.32346889881847e-07 -2.818311734284152e-07 0)
(9.621590423171068e-07 -2.797402987917644e-07 0)
(3.665181723762089e-07 -3.540000811281893e-07 0)
(3.986803692874763e-07 -3.497093917596283e-07 0)
(4.308200158256054e-07 -3.455062328587558e-07 0)
(4.629261867117089e-07 -3.41316680663541e-07 0)
(4.949884433212731e-07 -3.3719960047737e-07 0)
(5.269743867057123e-07 -3.331709499806935e-07 0)
(5.588764102756314e-07 -3.293069159090608e-07 0)
(5.906332710346664e-07 -3.256020396611088e-07 0)
(6.222438490180599e-07 -3.220459214800355e-07 0)
(6.536980832782693e-07 -3.18642409892103e-07 0)
(6.849778250888915e-07 -3.154324455791194e-07 0)
(7.160683324889326e-07 -3.123894258944252e-07 0)
(7.470065424052284e-07 -3.09497626099459e-07 0)
(7.777464051969522e-07 -3.067995288559409e-07 0)
(8.082651758468483e-07 -3.042303855880635e-07 0)
(8.386202826687932e-07 -3.018020574559871e-07 0)
(8.687744362413541e-07 -2.995343976236977e-07 0)
(8.987990604768095e-07 -2.973942392067767e-07 0)
(9.286783104445672e-07 -2.95346054942002e-07 0)
(9.584628318256062e-07 -2.934102021603544e-07 0)
(3.644375395136454e-07 -3.675321282858914e-07 0)
(3.964319206387044e-07 -3.633527151937239e-07 0)
(4.284065683638744e-07 -3.59218119397419e-07 0)
(4.603673459717409e-07 -3.55090282375117e-07 0)
(4.923122105465173e-07 -3.510117158802385e-07 0)
(5.241932671573385e-07 -3.470083483124905e-07 0)
(5.560061929187479e-07 -3.431259810285422e-07 0)
(5.876891399594185e-07 -3.394001210574946e-07 0)
(6.192265298306045e-07 -3.35795451316256e-07 0)
(6.506265362458378e-07 -3.323238280340234e-07 0)
(6.818752209763951e-07 -3.290417083653412e-07 0)
(7.129461332706415e-07 -3.259270187514668e-07 0)
(7.438602072760051e-07 -3.229611470736415e-07 0)
(7.745670937135964e-07 -3.201839242901482e-07 0)
(8.050569479490504e-07 -3.175494163577921e-07 0)
(8.354021688955209e-07 -3.150983333803496e-07 0)
(8.655504602119034e-07 -3.128528697532719e-07 0)
(8.955421273814201e-07 -3.107220082839653e-07 0)
(9.253876607234971e-07 -3.087862512497598e-07 0)
(9.551545190451293e-07 -3.070249431448584e-07 0)
(3.625125332363576e-07 -3.810006117249532e-07 0)
(3.943659944319325e-07 -3.76919485130766e-07 0)
(4.262106487694054e-07 -3.728455154075931e-07 0)
(4.580551222217157e-07 -3.687752979657388e-07 0)
(4.899001819771607e-07 -3.647238704252272e-07 0)
(5.217050354750088e-07 -3.607307733647251e-07 0)
(5.53429997072708e-07 -3.568421803510933e-07 0)
(5.850459574664162e-07 -3.53081310401994e-07 0)
(6.165348178904235e-07 -3.49427216223169e-07 0)
(6.479118267251841e-07 -3.459045430487336e-07 0)
(6.791482838430742e-07 -3.425653390262893e-07 0)
(7.10201458029614e-07 -3.39375106909189e-07 0)
(7.410903744680182e-07 -3.363212774123894e-07 0)
(7.717769414293763e-07 -3.334721058313555e-07 0)
(8.022694595365261e-07 -3.308012073442287e-07 0)
(8.326380836293275e-07 -3.283249444433602e-07 0)
(8.627650910967941e-07 -3.260484165464725e-07 0)
(8.927349208224313e-07 -3.239383906997553e-07 0)
(9.225208707476989e-07 -3.221256059661745e-07 0)
(9.523119618694351e-07 -3.205378140570861e-07 0)
(3.607489551002315e-07 -3.944150853251167e-07 0)
(3.92455085120636e-07 -3.904416843388647e-07 0)
(4.241953726741221e-07 -3.864101078252474e-07 0)
(4.559652246103018e-07 -3.823751127023829e-07 0)
(4.877340357687156e-07 -3.783707828650875e-07 0)
(5.194611669174804e-07 -3.743776598103733e-07 0)
(5.511220560536944e-07 -3.704680385769088e-07 0)
(5.826934245098838e-07 -3.666808610404307e-07 0)
(6.141637434180269e-07 -3.629965608040041e-07 0)
(6.455362383567641e-07 -3.594227702562632e-07 0)
(6.767573838930792e-07 -3.560093793414138e-07 0)
(7.077830057925023e-07 -3.527474542835872e-07 0)
(7.386694422500053e-07 -3.496330119384737e-07 0)
(7.694000049070125e-07 -3.467157776811789e-07 0)
(7.999341850880188e-07 -3.439781798920956e-07 0)
(8.302782527675835e-07 -3.414671893909849e-07 0)
(8.603706350458146e-07 -3.391559088580935e-07 0)
(8.904022148300658e-07 -3.370794342853051e-07 0)
(9.202199179408951e-07 -3.353551173406429e-07 0)
(9.499067214978698e-07 -3.339643198289743e-07 0)
(3.590687762939953e-07 -4.078564266943693e-07 0)
(3.906583676831794e-07 -4.039322587716278e-07 0)
(4.223392908071006e-07 -3.999354005761381e-07 0)
(4.540471582198246e-07 -3.959361343962654e-07 0)
(4.857393180373207e-07 -3.919268713954864e-07 0)
(5.173951500698093e-07 -3.879386007059023e-07 0)
(5.490244868561783e-07 -3.840181875896041e-07 0)
(5.805972470641776e-07 -3.801963600479579e-07 0)
(6.120630020234953e-07 -3.764627489516831e-07 0)
(6.4340242253828e-07 -3.728383278151267e-07 0)
(6.746100124100575e-07 -3.693683584698562e-07 0)
(7.056888851936455e-07 -3.660288099705733e-07 0)
(7.366399857349404e-07 -3.628383095658062e-07 0)
(7.67370986255896e-07 -3.598779838093977e-07 0)
(7.979131105422268e-07 -3.570735082070512e-07 0)
(8.283435734680202e-07 -3.544661052572043e-07 0)
(8.585366576509423e-07 -3.52142382127783e-07 0)
(8.885579554272521e-07 -3.50083489124978e-07 0)
(9.184261372210048e-07 -3.483877544293317e-07 0)
(9.481089792518809e-07 -3.471734508279074e-07 0)
(3.574835363509641e-07 -4.212523039566138e-07 0)
(3.890056194658068e-07 -4.174058740340218e-07 0)
(4.206211179358005e-07 -4.134512115875126e-07 0)
(4.522531467702839e-07 -4.094617193882722e-07 0)
(4.838956652126706e-07 -4.054482971199827e-07 0)
(5.155476550497065e-07 -4.014412965550025e-07 0)
(5.471755578247904e-07 -3.975058576135473e-07 0)
(5.787183541850358e-07 -3.936672397046416e-07 0)
(6.101669891357216e-07 -3.898870949512344e-07 0)
(6.415559312885665e-07 -3.861872657422111e-07 0)
(6.728308218701416e-07 -3.826653032074855e-07 0)
(7.039217592082863e-07 -3.792972392484548e-07 0)
(7.349011322193558e-07 -3.760255002672745e-07 0)
(7.657383328732721e-07 -3.729671238324673e-07 0)
(7.963557458395695e-07 -3.701270897764312e-07 0)
(8.268445607974151e-07 -3.67456925201478e-07 0)
(8.571799193563892e-07 -3.65093599604851e-07 0)
(8.872901427617198e-07 -3.629661983694738e-07 0)
(9.172761923658931e-07 -3.612642349049062e-07 0)
(9.46977817061892e-07 -3.601050903614107e-07 0)
(2.126788537506595e-08 -2.737491473273495e-07 0)
(6.39005157864782e-08 -2.70292828570457e-07 0)
(1.067070038516543e-07 -2.633987835531409e-07 0)
(1.498330659175688e-07 -2.535105017839836e-07 0)
(1.932728054493457e-07 -2.409195707424156e-07 0)
(2.370099271492632e-07 -2.261540008065219e-07 0)
(2.810075173601105e-07 -2.097817433388289e-07 0)
(3.251378115446752e-07 -1.922777498163814e-07 0)
(3.69758817585482e-07 -1.740796901588215e-07 0)
(4.140318980373214e-07 -1.553108080943178e-07 0)
(2.097329517460729e-08 -2.818208580915022e-07 0)
(6.300715251075541e-08 -2.786690028153116e-07 0)
(1.051093333214171e-07 -2.72357080676374e-07 0)
(1.474017334118289e-07 -2.633106751799871e-07 0)
(1.898454120280796e-07 -2.517452178305839e-07 0)
(2.323617782579717e-07 -2.381105956482615e-07 0)
(2.749231355478451e-07 -2.228812254573441e-07 0)
(3.17243123444043e-07 -2.065332169567062e-07 0)
(3.595935248476891e-07 -1.894040899972554e-07 0)
(4.007471975020325e-07 -1.724501947165176e-07 0)
(2.061971090156212e-08 -2.900901394873819e-07 0)
(6.193894820639725e-08 -2.87223424371117e-07 0)
(1.032711162964165e-07 -2.814256111514079e-07 0)
(1.446596425788717e-07 -2.731050177378877e-07 0)
(1.861080242270124e-07 -2.624551194395636e-07 0)
(2.274755741873958e-07 -2.498592948185073e-07 0)
(2.687493364406977e-07 -2.357399965841092e-07 0)
(3.096839636271251e-07 -2.205391440871443e-07 0)
(3.504690091414486e-07 -2.045272371527579e-07 0)
(3.900971388807484e-07 -1.889260203880937e-07 0)
(2.029112314414975e-08 -2.98506211045114e-07 0)
(6.092278887504398e-08 -2.958583905796292e-07 0)
(1.015841851636792e-07 -2.904920354671286e-07 0)
(1.42198079263304e-07 -2.827888805385738e-07 0)
(1.828121888182771e-07 -2.729240665432142e-07 0)
(2.232546725967019e-07 -2.612144294508593e-07 0)
(2.635048722735744e-07 -2.480883393018211e-07 0)
(3.033341603215076e-07 -2.339631455499971e-07 0)
(3.428048366546067e-07 -2.191152483530678e-07 0)
(3.811760369173995e-07 -2.047709570381389e-07 0)
(2.000589893214204e-08 -3.070633346117799e-07 0)
(5.997485835613538e-08 -3.046319722403787e-07 0)
(9.999259274003838e-08 -2.996657998869088e-07 0)
(1.3989983257433e-07 -2.925243431441587e-07 0)
(1.79754171865139e-07 -2.833685920487545e-07 0)
(2.193866652851701e-07 -2.725141336053936e-07 0)
(2.587649320487854e-07 -2.60346556585564e-07 0)
(2.977051579313186e-07 -2.472126766352043e-07 0)
(3.361545876078751e-07 -2.334227908854621e-07 0)
(3.735689504780691e-07 -2.201151031910334e-07 0)
(1.97220522529943e-08 -3.157608558664311e-07 0)
(5.910503394384895e-08 -3.135023618448308e-07 0)
(9.850994076479349e-08 -3.088962571757156e-07 0)
(1.377922998705341e-07 -3.022783630148568e-07 0)
(1.769744807953082e-07 -2.937737196993393e-07 0)
(2.159393607727054e-07 -2.836989482523551e-07 0)
(2.545643917872031e-07 -2.724071202072542e-07 0)
(2.927366078946282e-07 -2.60199133208485e-07 0)
(3.303461007042036e-07 -2.47401329328837e-07 0)
(3.669698282347881e-07 -2.350507304675282e-07 0)
(1.943682638759296e-08 -3.245858734495389e-07 0)
(5.828806550657808e-08 -3.224874628482578e-07 0)
(9.711960791614253e-08 -3.182249284838263e-07 0)
(1.358497244244487e-07 -3.120753272067182e-07 0)
(1.744177930244835e-07 -3.041770008023587e-07 0)
(2.127862416607974e-07 -2.94825185359878e-07 0)
(2.507942353833456e-07 -2.843452105448554e-07 0)
(2.883207610863072e-07 -2.730074831756582e-07 0)
(3.25247466257968e-07 -2.611284084806342e-07 0)
(3.612352151033505e-07 -2.496431040631275e-07 0)
(1.919796734019019e-08 -3.335235685512168e-07 0)
(5.753005246882019e-08 -3.315780886273814e-07 0)
(9.582812557807491e-08 -3.276366749863571e-07 0)
(1.340552904781571e-07 -3.219174771096486e-07 0)
(1.72090909952769e-07 -3.145911361571582e-07 0)
(2.09912004533679e-07 -3.059079200493751e-07 0)
(2.473802581438222e-07 -2.96190986086365e-07 0)
(2.843725781360993e-07 -2.856735383624932e-07 0)
(3.207502321967894e-07 -2.746484373369538e-07 0)
(3.562361090130874e-07 -2.639517282606036e-07 0)
(1.898839464282143e-08 -3.425768168929938e-07 0)
(5.682318808015164e-08 -3.407717794046462e-07 0)
(9.464194787129511e-08 -3.371230626478331e-07 0)
(1.32395628707292e-07 -3.318154954970814e-07 0)
(1.699549780067061e-07 -3.250380880981691e-07 0)
(2.073081178189533e-07 -3.169755050199663e-07 0)
(2.442932832734644e-07 -3.079689292893843e-07 0)
(2.808214762467831e-07 -2.982218905086623e-07 0)
(3.167479388287235e-07 -2.879946027414551e-07 0)
(3.518388921223888e-07 -2.780283169422365e-07 0)
(1.876347039847148e-08 -3.517547885100005e-07 0)
(5.615731355292604e-08 -3.500715373070021e-07 0)
(9.354741366422893e-08 -3.466950849685395e-07 0)
(1.308696189878257e-07 -3.417790419505749e-07 0)
(1.679818655943519e-07 -3.35518425403028e-07 0)
(2.049251948076687e-07 -3.280387363843079e-07 0)
(2.414866521568881e-07 -3.196912583832298e-07 0)
(2.776081046925409e-07 -3.1066650633299e-07 0)
(3.131565278427656e-07 -3.011885776333702e-07 0)
(3.479250548584966e-07 -2.919089924662571e-07 0)
(1.853184516046429e-08 -3.610475365669256e-07 0)
(5.555221484153923e-08 -3.594771215824246e-07 0)
(9.253599417013588e-08 -3.5636225623604e-07 0)
(1.294649599774299e-07 -3.518133619519184e-07 0)
(1.661643744428319e-07 -3.46028648866061e-07 0)
(2.027253118850599e-07 -3.391010016366162e-07 0)
(2.389180452714085e-07 -3.313711299272701e-07 0)
(2.746885491584988e-07 -3.230260470621513e-07 0)
(3.099157398747874e-07 -3.142499670393485e-07 0)
(3.444134831674182e-07 -3.056167310311799e-07 0)
(1.832953561177291e-08 -3.704473128531353e-07 0)
(5.501685200092175e-08 -3.689916224897765e-07 0)
(9.160430617087958e-08 -3.6612708372767e-07 0)
(1.281655319425591e-07 -3.619198297845622e-07 0)
(1.644987295831319e-07 -3.565731755309239e-07 0)
(2.006962817644206e-07 -3.501705351273841e-07 0)
(2.365633692423019e-07 -3.430252952352426e-07 0)
(2.720298084887682e-07 -3.353162285297884e-07 0)
(3.069830038581803e-07 -3.271926754441651e-07 0)
(3.412719817298704e-07 -3.191677396199431e-07 0)
(1.816268506446858e-08 -3.79962043447003e-07 0)
(5.452076632330188e-08 -3.786207827677162e-07 0)
(9.073247407351893e-08 -3.75988139106891e-07 0)
(1.269440806697131e-07 -3.720992345957169e-07 0)
(1.629546344042129e-07 -3.67161282737132e-07 0)
(1.988155095481663e-07 -3.612567097624192e-07 0)
(2.343900265680213e-07 -3.546635153744722e-07 0)
(2.695933694923158e-07 -3.475428420767598e-07 0)
(3.043307258912476e-07 -3.400328200243967e-07 0)
(3.384898448363966e-07 -3.325922527361972e-07 0)
(1.800421258939129e-08 -3.896041500207845e-07 0)
(5.402002374683164e-08 -3.883687463338114e-07 0)
(8.989018427316149e-08 -3.859458455349813e-07 0)
(1.257691478473592e-07 -3.823562167371422e-07 0)
(1.614859834239225e-07 -3.778021782113193e-07 0)
(1.970474499325264e-07 -3.723652409026553e-07 0)
(2.323617252576915e-07 -3.662903565711723e-07 0)
(2.673474713647165e-07 -3.597246946835164e-07 0)
(3.019344609697798e-07 -3.528135741123644e-07 0)
(3.360182792913996e-07 -3.459387869311198e-07 0)
(1.783223245094699e-08 -3.993774515275188e-07 0)
(5.350064358895785e-08 -3.982362727200087e-07 0)
(8.90650621144105e-08 -3.960040277733198e-07 0)
(1.246308280504741e-07 -3.92699330706721e-07 0)
(1.60069715719442e-07 -3.885119475491609e-07 0)
(1.953620819116773e-07 -3.83518275323286e-07 0)
(2.304450453925801e-07 -3.779249332429624e-07 0)
(2.652654996781978e-07 -3.718857437619162e-07 0)
(2.997452204883197e-07 -3.655558971793037e-07 0)
(3.337877319759837e-07 -3.592114361249742e-07 0)
(1.765191795534132e-08 -4.092765227956749e-07 0)
(5.298529907654211e-08 -4.082239698791834e-07 0)
(8.826524202571901e-08 -4.061743013362829e-07 0)
(1.235257314960457e-07 -4.031445328678836e-07 0)
(1.586906318865323e-07 -3.992896016678585e-07 0)
(1.937367418613558e-07 -3.946967307659191e-07 0)
(2.28625823509793e-07 -3.895641157777682e-07 0)
(2.633306301856289e-07 -3.8404674961289e-07 0)
(2.977263974809634e-07 -3.782679329911463e-07 0)
(3.31770619208322e-07 -3.724353691154641e-07 0)
(1.748125801637931e-08 -4.192950030847971e-07 0)
(5.249370853496763e-08 -4.183350885524038e-07 0)
(8.748320545133474e-08 -4.164542520675471e-07 0)
(1.224408056116228e-07 -4.136742322119791e-07 0)
(1.573426976758001e-07 -4.101433831883865e-07 0)
(1.921665650599851e-07 -4.059357284970165e-07 0)
(2.268958974771521e-07 -4.012505507283417e-07 0)
(2.614902864042005e-07 -3.96242140994896e-07 0)
(2.958287287027665e-07 -3.909649165003122e-07 0)
(3.298825894468005e-07 -3.856345790911726e-07 0)
(1.732283868935062e-08 -4.294362813484205e-07 0)
(5.201175101683489e-08 -4.285623349733312e-07 0)
(8.669411867987191e-08 -4.26837874479689e-07 0)
(1.213520955451756e-07 -4.242958465346418e-07 0)
(1.559984898298429e-07 -4.210576194583884e-07 0)
(1.906242437936961e-07 -4.172170813526043e-07 0)
(2.252132360076337e-07 -4.129609425832326e-07 0)
(2.596941436821479e-07 -4.084234027292337e-07 0)
(2.940141298620426e-07 -4.036444082962095e-07 0)
(3.281053848165294e-07 -3.987842048555373e-07 0)
(1.716590404977396e-08 -4.396845875817419e-07 0)
(5.151390436329423e-08 -4.388949596215847e-07 0)
(8.587302164725428e-08 -4.373194231407517e-07 0)
(1.202459505781016e-07 -4.349973225182892e-07 0)
(1.546482212483374e-07 -4.320515188125719e-07 0)
(1.890910418189459e-07 -4.285732447178282e-07 0)
(2.235463680125018e-07 -4.24733206913009e-07 0)
(2.579511756061165e-07 -4.206314692154342e-07 0)
(2.922347698974925e-07 -4.16348808315559e-07 0)
(3.264005022966668e-07 -4.119546625054238e-07 0)
(1.700015013847871e-08 -4.500505715489897e-07 0)
(5.09991198933291e-08 -4.493273855726527e-07 0)
(8.502327169727166e-08 -4.479023574878713e-07 0)
(1.191137323206893e-07 -4.457947795928822e-07 0)
(1.53300060043106e-07 -4.431211707133904e-07 0)
(1.875850100514999e-07 -4.399904533093168e-07 0)
(2.21910676389507e-07 -4.365394020484199e-07 0)
(2.562803832466769e-07 -4.328580543922809e-07 0)
(2.905610604942745e-07 -4.290386050305635e-07 0)
(3.248631607721081e-07 -4.25090623716218e-07 0)
)


// ************************************************************************* //
