/*--------------------------------*- C++ -*----------------------------------*\
| =========                 |                                                 |
| \\      /  F ield         | foam-extend: Open Source CFD                    |
|  \\    /   O peration     | Version:     4.1                                |
|   \\  /    A nd           | Web:         http://www.foam-extend.org         |
|    \\/     M anipulation  |                                                 |
\*---------------------------------------------------------------------------*/
FoamFile
{
    version     2.0;
    format      ascii;
    class       vectorField;
    location    "1";
    object      solidsCellD_iteration18;
}
// * * * * * * * * * * * * * * * * * * * * * * * * * * * * * * * * * * * * * //


1000
(
(4.710577771012566e-07 -1.672028791473706e-07 0)
(4.473647130370313e-07 -1.570255841290316e-07 0)
(4.327704321970966e-07 -1.511855151874657e-07 0)
(4.248882586797948e-07 -1.493620212475216e-07 0)
(4.218029995385675e-07 -1.49943614222054e-07 0)
(4.221696792358996e-07 -1.52318678987122e-07 0)
(4.251658794517094e-07 -1.559217034778676e-07 0)
(4.299748007842896e-07 -1.604649227273985e-07 0)
(4.364508862264244e-07 -1.656215593437073e-07 0)
(4.435853416786903e-07 -1.71088748758913e-07 0)
(4.262738285541008e-07 -1.828294362764812e-07 0)
(4.011238910528821e-07 -1.76499807981196e-07 0)
(3.855410670747917e-07 -1.731267704612323e-07 0)
(3.768679112789016e-07 -1.72970931640229e-07 0)
(3.730944465610218e-07 -1.746817363945573e-07 0)
(3.728213059910054e-07 -1.778496513767338e-07 0)
(3.751492142502373e-07 -1.819791929362785e-07 0)
(3.792976168291689e-07 -1.869464823404984e-07 0)
(3.850607040842711e-07 -1.923194674538372e-07 0)
(3.914559998409223e-07 -1.982069646281952e-07 0)
(3.796738757063526e-07 -1.976465343313584e-07 0)
(3.539982678548701e-07 -1.956042637226452e-07 0)
(3.380218317289431e-07 -1.949775363573167e-07 0)
(3.289786956113883e-07 -1.966392946522586e-07 0)
(3.248066810633865e-07 -1.995572068194871e-07 0)
(3.240971045313798e-07 -2.035378127565225e-07 0)
(3.259345171653598e-07 -2.082142655444761e-07 0)
(3.295752111118892e-07 -2.135585329295279e-07 0)
(3.347726948569715e-07 -2.191713386978535e-07 0)
(3.407133841473865e-07 -2.251910243006424e-07 0)
(3.315346349879837e-07 -2.11352300739008e-07 0)
(3.064550673619049e-07 -2.137518118581997e-07 0)
(2.907864001089336e-07 -2.159969723644904e-07 0)
(2.818038047310313e-07 -2.195436658855024e-07 0)
(2.775153419763363e-07 -2.236877535529859e-07 0)
(2.765285886981339e-07 -2.284737614963668e-07 0)
(2.77937210655735e-07 -2.336762142356114e-07 0)
(2.811185668221085e-07 -2.393697589159131e-07 0)
(2.857519094836323e-07 -2.4521865244202e-07 0)
(2.911739661759593e-07 -2.514129014505683e-07 0)
(2.822876903199623e-07 -2.236623712093313e-07 0)
(2.587935904558789e-07 -2.304635409325986e-07 0)
(2.441045018260083e-07 -2.355243654227687e-07 0)
(2.356418741651161e-07 -2.409128457408191e-07 0)
(2.314956198941691e-07 -2.462549845835516e-07 0)
(2.303653804541402e-07 -2.518442081153072e-07 0)
(2.314432177697812e-07 -2.575828538657502e-07 0)
(2.341808007230344e-07 -2.636215748851016e-07 0)
(2.382384439965076e-07 -2.697328982071952e-07 0)
(2.430259962599792e-07 -2.760916619051448e-07 0)
(2.320475392564795e-07 -2.343861956490013e-07 0)
(2.112413424252222e-07 -2.452988787702107e-07 0)
(1.982162673725084e-07 -2.529909071687233e-07 0)
(1.906452829420692e-07 -2.600990914485944e-07 0)
(1.868632725646092e-07 -2.665622368416777e-07 0)
(1.857307451238619e-07 -2.728835276666341e-07 0)
(1.865539291097786e-07 -2.791148560747889e-07 0)
(1.888342954898013e-07 -2.854674270413152e-07 0)
(1.922449605094316e-07 -2.918457738161441e-07 0)
(1.962883555408765e-07 -2.98403646814381e-07 0)
(1.811732244556078e-07 -2.432317170396256e-07 0)
(1.639304397993986e-07 -2.577313899204622e-07 0)
(1.531113242698993e-07 -2.677422504582452e-07 0)
(1.467949820478854e-07 -2.763807378232342e-07 0)
(1.436140231128139e-07 -2.838231893846533e-07 0)
(1.426185817948956e-07 -2.90785614367147e-07 0)
(1.432283359783916e-07 -2.974494521676459e-07 0)
(1.450182979754607e-07 -3.040822448238938e-07 0)
(1.477168296762433e-07 -3.106946174524643e-07 0)
(1.509286494506213e-07 -3.174211011007181e-07 0)
(1.2976349434517e-07 -2.500599537725171e-07 0)
(1.16848527136729e-07 -2.674476641701228e-07 0)
(1.087440792868308e-07 -2.792995948835215e-07 0)
(1.040142032139557e-07 -2.89149130134028e-07 0)
(1.016259694075028e-07 -2.973804710026635e-07 0)
(1.008496549140897e-07 -3.048724305563311e-07 0)
(1.012515308648234e-07 -3.119067400517535e-07 0)
(1.025257501399588e-07 -3.187745528789064e-07 0)
(1.044780326928822e-07 -3.2558755699225e-07 0)
(1.068107288729507e-07 -3.324641526258328e-07 0)
(7.800342967856063e-08 -2.547051918672344e-07 0)
(7.000831678933015e-08 -2.740923035864306e-07 0)
(6.50177875282935e-08 -2.872208462529101e-07 0)
(6.208146699341397e-08 -2.979362930762752e-07 0)
(6.057051386766991e-08 -3.067180134308534e-07 0)
(6.005987633077925e-08 -3.145708588555939e-07 0)
(6.030163614013748e-08 -3.218757136139398e-07 0)
(6.108768092108732e-08 -3.289355870542273e-07 0)
(6.226902935133144e-08 -3.358986613701743e-07 0)
(6.367724751972326e-08 -3.428869803470205e-07 0)
(2.605377716299371e-08 -2.570520705402969e-07 0)
(2.335788443307114e-08 -2.774979267778633e-07 0)
(2.163636061723185e-08 -2.91264430655581e-07 0)
(2.063008672855493e-08 -3.024025599591304e-07 0)
(2.013976634709204e-08 -3.114712342364236e-07 0)
(1.997080212752661e-08 -3.195178104032299e-07 0)
(2.002503061674002e-08 -3.26929798914335e-07 0)
(2.02783352680916e-08 -3.340675018867643e-07 0)
(2.06835803207419e-08 -3.411170316788967e-07 0)
(2.115399704637402e-08 -3.481745721725898e-07 0)
(7.295440117766951e-07 -7.540094506804982e-09 0)
(7.35114221696457e-07 -5.420625512838223e-09 0)
(7.392183584709888e-07 -4.113481963690991e-09 0)
(7.438511434498579e-07 -3.389023853343809e-09 0)
(7.493441008094389e-07 -3.022828185373878e-09 0)
(7.560196130822048e-07 -2.90721844707094e-09 0)
(7.63964546434905e-07 -3.003154495313902e-09 0)
(7.731444293712115e-07 -3.199630243489784e-09 0)
(7.835439762357721e-07 -3.46141120732435e-09 0)
(7.95036863072562e-07 -3.797587470834437e-09 0)
(7.24283618091099e-07 -2.267112470508155e-08 0)
(7.28879369765399e-07 -1.643750037842186e-08 0)
(7.323754944826103e-07 -1.254526112168768e-08 0)
(7.365993624086177e-07 -1.041123889139752e-08 0)
(7.418025157823827e-07 -9.432200829054219e-09 0)
(7.482739801067098e-07 -9.135869245677409e-09 0)
(7.560711277400609e-07 -9.3538858209373e-09 0)
(7.651302625409815e-07 -9.952258533371712e-09 0)
(7.754179212733873e-07 -1.080150734337802e-08 0)
(7.868244846742731e-07 -1.178797568643333e-08 0)
(7.137773999141036e-07 -3.790414962277703e-08 0)
(7.165184002126993e-07 -2.793638436373613e-08 0)
(7.188258239046177e-07 -2.174697556843599e-08 0)
(7.222830146780704e-07 -1.828808137283742e-08 0)
(7.269621677272942e-07 -1.667149743837273e-08 0)
(7.3307090957133e-07 -1.626057472633483e-08 0)
(7.405675386749571e-07 -1.668545953622562e-08 0)
(7.494298243474106e-07 -1.766864688510923e-08 0)
(7.594852535368686e-07 -1.907618287040336e-08 0)
(7.707131446933788e-07 -2.07162112137988e-08 0)
(6.98185302251125e-07 -5.337363325051839e-08 0)
(6.982918377161097e-07 -4.019373320716809e-08 0)
(6.988937266472781e-07 -3.208158271147583e-08 0)
(7.012405673303464e-07 -2.758738157943821e-08 0)
(7.051770638154777e-07 -2.548659199989923e-08 0)
(7.107947060881577e-07 -2.497406696447529e-08 0)
(7.178849824013742e-07 -2.559766754823224e-08 0)
(7.264457459304866e-07 -2.695818289257521e-08 0)
(7.361833404552802e-07 -2.887538498586629e-08 0)
(7.471629613017545e-07 -3.113099412820061e-08 0)
(6.777190805933097e-07 -6.911053524044537e-08 0)
(6.745830400489157e-07 -5.343431945240953e-08 0)
(6.730873966128021e-07 -4.384963702015454e-08 0)
(6.74057599383347e-07 -3.861391351367845e-08 0)
(6.770704953551719e-07 -3.622491248338158e-08 0)
(6.820462905963001e-07 -3.571874351787239e-08 0)
(6.886490619925443e-07 -3.656064313359033e-08 0)
(6.968355972076764e-07 -3.8294729507666e-08 0)
(7.062002635486084e-07 -4.069573098645007e-08 0)
(7.168925894557123e-07 -4.351713681674997e-08 0)
(6.526324694648492e-07 -8.517603641576461e-08 0)
(6.458260274826736e-07 -6.78991736784466e-08 0)
(6.419912733706196e-07 -5.737243456055664e-08 0)
(6.41416730657896e-07 -5.173459613585569e-08 0)
(6.433876774553657e-07 -4.925963178092844e-08 0)
(6.476283416303024e-07 -4.886632029554207e-08 0)
(6.536882346144206e-07 -4.996428070877173e-08 0)
(6.61447177595396e-07 -5.206565568647113e-08 0)
(6.703982192372427e-07 -5.493038962904513e-08 0)
(6.807526299515856e-07 -5.825395489298908e-08 0)
(6.23303308196102e-07 -1.014963845256475e-07 0)
(6.125922855763562e-07 -8.365475066064763e-08 0)
(6.062748678200112e-07 -7.2798802810768e-08 0)
(6.040628962809602e-07 -6.710924001271524e-08 0)
(6.049305506972066e-07 -6.475512179065196e-08 0)
(6.084016990368609e-07 -6.460306475501384e-08 0)
(6.138868697817517e-07 -6.600988080302617e-08 0)
(6.211934779255301e-07 -6.844315859231025e-08 0)
(6.297288264670634e-07 -7.170886133558418e-08 0)
(6.397357778725187e-07 -7.543552367598383e-08 0)
(5.900711139047888e-07 -1.179800858993325e-07 0)
(5.754949749065656e-07 -1.006294432891184e-07 0)
(5.667395818723888e-07 -9.011301256662196e-08 0)
(5.628984503219596e-07 -8.48043667556378e-08 0)
(5.626946705491981e-07 -8.281491783117592e-08 0)
(5.653972265212342e-07 -8.305504554200907e-08 0)
(5.703103902799493e-07 -8.485220594451287e-08 0)
(5.771394221862892e-07 -8.763301932448303e-08 0)
(5.852581573577606e-07 -9.125984593187213e-08 0)
(5.948484188050045e-07 -9.529731435658475e-08 0)
(5.533405241622083e-07 -1.345429098198557e-07 0)
(5.351678812106424e-07 -1.186800424883562e-07 0)
(5.241147036517631e-07 -1.091704494819167e-07 0)
(5.187204602206962e-07 -1.046529982052042e-07 0)
(5.174579031578411e-07 -1.03266578477628e-07 0)
(5.193458643274127e-07 -1.040313357660938e-07 0)
(5.236494132172736e-07 -1.062870105743459e-07 0)
(5.29943789858597e-07 -1.094340027583584e-07 0)
(5.376737649651187e-07 -1.133987882512209e-07 0)
(5.468415729877188e-07 -1.175427903854201e-07 0)
(5.135443597105999e-07 -1.510305917633431e-07 0)
(4.922953916663339e-07 -1.375800873226646e-07 0)
(4.792499433770848e-07 -1.296563403812718e-07 0)
(4.725108886885091e-07 -1.263240049366932e-07 0)
(4.70302953321915e-07 -1.258031241513383e-07 0)
(4.714893534501567e-07 -1.272640720156227e-07 0)
(4.753121021340343e-07 -1.301150130630229e-07 0)
(4.810877163699446e-07 -1.338219014188323e-07 0)
(4.885422251374468e-07 -1.382225713581842e-07 0)
(4.970161043163421e-07 -1.428843185838881e-07 0)
(8.076239574779005e-07 -4.116226966105388e-09 0)
(8.212807080828994e-07 -4.256943887682841e-09 0)
(8.357573302363411e-07 -4.373069511479586e-09 0)
(8.510036082677477e-07 -4.474407511715232e-09 0)
(8.669386053958175e-07 -4.566402367351471e-09 0)
(8.834997675284438e-07 -4.645354089227604e-09 0)
(9.006194775195405e-07 -4.684470525609302e-09 0)
(9.182533090276043e-07 -4.694942418220783e-09 0)
(9.363750736840067e-07 -4.699794713805938e-09 0)
(9.549343432099404e-07 -4.692717717752943e-09 0)
(9.73877160207938e-07 -4.662628563215755e-09 0)
(9.931664031494118e-07 -4.604108353033277e-09 0)
(1.012761583736654e-06 -4.511477492901308e-09 0)
(1.032621608916646e-06 -4.384316119219883e-09 0)
(1.052704773939417e-06 -4.225552028681618e-09 0)
(1.072970346870185e-06 -4.034208344820507e-09 0)
(1.093371609033977e-06 -3.803933625929491e-09 0)
(1.113857379055029e-06 -3.521141540661392e-09 0)
(1.134371626518283e-06 -3.17947746799379e-09 0)
(1.154806909667329e-06 -2.777252615705445e-09 0)
(7.997460459415494e-07 -1.266727901205074e-08 0)
(8.140456252507558e-07 -1.302585022782782e-08 0)
(8.291007830147408e-07 -1.335197971015607e-08 0)
(8.448579739859222e-07 -1.364174817374175e-08 0)
(8.612436448710708e-07 -1.386118653219306e-08 0)
(8.781988314463863e-07 -1.403304477916782e-08 0)
(8.956892284133726e-07 -1.414884616580531e-08 0)
(9.136761677349432e-07 -1.421725495994565e-08 0)
(9.32122546059736e-07 -1.424283692478488e-08 0)
(9.509715343457896e-07 -1.419910430857748e-08 0)
(9.701828449233935e-07 -1.407661907689668e-08 0)
(9.897261459755697e-07 -1.38804474432824e-08 0)
(1.00956427578459e-06 -1.360258684629071e-08 0)
(1.02965643267648e-06 -1.323210516186504e-08 0)
(1.04995974606318e-06 -1.276071765960704e-08 0)
(1.070432860455949e-06 -1.217968146958086e-08 0)
(1.091032161080754e-06 -1.14724410310296e-08 0)
(1.111697716655149e-06 -1.061236045141894e-08 0)
(1.132400542603038e-06 -9.576186952654735e-09 0)
(1.153007371411597e-06 -8.362497366776859e-09 0)
(7.843010078449586e-07 -2.207677746116463e-08 0)
(7.998705215966633e-07 -2.252456311503367e-08 0)
(8.160494779892233e-07 -2.293192262349601e-08 0)
(8.327831111950241e-07 -2.33117872599602e-08 0)
(8.500602064000089e-07 -2.360906769048274e-08 0)
(8.678232555775782e-07 -2.38497656033488e-08 0)
(8.86044650402503e-07 -2.400326176171575e-08 0)
(9.046841092781863e-07 -2.406989529981001e-08 0)
(9.237300510961297e-07 -2.40573815964129e-08 0)
(9.431309852471739e-07 -2.394163400630083e-08 0)
(9.628621722088732e-07 -2.37165171213224e-08 0)
(9.82890384087511e-07 -2.338247301703804e-08 0)
(1.003176354543332e-06 -2.291690879011149e-08 0)
(1.023685989419996e-06 -2.229763417720288e-08 0)
(1.044387835764257e-06 -2.151278994013484e-08 0)
(1.06525246828159e-06 -2.054747629766143e-08 0)
(1.086228320212811e-06 -1.937057806219832e-08 0)
(1.107270438162403e-06 -1.794549035214152e-08 0)
(1.128343691669053e-06 -1.622266421274816e-08 0)
(1.149330855920441e-06 -1.420981207087077e-08 0)
(7.616994860834609e-07 -3.281142339396603e-08 0)
(7.790738932481826e-07 -3.315267839013149e-08 0)
(7.968902253368923e-07 -3.347086371134073e-08 0)
(8.150685774730622e-07 -3.379431808123972e-08 0)
(8.336524050003076e-07 -3.403819201072556e-08 0)
(8.525801037354703e-07 -3.423576408487009e-08 0)
(8.718693835951919e-07 -3.433572226967899e-08 0)
(8.914881976301859e-07 -3.434476505211836e-08 0)
(9.114436492610834e-07 -3.426690015656768e-08 0)
(9.316819675122976e-07 -3.405972344234757e-08 0)
(9.521890454395128e-07 -3.370485848869632e-08 0)
(9.729376378538133e-07 -3.319693973637552e-08 0)
(9.938962333873055e-07 -3.2513812588803e-08 0)
(1.015039720197439e-06 -3.163262600589218e-08 0)
(1.036344037217523e-06 -3.05413408425224e-08 0)
(1.057784287993111e-06 -2.920447860966437e-08 0)
(1.079307209169099e-06 -2.758155350342536e-08 0)
(1.100894814535179e-06 -2.562093983924133e-08 0)
(1.122493219748124e-06 -2.324258659662062e-08 0)
(1.144032392727885e-06 -2.048179610926603e-08 0)
(7.326375497144073e-07 -4.528554603599621e-08 0)
(7.522955264799133e-07 -4.523825425393933e-08 0)
(7.721865843668264e-07 -4.524205698250856e-08 0)
(7.921835147519761e-07 -4.534173153707472e-08 0)
(8.12431841933466e-07 -4.53898349774244e-08 0)
(8.328629803288691e-07 -4.543594555008786e-08 0)
(8.53527511876587e-07 -4.540278426548103e-08 0)
(8.744102763863135e-07 -4.529070235234234e-08 0)
(8.955167019800875e-07 -4.507763821230751e-08 0)
(9.168198941754363e-07 -4.471362165016194e-08 0)
(9.383213041872075e-07 -4.418534544691487e-08 0)
(9.600038166545422e-07 -4.348087828178134e-08 0)
(9.818451413015124e-07 -4.256928983967725e-08 0)
(1.003824787210467e-06 -4.14194130799075e-08 0)
(1.025932092086858e-06 -4.001267057456027e-08 0)
(1.048124861427613e-06 -3.830041240109965e-08 0)
(1.070390718981057e-06 -3.623302081321431e-08 0)
(1.092685896264244e-06 -3.374870226902739e-08 0)
(1.115001922912889e-06 -3.074469863754181e-08 0)
(1.13725167839088e-06 -2.727461124614147e-08 0)
(6.978788903043126e-07 -5.984086686427228e-08 0)
(7.201742866353371e-07 -5.906799004829541e-08 0)
(7.425292592549639e-07 -5.846599298089331e-08 0)
(7.64703031857954e-07 -5.812826880480361e-08 0)
(7.869411647199988e-07 -5.78184516726117e-08 0)
(8.0918086126104e-07 -5.757981383521172e-08 0)
(8.314790614980728e-07 -5.728294446664203e-08 0)
(8.53877685337729e-07 -5.694153752324544e-08 0)
(8.763723335457053e-07 -5.651464590263735e-08 0)
(8.98971375381687e-07 -5.594038612312448e-08 0)
(9.216836708264443e-07 -5.520123658717628e-08 0)
(9.44497764324363e-07 -5.427504557016584e-08 0)
(9.674017592108917e-07 -5.311836323967507e-08 0)
(9.903848432941327e-07 -5.169425182209307e-08 0)
(1.013453798694367e-06 -4.996892178058777e-08 0)
(1.036562392899653e-06 -4.789022730557735e-08 0)
(1.059728422522098e-06 -4.539136311833515e-08 0)
(1.082883353874321e-06 -4.240899434830042e-08 0)
(1.106068870301996e-06 -3.882616737619942e-08 0)
(1.129171754331744e-06 -3.468332375114697e-08 0)
(6.58403575955689e-07 -7.65899697416757e-08 0)
(6.835918841823991e-07 -7.479053658226343e-08 0)
(7.086846581549594e-07 -7.331659059695717e-08 0)
(7.332855367504292e-07 -7.230609686452442e-08 0)
(7.577386075131913e-07 -7.143209661472747e-08 0)
(7.81998219086774e-07 -7.073820956036507e-08 0)
(8.061603058834489e-07 -7.006027670578848e-08 0)
(8.302788574968501e-07 -6.93886561914049e-08 0)
(8.543668931713093e-07 -6.866808520470255e-08 0)
(8.78450861078366e-07 -6.783076780953899e-08 0)
(9.025495994808987e-07 -6.683819414209867e-08 0)
(9.266647297356491e-07 -6.565393524892845e-08 0)
(9.507992492959554e-07 -6.422540664343009e-08 0)
(9.749569810429714e-07 -6.251291566035261e-08 0)
(9.991455371002023e-07 -6.046863905449262e-08 0)
(1.023333335245953e-06 -5.80326745362601e-08 0)
(1.047542585135035e-06 -5.51218709217228e-08 0)
(1.071710578010981e-06 -5.166610134252768e-08 0)
(1.09588604664119e-06 -4.754285802537566e-08 0)
(1.119969221287622e-06 -4.277531725493199e-08 0)
(6.150911312503006e-07 -9.566584451824298e-08 0)
(6.432867383886471e-07 -9.240011663716797e-08 0)
(6.713211713119748e-07 -8.971182982668653e-08 0)
(6.985512740088216e-07 -8.775074152098155e-08 0)
(7.254582109692113e-07 -8.613428834840625e-08 0)
(7.519303498174967e-07 -8.482217325583399e-08 0)
(7.781591016568805e-07 -8.365960435909906e-08 0)
(8.041645575592523e-07 -8.257745019417847e-08 0)
(8.300076059932096e-07 -8.149591254838515e-08 0)
(8.557251522564626e-07 -8.034154668435769e-08 0)
(8.81351213371896e-07 -7.905688519629166e-08 0)
(9.069062631030735e-07 -7.75900294186849e-08 0)
(9.324075211224234e-07 -7.587878738161547e-08 0)
(9.578761147349573e-07 -7.387509271867573e-08 0)
(9.833174740477956e-07 -7.151882299069911e-08 0)
(1.00871634872461e-06 -6.873671637153736e-08 0)
(1.034086002622816e-06 -6.543906298775731e-08 0)
(1.059389456037447e-06 -6.153829656968472e-08 0)
(1.084665077273372e-06 -5.691364281380498e-08 0)
(1.109841539495789e-06 -5.157601909111318e-08 0)
(5.68866928100765e-07 -1.169871640634275e-07 0)
(6.000892124704042e-07 -1.120366400438875e-07 0)
(6.311043509884328e-07 -1.079910534176993e-07 0)
(6.610616801496875e-07 -1.048267708187428e-07 0)
(6.905042556360835e-07 -1.022407248436802e-07 0)
(7.193486213592766e-07 -1.000971929674773e-07 0)
(7.477705767252289e-07 -9.826470494298027e-08 0)
(7.758107431331127e-07 -9.662253136416588e-08 0)
(8.035502192123579e-07 -9.507564636646306e-08 0)
(8.310400389068734e-07 -9.352588019465961e-08 0)
(8.583298858069486e-07 -9.189453900153325e-08 0)
(8.854609896086944e-07 -9.011220657469106e-08 0)
(9.124629879886316e-07 -8.810442372523483e-08 0)
(9.393678446008726e-07 -8.580908621321739e-08 0)
(9.661814588448256e-07 -8.314935225071191e-08 0)
(9.92902589646445e-07 -8.003233751932946e-08 0)
(1.019548771353928e-06 -7.637045748242938e-08 0)
(1.046097082203299e-06 -7.20509757631164e-08 0)
(1.072590190137274e-06 -6.697163440783439e-08 0)
(1.098979649382828e-06 -6.11243511420359e-08 0)
(5.207695383319293e-07 -1.403170013377868e-07 0)
(5.556222422083731e-07 -1.327223354493941e-07 0)
(5.897637892868941e-07 -1.270017848614954e-07 0)
(6.226167756943641e-07 -1.224727676514317e-07 0)
(6.545900530550552e-07 -1.188680387657796e-07 0)
(6.85820133452765e-07 -1.158822355248701e-07 0)
(7.16419256258137e-07 -1.133538303899415e-07 0)
(7.46501723863181e-07 -1.111259814143022e-07 0)
(7.761522413339522e-07 -1.090890333022457e-07 0)
(8.054393215901641e-07 -1.071239617850117e-07 0)
(8.344268080561852e-07 -1.051361387852791e-07 0)
(8.631692489220094e-07 -1.030391036157848e-07 0)
(8.917058892330002e-07 -1.007431498712783e-07 0)
(9.200768176855685e-07 -9.817236543366251e-08 0)
(9.482951481843462e-07 -9.523378233380308e-08 0)
(9.763747042263399e-07 -9.181923720393955e-08 0)
(1.004346232050323e-06 -8.784655993185707e-08 0)
(1.032200770867979e-06 -8.316182137829321e-08 0)
(1.059988467451691e-06 -7.768942218561095e-08 0)
(1.087686926217205e-06 -7.138989765286437e-08 0)
(4.833472164893798e-07 -1.648483822837761e-07 0)
(5.211968620308976e-07 -1.545129424381401e-07 0)
(5.576045257568148e-07 -1.471597445921246e-07 0)
(5.927604540711159e-07 -1.411499048203651e-07 0)
(6.267571700491671e-07 -1.363620895785797e-07 0)
(6.598263542254676e-07 -1.324009008061826e-07 0)
(6.920860314062558e-07 -1.290489871379932e-07 0)
(7.236855104589528e-07 -1.261271789676801e-07 0)
(7.547203788608931e-07 -1.234907714517542e-07 0)
(7.852799654328395e-07 -1.210012073351906e-07 0)
(8.154463816153506e-07 -1.185520090157598e-07 0)
(8.452853779087342e-07 -1.160441394055414e-07 0)
(8.748448196062375e-07 -1.133754908500022e-07 0)
(9.041726024094975e-07 -1.104620324561661e-07 0)
(9.33285617599025e-07 -1.072003368408843e-07 0)
(9.622192615751957e-07 -1.034676534984261e-07 0)
(9.910036365389209e-07 -9.919878326212997e-08 0)
(1.01966456907482e-06 -9.420491685428326e-08 0)
(1.048248310568334e-06 -8.841621196813178e-08 0)
(1.07674419646905e-06 -8.176155322708643e-08 0)
(4.630520950637354e-07 -1.856680304565427e-07 0)
(5.014145974725504e-07 -1.74930206975831e-07 0)
(5.382526613189688e-07 -1.666236229939206e-07 0)
(5.741244455030578e-07 -1.596723435109763e-07 0)
(6.088941302862134e-07 -1.539570127248608e-07 0)
(6.42751062423502e-07 -1.491467833113124e-07 0)
(6.757862545126916e-07 -1.450257782093526e-07 0)
(7.081149757627486e-07 -1.414120889835159e-07 0)
(7.398217172192308e-07 -1.38143368329281e-07 0)
(7.70996869078768e-07 -1.350789236580429e-07 0)
(8.017239426458148e-07 -1.321105165249434e-07 0)
(8.320671988977075e-07 -1.291294365823824e-07 0)
(8.620753014261243e-07 -1.260260076012982e-07 0)
(8.918006139631628e-07 -1.22714503964105e-07 0)
(9.212620082888439e-07 -1.190867017095029e-07 0)
(9.50518979403149e-07 -1.150145242963043e-07 0)
(9.795848501945296e-07 -1.104475320307134e-07 0)
(1.008518432200129e-06 -1.051870965637258e-07 0)
(1.037355889368932e-06 -9.914652781284337e-08 0)
(1.066082327463933e-06 -9.224406958364893e-08 0)
(4.467228403619522e-07 -2.051038922457051e-07 0)
(4.846924463565112e-07 -1.942683445556314e-07 0)
(5.216085313026311e-07 -1.854878598916395e-07 0)
(5.57735516604883e-07 -1.779363239843879e-07 0)
(5.929065225141394e-07 -1.715353031767211e-07 0)
(6.272343373686775e-07 -1.660255395888257e-07 0)
(6.607708567590029e-07 -1.612299018616217e-07 0)
(6.935935655710301e-07 -1.569718794837339e-07 0)
(7.257770369728527e-07 -1.530960353844119e-07 0)
(7.57402892468735e-07 -1.49470819082214e-07 0)
(7.885468886727876e-07 -1.459891274218237e-07 0)
(8.192677449056932e-07 -1.425347049308916e-07 0)
(8.496134386014182e-07 -1.389948780937508e-07 0)
(8.796406525056084e-07 -1.352888432624177e-07 0)
(9.093706296902986e-07 -1.313057616777765e-07 0)
(9.388781959293613e-07 -1.269172338174045e-07 0)
(9.681713737215297e-07 -1.220739243984178e-07 0)
(9.973229964836797e-07 -1.16586453194315e-07 0)
(1.026357967686318e-06 -1.103448758392e-07 0)
(1.055280835324238e-06 -1.032776138665646e-07 0)
(4.326335904644704e-07 -2.24031764178277e-07 0)
(4.701333417849358e-07 -2.13262395037635e-07 0)
(5.068213151232707e-07 -2.041634853005553e-07 0)
(5.429143419974788e-07 -1.961221197259652e-07 0)
(5.781890064313096e-07 -1.89129657039998e-07 0)
(6.127375770324405e-07 -1.82998931603196e-07 0)
(6.465529616301893e-07 -1.775826409112358e-07 0)
(6.796910500106577e-07 -1.727177128329075e-07 0)
(7.122074354452238e-07 -1.682624988211659e-07 0)
(7.441665940642256e-07 -1.640962271813491e-07 0)
(7.756309353893427e-07 -1.601153630705313e-07 0)
(8.066512801370176e-07 -1.561987901053442e-07 0)
(8.372737531574338e-07 -1.522348682905886e-07 0)
(8.675563251945331e-07 -1.481512708751863e-07 0)
(8.975233613369652e-07 -1.438295140476641e-07 0)
(9.272524971626136e-07 -1.391535020749204e-07 0)
(9.567551632190821e-07 -1.340610905094172e-07 0)
(9.861086451201932e-07 -1.283792762304716e-07 0)
(1.015317404120012e-06 -1.219888464123759e-07 0)
(1.044439385118071e-06 -1.148374778027721e-07 0)
(4.205368382383462e-07 -2.420571579492841e-07 0)
(4.574385067400296e-07 -2.314697405553861e-07 0)
(4.937504921048931e-07 -2.222516658805906e-07 0)
(5.296132053021537e-07 -2.139173442456194e-07 0)
(5.6480895870552e-07 -2.06498413823058e-07 0)
(5.993889751132249e-07 -1.998795166296052e-07 0)
(6.333107269320635e-07 -1.939357942144922e-07 0)
(6.666131720386144e-07 -1.885345111804962e-07 0)
(6.993299401197309e-07 -1.835516764828126e-07 0)
(7.31507246271942e-07 -1.788813436446066e-07 0)
(7.631937170717359e-07 -1.744277234462201e-07 0)
(7.944311218137827e-07 -1.700695331534608e-07 0)
(8.25263527863188e-07 -1.65701434643824e-07 0)
(8.557472544896778e-07 -1.612631789635621e-07 0)
(8.859068240146906e-07 -1.566243807056335e-07 0)
(9.158202180266433e-07 -1.516923254096721e-07 0)
(9.455001050580398e-07 -1.463818952250723e-07 0)
(9.75023889394323e-07 -1.405390907809346e-07 0)
(1.004390317524431e-06 -1.340539518867053e-07 0)
(1.03370885206032e-06 -1.268905164768381e-07 0)
(4.099954475017379e-07 -2.594482680619293e-07 0)
(4.462872752336477e-07 -2.490857301463835e-07 0)
(4.821573420182642e-07 -2.398379584166251e-07 0)
(5.176705297913006e-07 -2.313111917486579e-07 0)
(5.526624381648969e-07 -2.235781967283949e-07 0)
(5.871299328897208e-07 -2.165653508302433e-07 0)
(6.210278806831013e-07 -2.101773278135336e-07 0)
(6.543738003783222e-07 -2.043114997950578e-07 0)
(6.871804117016026e-07 -1.988586817655401e-07 0)
(7.194763772743919e-07 -1.9373033702077e-07 0)
(7.512981770262267e-07 -1.888411857983954e-07 0)
(7.826786837432006e-07 -1.840732387621381e-07 0)
(8.136597807750575e-07 -1.793316956762247e-07 0)
(8.442936301064715e-07 -1.745680646045827e-07 0)
(8.746020944886827e-07 -1.696381921710234e-07 0)
(9.046604360905004e-07 -1.644805889074766e-07 0)
(9.344844819503678e-07 -1.589875018565998e-07 0)
(9.641454754000644e-07 -1.530245130884931e-07 0)
(9.936681944313987e-07 -1.464991840439685e-07 0)
(1.023165503967584e-06 -1.393764366387093e-07 0)
(4.007647293477222e-07 -2.762021938844997e-07 0)
(4.364545041800486e-07 -2.660901165005398e-07 0)
(4.718340108038243e-07 -2.568873651767025e-07 0)
(5.069446662842402e-07 -2.482601739441621e-07 0)
(5.416448174525672e-07 -2.403124974277724e-07 0)
(5.759066191305322e-07 -2.329936422459498e-07 0)
(6.096859932689184e-07 -2.262456342961159e-07 0)
(6.429787372217296e-07 -2.199872573592956e-07 0)
(6.757812819565071e-07 -2.141231896946875e-07 0)
(7.081086555452588e-07 -2.085854944354673e-07 0)
(7.399874346331718e-07 -2.033019017524648e-07 0)
(7.714427162816222e-07 -1.981600420654489e-07 0)
(8.025141459011651e-07 -1.930791067271034e-07 0)
(8.332456191155395e-07 -1.880227170796603e-07 0)
(8.636593678229575e-07 -1.828343915167626e-07 0)
(8.938232439254333e-07 -1.77480219556459e-07 0)
(9.23757423771651e-07 -1.718393148171188e-07 0)
(9.535308689709524e-07 -1.658012912955507e-07 0)
(9.832003466083329e-07 -1.592819090292425e-07 0)
(1.012836008767759e-06 -1.522397964497882e-07 0)
(3.926201930062262e-07 -2.924121964332803e-07 0)
(4.277354560263533e-07 -2.825516094389247e-07 0)
(4.626052729215701e-07 -2.734312649616e-07 0)
(4.97288795485354e-07 -2.6476655253403e-07 0)
(5.31638244769059e-07 -2.566701506880212e-07 0)
(5.656328343942395e-07 -2.4911887560465e-07 0)
(5.992190671242216e-07 -2.420835240517746e-07 0)
(6.323788547095237e-07 -2.354971505042775e-07 0)
(6.650982246539085e-07 -2.29278548069401e-07 0)
(6.97384700876275e-07 -2.233819708197003e-07 0)
(7.292559652824044e-07 -2.177495072974377e-07 0)
(7.607298255249867e-07 -2.122754993509516e-07 0)
(7.918435814415765e-07 -2.068931418520332e-07 0)
(8.22629657036234e-07 -2.015761707519949e-07 0)
(8.531107322835975e-07 -1.961654690345537e-07 0)
(8.833503965877205e-07 -1.906448546528359e-07 0)
(9.133696737521215e-07 -1.84894621035535e-07 0)
(9.432451696670088e-07 -1.788249543872273e-07 0)
(9.730291501635143e-07 -1.723482870278088e-07 0)
(1.002769942395987e-06 -1.654285139511345e-07 0)
(3.85370105648925e-07 -3.081285442834663e-07 0)
(4.199234705799194e-07 -2.985133831206971e-07 0)
(4.542968940932653e-07 -2.89496152437299e-07 0)
(4.885355572818258e-07 -2.808350565998031e-07 0)
(5.22507845389091e-07 -2.726404268542714e-07 0)
(5.56195182536262e-07 -2.649190957117363e-07 0)
(5.895355774610481e-07 -2.576567653050004e-07 0)
(6.225059709557867e-07 -2.50799455366583e-07 0)
(6.550865407318214e-07 -2.442811788639816e-07 0)
(6.87282890673084e-07 -2.380775637780135e-07 0)
(7.191030887135804e-07 -2.32143636245721e-07 0)
(7.505571857409169e-07 -2.26381019572095e-07 0)
(7.816778781135261e-07 -2.207380617387222e-07 0)
(8.124876856164502e-07 -2.151957413050838e-07 0)
(8.430095150613519e-07 -2.095972690508301e-07 0)
(8.733015797542236e-07 -2.039512424936371e-07 0)
(9.033913069441672e-07 -1.9812417913598e-07 0)
(9.33357187669647e-07 -1.92054132263025e-07 0)
(9.632133053907749e-07 -1.856509149934283e-07 0)
(9.930550862370261e-07 -1.788976586810015e-07 0)
(3.788555531307078e-07 -3.234047824297661e-07 0)
(4.128670888389312e-07 -3.140239474050003e-07 0)
(4.467636687128537e-07 -3.051199399871566e-07 0)
(4.805531750710668e-07 -2.964851667162761e-07 0)
(5.141422902761521e-07 -2.882342798804837e-07 0)
(5.474995375747141e-07 -2.803911445219901e-07 0)
(5.805650682518829e-07 -2.729511678539946e-07 0)
(6.133150008186417e-07 -2.658733433753011e-07 0)
(6.457254058149061e-07 -2.591071370196317e-07 0)
(6.77802360662756e-07 -2.526465882501796e-07 0)
(7.095426162322748e-07 -2.464573470255748e-07 0)
(7.409504005107544e-07 -2.404470380995279e-07 0)
(7.720495431939117e-07 -2.345808633887632e-07 0)
(8.028595987334182e-07 -2.28845535653605e-07 0)
(8.333896737493911e-07 -2.230978770451618e-07 0)
(8.63729997634453e-07 -2.173411095437557e-07 0)
(8.938774813404878e-07 -2.114805853874007e-07 0)
(9.238897353703084e-07 -2.054386335484574e-07 0)
(9.537927857037053e-07 -1.991469981841142e-07 0)
(9.837279275266099e-07 -1.926020029955301e-07 0)
(3.729308013290507e-07 -3.38296613600527e-07 0)
(4.064375375448989e-07 -3.291328532545581e-07 0)
(4.398718520254466e-07 -3.203429758260954e-07 0)
(4.732315796042643e-07 -3.117515442747272e-07 0)
(5.064432168747856e-07 -3.03478049312033e-07 0)
(5.39465601495579e-07 -2.955479263195719e-07 0)
(5.72248463250087e-07 -2.879703230675725e-07 0)
(6.047656544791331e-07 -2.807143199888197e-07 0)
(6.369900583003007e-07 -2.737452029069313e-07 0)
(6.689278628556374e-07 -2.670714766174482e-07 0)
(7.005653632198473e-07 -2.606682163731642e-07 0)
(7.319039419080744e-07 -2.544484337640258e-07 0)
(7.629600541584134e-07 -2.483928453519179e-07 0)
(7.937490169644433e-07 -2.424952104930229e-07 0)
(8.242858849706266e-07 -2.366223706562704e-07 0)
(8.546330179690905e-07 -2.307917706459071e-07 0)
(8.847945804297084e-07 -2.249293402524625e-07 0)
(9.148307284467479e-07 -2.189371059069238e-07 0)
(9.44785793705888e-07 -2.127930528886547e-07 0)
(9.747787367048281e-07 -2.0648667866706e-07 0)
(3.674787848727083e-07 -3.528514642663265e-07 0)
(4.005178695235112e-07 -3.438857315121936e-07 0)
(4.335135787512898e-07 -3.352076733834987e-07 0)
(4.664737244954593e-07 -3.266739312429443e-07 0)
(4.993209468068942e-07 -3.183940213551721e-07 0)
(5.320134078954067e-07 -3.104033006642265e-07 0)
(5.64515608179836e-07 -3.027205282491425e-07 0)
(5.967950228985668e-07 -2.953224587176169e-07 0)
(6.288267030341107e-07 -2.881889401546637e-07 0)
(6.606133700479846e-07 -2.813389909098104e-07 0)
(6.921364633360931e-07 -2.747561474115955e-07 0)
(7.233949949653733e-07 -2.683608784064638e-07 0)
(7.543989561574985e-07 -2.621472987601256e-07 0)
(7.851585984680044e-07 -2.561192859751915e-07 0)
(8.156857095496014e-07 -2.501518525501803e-07 0)
(8.460314678859072e-07 -2.442808297357866e-07 0)
(8.761984203388443e-07 -2.384174711987302e-07 0)
(9.062416963437692e-07 -2.325124290320058e-07 0)
(9.36243662211149e-07 -2.265428615362197e-07 0)
(9.662601921937253e-07 -2.204887944293115e-07 0)
(3.624080106355143e-07 -3.671057108985615e-07 0)
(3.95010908118678e-07 -3.583225979076655e-07 0)
(4.276021471812697e-07 -3.497556689514726e-07 0)
(4.601901420455758e-07 -3.412819450265583e-07 0)
(4.926790841074713e-07 -3.330109288218042e-07 0)
(5.250489316776753e-07 -3.249736330071505e-07 0)
(5.572871400222935e-07 -3.17210837143615e-07 0)
(5.893385808852107e-07 -3.097028829272273e-07 0)
(6.211912813309871e-07 -3.024390757144512e-07 0)
(6.528348907239722e-07 -2.954471409157189e-07 0)
(6.842513656405513e-07 -2.887183602959537e-07 0)
(7.154330614206922e-07 -2.821800861358964e-07 0)
(7.463845739305259e-07 -2.75837195802012e-07 0)
(7.771110097035849e-07 -2.697034066538818e-07 0)
(8.076180670414869e-07 -2.63661761375609e-07 0)
(8.379489953762846e-07 -2.577604597713915e-07 0)
(8.680957831711637e-07 -2.519258002246211e-07 0)
(8.981569079572279e-07 -2.461313616814615e-07 0)
(9.281573441063481e-07 -2.403558680357417e-07 0)
(9.58194131537388e-07 -2.345771734334958e-07 0)
(3.57621007790649e-07 -3.810900450747354e-07 0)
(3.898228176659701e-07 -3.724810730142529e-07 0)
(4.220391606049779e-07 -3.640192468417939e-07 0)
(4.542626037481618e-07 -3.556058924193962e-07 0)
(4.864323643880803e-07 -3.47347228009081e-07 0)
(5.185197462899695e-07 -3.392800193644244e-07 0)
(5.505123929425503e-07 -3.314660559146858e-07 0)
(5.823589644643473e-07 -3.238807284476225e-07 0)
(6.140500418644207e-07 -3.165164873698496e-07 0)
(6.455569030609991e-07 -3.094071326786769e-07 0)
(6.768687183430755e-07 -3.025544604803553e-07 0)
(7.079727611158606e-07 -2.958934955878751e-07 0)
(7.38870436538707e-07 -2.894399663417212e-07 0)
(7.695613770917003e-07 -2.832165618868218e-07 0)
(8.000433115430749e-07 -2.771144655701515e-07 0)
(8.30351729609449e-07 -2.711951469218861e-07 0)
(8.604822847259322e-07 -2.654094501951783e-07 0)
(8.905477566132251e-07 -2.597380750575425e-07 0)
(9.205205931700385e-07 -2.541711083853969e-07 0)
(9.505726810068642e-07 -2.487168067508886e-07 0)
(3.530150715915997e-07 -3.948462662330697e-07 0)
(3.848510621806161e-07 -3.864000982751608e-07 0)
(4.167176420500555e-07 -3.780291634882547e-07 0)
(4.486144211565655e-07 -3.69674589348571e-07 0)
(4.805026127761144e-07 -3.614357680444526e-07 0)
(5.123390617596612e-07 -3.533664480782856e-07 0)
(5.441157747115737e-07 -3.455138969744844e-07 0)
(5.757780195559044e-07 -3.37867162362271e-07 0)
(6.073224549295224e-07 -3.304196789912322e-07 0)
(6.387141494791716e-07 -3.232128413935248e-07 0)
(6.699443449180934e-07 -3.16261210944824e-07 0)
(7.009938003948865e-07 -3.095022407970617e-07 0)
(7.318584839161654e-07 -3.029576619392876e-07 0)
(7.625291909844663e-07 -2.966571769864434e-07 0)
(7.929950753662575e-07 -2.905030002277454e-07 0)
(8.23286879353459e-07 -2.845741048908318e-07 0)
(8.534246712573807e-07 -2.788448743815977e-07 0)
(8.834685986763894e-07 -2.73307258031409e-07 0)
(9.134309170154556e-07 -2.679711761093977e-07 0)
(9.434644938940774e-07 -2.628549420373185e-07 0)
(3.484921596416167e-07 -4.084137116679821e-07 0)
(3.799857838989198e-07 -4.001036411371293e-07 0)
(4.115387849345722e-07 -3.91819875851626e-07 0)
(4.431581028258157e-07 -3.835326398263051e-07 0)
(4.748022744948953e-07 -3.753250519319527e-07 0)
(5.064282415683876e-07 -3.67260284370563e-07 0)
(5.380164920434679e-07 -3.593805219870196e-07 0)
(5.695345712247469e-07 -3.516884796858204e-07 0)
(6.00960675253829e-07 -3.441815517611055e-07 0)
(6.322662517582123e-07 -3.369008209652018e-07 0)
(6.634395313849644e-07 -3.298690293657156e-07 0)
(6.944560711045959e-07 -3.230276319721867e-07 0)
(7.253034667347197e-07 -3.164010977858014e-07 0)
(7.559668913155569e-07 -3.100230824058914e-07 0)
(7.864358845876866e-07 -3.038144402345421e-07 0)
(8.167423825278546e-07 -2.978841755837018e-07 0)
(8.468952524985537e-07 -2.922129941782756e-07 0)
(8.769190865350665e-07 -2.868068380025777e-07 0)
(9.068779286847352e-07 -2.817122246051257e-07 0)
(9.36878704078055e-07 -2.769506354223596e-07 0)
(3.439318375893511e-07 -4.218245249419323e-07 0)
(3.751277437770299e-07 -4.13636448054209e-07 0)
(4.064191177024055e-07 -4.054348291727456e-07 0)
(4.378025381308051e-07 -3.972157004404159e-07 0)
(4.692351961165838e-07 -3.890438480506206e-07 0)
(5.006942287074192e-07 -3.809896468343507e-07 0)
(5.32135514870408e-07 -3.73099893362033e-07 0)
(5.635408813082642e-07 -3.65371741937457e-07 0)
(5.948813523608256e-07 -3.578117188651983e-07 0)
(6.261369668180302e-07 -3.504749382659115e-07 0)
(6.572866431720651e-07 -3.433824079779019e-07 0)
(6.883001311029526e-07 -3.364668436473408e-07 0)
(7.191617807482542e-07 -3.29756806588707e-07 0)
(7.498538718294498e-07 -3.233091069289287e-07 0)
(7.803653287342056e-07 -3.170628801873118e-07 0)
(8.107344548304867e-07 -3.111248610713164e-07 0)
(8.409156886345844e-07 -3.054879640207979e-07 0)
(8.709607259038032e-07 -3.001964211784299e-07 0)
(9.008942706831583e-07 -2.953369209551797e-07 0)
(9.308814987399211e-07 -2.909502091202035e-07 0)
(3.392667629247582e-07 -4.350927360879175e-07 0)
(3.702031170969555e-07 -4.27033584526859e-07 0)
(4.012713012157909e-07 -4.189113034751878e-07 0)
(4.324584782122055e-07 -4.107582506360988e-07 0)
(4.637358013073176e-07 -4.02634815704497e-07 0)
(4.950602365906347e-07 -3.945915480807112e-07 0)
(5.264059262089345e-07 -3.866927972205268e-07 0)
(5.577429934656356e-07 -3.789512598032045e-07 0)
(5.890467642981078e-07 -3.713677682335326e-07 0)
(6.202955630005281e-07 -3.639908133529757e-07 0)
(6.514591128542247e-07 -3.568379579514423e-07 0)
(6.825010799038056e-07 -3.498524539039599e-07 0)
(7.13413767384773e-07 -3.430731035973972e-07 0)
(7.441907755394811e-07 -3.365659145118081e-07 0)
(7.748070474755306e-07 -3.302820481430655e-07 0)
(8.052646271565206e-07 -3.243129184865881e-07 0)
(8.355173574565422e-07 -3.186747659867316e-07 0)
(8.656633511036463e-07 -3.134722047421231e-07 0)
(8.956191297114388e-07 -3.088439834086779e-07 0)
(9.255539376819722e-07 -3.048379223822081e-07 0)
(3.34384874303289e-07 -4.482922405167817e-07 0)
(3.650828050170154e-07 -4.403259474153055e-07 0)
(3.959839117113824e-07 -4.322913882258443e-07 0)
(4.270277268615485e-07 -4.24209793764586e-07 0)
(4.581842516522084e-07 -4.161166635514063e-07 0)
(4.894186317803293e-07 -4.080909733251846e-07 0)
(5.207140972812848e-07 -4.00202948709656e-07 0)
(5.520379954074966e-07 -3.92463351666736e-07 0)
(5.833541389333492e-07 -3.84863388134791e-07 0)
(6.146278026347105e-07 -3.774464665376492e-07 0)
(6.458389975048518e-07 -3.702376094498578e-07 0)
(6.769689531181735e-07 -3.631984542994489e-07 0)
(7.079977075037978e-07 -3.563776131254814e-07 0)
(7.388949149419724e-07 -3.498182338951399e-07 0)
(7.696614064528257e-07 -3.434530177969413e-07 0)
(8.002879411695527e-07 -3.374273498669745e-07 0)
(8.307325741471503e-07 -3.318094066706818e-07 0)
(8.610290215342309e-07 -3.26635383397067e-07 0)
(8.911160314168995e-07 -3.22135006438116e-07 0)
(9.210597269752213e-07 -3.184896608038354e-07 0)
(3.292714475864024e-07 -4.61401087832457e-07 0)
(3.598100899267474e-07 -4.535465607946301e-07 0)
(3.905741200481475e-07 -4.455969098961589e-07 0)
(4.2151414554121e-07 -4.375688493439268e-07 0)
(4.526053834819847e-07 -4.295216240326335e-07 0)
(4.838216060776633e-07 -4.215375743915981e-07 0)
(5.15127704230661e-07 -4.136854491827317e-07 0)
(5.464807836148944e-07 -4.059529875890625e-07 0)
(5.778478669109018e-07 -3.983254922455547e-07 0)
(6.092060319923968e-07 -3.908818698219551e-07 0)
(6.405241999952383e-07 -3.836675145633327e-07 0)
(6.717712571792068e-07 -3.765977256494567e-07 0)
(7.029483689748918e-07 -3.697010982694494e-07 0)
(7.340300475683826e-07 -3.630918020496034e-07 0)
(7.649992001856435e-07 -3.567043369393573e-07 0)
(7.958624482907459e-07 -3.506157828700659e-07 0)
(8.266136445438407e-07 -3.449464863597763e-07 0)
(8.571807738755397e-07 -3.397330303434264e-07 0)
(8.875849133198655e-07 -3.352637390082889e-07 0)
(9.177270245304281e-07 -3.31862074090761e-07 0)
(2.119173253823915e-08 -3.553300540864312e-07 0)
(6.37690247385505e-08 -3.502805879870003e-07 0)
(1.068572946194489e-07 -3.403107250192182e-07 0)
(1.507840974636527e-07 -3.259132119359823e-07 0)
(1.957522491535187e-07 -3.076584594494753e-07 0)
(2.418769592693237e-07 -2.861883001061012e-07 0)
(2.891669335570907e-07 -2.62403157941624e-07 0)
(3.374865745086813e-07 -2.370201397685868e-07 0)
(3.869261817897926e-07 -2.108636593394874e-07 0)
(4.368813915612751e-07 -1.84473290243881e-07 0)
(2.070033064098086e-08 -3.627878438350218e-07 0)
(6.22677560989986e-08 -3.581549088041215e-07 0)
(1.042328502536158e-07 -3.490165500528951e-07 0)
(1.468719780587879e-07 -3.357810386480339e-07 0)
(1.903488003366243e-07 -3.18957997308149e-07 0)
(2.34732397046144e-07 -2.990764805041061e-07 0)
(2.800673535910115e-07 -2.768871357584731e-07 0)
(3.260609325857719e-07 -2.530762886923496e-07 0)
(3.728784467780412e-07 -2.283098176554688e-07 0)
(4.194751038840279e-07 -2.036155983331991e-07 0)
(2.023729877410961e-08 -3.703688117370289e-07 0)
(6.084451686213351e-08 -3.661211375263197e-07 0)
(1.017712049288607e-07 -3.577276812164293e-07 0)
(1.432073080721891e-07 -3.455475030683573e-07 0)
(1.853137929317295e-07 -3.300283918750364e-07 0)
(2.280999179949616e-07 -3.116589919531288e-07 0)
(2.716474089423837e-07 -2.910606314961555e-07 0)
(3.156686948892203e-07 -2.688787960018434e-07 0)
(3.603833827670753e-07 -2.45579146794882e-07 0)
(4.048503215974338e-07 -2.223068239568081e-07 0)
(1.984001782961044e-08 -3.780968791361548e-07 0)
(5.960179930194943e-08 -3.741753310951166e-07 0)
(9.964270580955794e-08 -3.664301414436972e-07 0)
(1.400683997398579e-07 -3.551696206476779e-07 0)
(1.810290741197747e-07 -3.407999156300126e-07 0)
(2.224984931869665e-07 -3.23759606245927e-07 0)
(2.645514718972439e-07 -3.045685403182848e-07 0)
(3.069033483515265e-07 -2.838661607569756e-07 0)
(3.497131355309877e-07 -2.620348737268269e-07 0)
(3.922553284605583e-07 -2.402363175082711e-07 0)
(1.948267673896381e-08 -3.859841019356339e-07 0)
(5.847667586246153e-08 -3.823569947220535e-07 0)
(9.77041584017343e-08 -3.752087955596886e-07 0)
(1.372236369723424e-07 -3.647870158281253e-07 0)
(1.771630384124566e-07 -3.514543540187438e-07 0)
(2.174782876475491e-07 -3.35642892893868e-07 0)
(2.582387109755526e-07 -3.177877124317618e-07 0)
(2.992043065150932e-07 -2.984496046594991e-07 0)
(3.404472767640693e-07 -2.779763642041061e-07 0)
(3.814254546009793e-07 -2.574594500987092e-07 0)
(1.914354174265992e-08 -3.940252347900808e-07 0)
(5.745923646564509e-08 -3.906505400798375e-07 0)
(9.594894634722368e-08 -3.840129152079459e-07 0)
(1.34672326512912e-07 -3.743503109215955e-07 0)
(1.73721221576112e-07 -3.619504038000718e-07 0)
(2.130562539297659e-07 -3.472370123460549e-07 0)
(2.52688711651429e-07 -3.306053677433851e-07 0)
(2.924476196662039e-07 -3.125355462745477e-07 0)
(3.323391082261532e-07 -2.933626600168069e-07 0)
(3.719649782025102e-07 -2.740815816946989e-07 0)
(1.882548554796029e-08 -4.022053309667142e-07 0)
(5.651376182761503e-08 -3.99074856617397e-07 0)
(9.433138790898e-08 -3.928946785037889e-07 0)
(1.323406934548379e-07 -3.839231723752546e-07 0)
(1.705846655808017e-07 -3.723748233832192e-07 0)
(2.090594769532305e-07 -3.58660958799343e-07 0)
(2.477285066928231e-07 -3.43149972416058e-07 0)
(2.864553934437012e-07 -3.262443089336542e-07 0)
(3.252087750400106e-07 -3.082718585352564e-07 0)
(3.63683670735943e-07 -2.901353193841597e-07 0)
(1.854060915423687e-08 -4.105313392690539e-07 0)
(5.563289823552541e-08 -4.076166479692347e-07 0)
(9.283577876385627e-08 -4.018506160514645e-07 0)
(1.301917820691335e-07 -3.935023601958533e-07 0)
(1.677206074132341e-07 -3.827293114617485e-07 0)
(2.054245368605756e-07 -3.699213282768406e-07 0)
(2.432471797321447e-07 -3.554353255181876e-07 0)
(2.810839040912122e-07 -3.396065900223315e-07 0)
(3.188710055535155e-07 -3.227541753558354e-07 0)
(3.563722459171985e-07 -3.056926359344683e-07 0)
(1.826763971259998e-08 -4.190040168082869e-07 0)
(5.479971163534822e-08 -4.162800785905097e-07 0)
(9.143525886919794e-08 -4.108939068478253e-07 0)
(1.281807396464693e-07 -4.031054122866699e-07 0)
(1.650625179076059e-07 -3.930459791809362e-07 0)
(2.020813329058416e-07 -3.810628466324493e-07 0)
(2.391511679123568e-07 -3.675107140200399e-07 0)
(2.762085784671849e-07 -3.526779481689448e-07 0)
(3.131719828393897e-07 -3.36865231743242e-07 0)
(3.498523034709079e-07 -3.208040348622594e-07 0)
(1.79935150809452e-08 -4.276065721033524e-07 0)
(5.400586954019497e-08 -4.25068114233014e-07 0)
(9.010264461181377e-08 -4.200259341350821e-07 0)
(1.2628097737778e-07 -4.127375141346203e-07 0)
(1.625589964452238e-07 -4.033363812791688e-07 0)
(1.98955707143349e-07 -3.921085048857576e-07 0)
(2.353569728953659e-07 -3.794053485511264e-07 0)
(2.717294827267247e-07 -3.654948466162474e-07 0)
(3.07990497499196e-07 -3.506510015709005e-07 0)
(3.439712864282751e-07 -3.355210847450375e-07 0)
(1.772810867954329e-08 -4.36329694480162e-07 0)
(5.324780028574931e-08 -4.339804034347292e-07 0)
(8.881527358258111e-08 -4.292475019309536e-07 0)
(1.244633481908856e-07 -4.224085503595365e-07 0)
(1.601730367892702e-07 -4.136103056913221e-07 0)
(1.95990297207465e-07 -4.030779249316787e-07 0)
(2.317965212236391e-07 -3.91152189695175e-07 0)
(2.67567651589146e-07 -3.78095258076548e-07 0)
(3.032260890428008e-07 -3.641507396336274e-07 0)
(3.386053379564366e-07 -3.498914108136566e-07 0)
(1.747905465447855e-08 -4.451800493491068e-07 0)
(5.251018804381217e-08 -4.430071918301609e-07 0)
(8.755451974909701e-08 -4.385556405924622e-07 0)
(1.226954001144603e-07 -4.321264191878824e-07 0)
(1.578702255807934e-07 -4.238758501104166e-07 0)
(1.931430526702805e-07 -4.139845532073615e-07 0)
(2.284149603595366e-07 -4.02778124201399e-07 0)
(2.6365376265011e-07 -3.90509830860955e-07 0)
(2.987847031913207e-07 -3.773959024730459e-07 0)
(3.336537622155779e-07 -3.639525305687526e-07 0)
(1.723698486303916e-08 -4.541588562657857e-07 0)
(5.176715277692587e-08 -4.521316599466674e-07 0)
(8.629687682354079e-08 -4.479433947775158e-07 0)
(1.20938841841984e-07 -4.418912300281963e-07 0)
(1.5560623007136e-07 -4.341384795269181e-07 0)
(1.903673128363555e-07 -4.248392135226597e-07 0)
(2.25150373486986e-07 -4.143016771016699e-07 0)
(2.59909902535626e-07 -4.027617950803563e-07 0)
(2.945774175782979e-07 -3.904199061604447e-07 0)
(3.290298510907072e-07 -3.777417623096764e-07 0)
(1.698671211166681e-08 -4.632499771497511e-07 0)
(5.099958618773384e-08 -4.613369986557655e-07 0)
(8.501944259972135e-08 -4.574012138581885e-07 0)
(1.191592228992666e-07 -4.516972759591058e-07 0)
(1.533358747220647e-07 -4.443994615943337e-07 0)
(1.876143452424574e-07 -4.356493845006167e-07 0)
(2.219413084550306e-07 -4.257349892003131e-07 0)
(2.562635040453529e-07 -4.148761879787773e-07 0)
(2.905317795243774e-07 -4.032646760367e-07 0)
(3.246398899899036e-07 -3.91301774693664e-07 0)
(1.672184905544162e-08 -4.724280850025741e-07 0)
(5.020242866529093e-08 -4.706109647947503e-07 0)
(8.370634031949646e-08 -4.669187438695921e-07 0)
(1.173360653593019e-07 -4.61538411226264e-07 0)
(1.510300280085648e-07 -4.546637576780863e-07 0)
(1.848414232172488e-07 -4.464317040019346e-07 0)
(2.187279721813219e-07 -4.370999338888605e-07 0)
(2.526483763204252e-07 -4.268801194297144e-07 0)
(2.865651449004183e-07 -4.159553089486449e-07 0)
(3.203671470291981e-07 -4.046585522199184e-07 0)
(1.644331709665319e-08 -4.816733617322479e-07 0)
(4.937396045627867e-08 -4.799453968052489e-07 0)
(8.234454831232797e-08 -4.764863647673555e-07 0)
(1.154469960049473e-07 -4.714150130521819e-07 0)
(1.486516465880096e-07 -4.649313189634093e-07 0)
(1.819962740941121e-07 -4.57177773065401e-07 0)
(2.154499873225461e-07 -4.483969294764326e-07 0)
(2.49001147780154e-07 -4.387810374471181e-07 0)
(2.825855611618205e-07 -4.285004095330005e-07 0)
(3.161284577969638e-07 -4.178374638508672e-07 0)
(1.615114630937875e-08 -4.909710463791087e-07 0)
(4.850191197241734e-08 -4.893327160467379e-07 0)
(8.090724687278774e-08 -4.860875594918242e-07 0)
(1.13456847666147e-07 -4.813067846259134e-07 0)
(1.461546843976553e-07 -4.752007724984337e-07 0)
(1.790245157290244e-07 -4.679040590775945e-07 0)
(2.120552790932283e-07 -4.596507064873584e-07 0)
(2.452390363394266e-07 -4.506081036415461e-07 0)
(2.785087829721608e-07 -4.409319828348932e-07 0)
(3.118281150441731e-07 -4.308874703657581e-07 0)
(1.583749656003309e-08 -5.003043311765718e-07 0)
(4.755906047071515e-08 -4.987524038867067e-07 0)
(7.935604034417699e-08 -4.957025167816973e-07 0)
(1.113185130949838e-07 -4.912088757827676e-07 0)
(1.434757858445848e-07 -4.854640431197611e-07 0)
(1.758534566178094e-07 -4.786056303567695e-07 0)
(2.084612661190065e-07 -4.708466695714626e-07 0)
(2.412631872259566e-07 -4.623464838832406e-07 0)
(2.742557437927188e-07 -4.532513149031392e-07 0)
(3.073658035554024e-07 -4.43798584248895e-07 0)
(1.549055572587636e-08 -5.096450426146937e-07 0)
(4.651565313474125e-08 -5.081814854186168e-07 0)
(7.764637341543678e-08 -5.053172036637086e-07 0)
(1.089789566283287e-07 -5.011032985907799e-07 0)
(1.405548561309339e-07 -4.957177916133758e-07 0)
(1.724164342201107e-07 -4.89289179991239e-07 0)
(2.045780740888641e-07 -4.820073358423163e-07 0)
(2.370116574234911e-07 -4.740339827034158e-07 0)
(2.697259854824054e-07 -4.655131900829818e-07 0)
(3.026569442696955e-07 -4.566487862540556e-07 0)
(1.510914805895635e-08 -5.189219192294753e-07 0)
(4.537681878200883e-08 -5.17557236165212e-07 0)
(7.578287495034884e-08 -5.148813012373273e-07 0)
(1.064318647127248e-07 -5.109486596422075e-07 0)
(1.373856989192545e-07 -5.059210100149001e-07 0)
(1.687089234645091e-07 -4.999196184339688e-07 0)
(2.003992961212325e-07 -4.931121805898544e-07 0)
(2.324871772986126e-07 -4.856473126959594e-07 0)
(2.649244517586082e-07 -4.77685268418141e-07 0)
(2.977285252703378e-07 -4.694154733486115e-07 0)
)


// ************************************************************************* //
