/*--------------------------------*- C++ -*----------------------------------*\
| =========                 |                                                 |
| \\      /  F ield         | foam-extend: Open Source CFD                    |
|  \\    /   O peration     | Version:     4.1                                |
|   \\  /    A nd           | Web:         http://www.foam-extend.org         |
|    \\/     M anipulation  |                                                 |
\*---------------------------------------------------------------------------*/
FoamFile
{
    version     2.0;
    format      ascii;
    class       vectorField;
    location    "1";
    object      solidsCellD_iteration298;
}
// * * * * * * * * * * * * * * * * * * * * * * * * * * * * * * * * * * * * * //


1000
(
(5.325000500826518e-07 -2.348982939479179e-07 0)
(5.014378514747702e-07 -2.181032379775902e-07 0)
(4.814002134644026e-07 -2.072370258506706e-07 0)
(4.697119053708925e-07 -2.018858610931492e-07 0)
(4.637516186130548e-07 -1.99659407386372e-07 0)
(4.619667984644035e-07 -1.998587844099825e-07 0)
(4.632487071339409e-07 -2.016284707444696e-07 0)
(4.668559053681987e-07 -2.045552301060698e-07 0)
(4.721572526067511e-07 -2.082792118830259e-07 0)
(4.789414284818179e-07 -2.125601176063656e-07 0)
(4.813356360255095e-07 -2.565393141625013e-07 0)
(4.482528985959291e-07 -2.446259472283394e-07 0)
(4.269632347187798e-07 -2.368362578821942e-07 0)
(4.143649052816086e-07 -2.335705320929526e-07 0)
(4.077205379220955e-07 -2.327198218030556e-07 0)
(4.053335362938187e-07 -2.338903235169689e-07 0)
(4.060504289324101e-07 -2.36357841677211e-07 0)
(4.090686921331331e-07 -2.398003232544465e-07 0)
(4.137495835568088e-07 -2.439724988123979e-07 0)
(4.197366264719735e-07 -2.484829896199832e-07 0)
(4.282198255143646e-07 -2.770563262012428e-07 0)
(3.94426980508399e-07 -2.706040122808907e-07 0)
(3.727190141265272e-07 -2.662618690348576e-07 0)
(3.597402732105421e-07 -2.653111346205121e-07 0)
(3.527334167545859e-07 -2.659733219121606e-07 0)
(3.499337859461511e-07 -2.681915477588718e-07 0)
(3.501799284923321e-07 -2.713906887388433e-07 0)
(3.526532795322679e-07 -2.753619335372825e-07 0)
(3.56716584290053e-07 -2.799629448622012e-07 0)
(3.619888894460234e-07 -2.847788088864721e-07 0)
(3.73553663188595e-07 -2.960858098061181e-07 0)
(3.404521269074358e-07 -2.953696502931755e-07 0)
(3.192170970555405e-07 -2.946542750788992e-07 0)
(3.064251628736962e-07 -2.961266545135126e-07 0)
(2.994046339020031e-07 -2.98365219255934e-07 0)
(2.964015327132736e-07 -3.016663785061764e-07 0)
(2.962976169853382e-07 -3.056077635684657e-07 0)
(2.982809084382841e-07 -3.101125553416285e-07 0)
(3.017666678028284e-07 -3.151204546497474e-07 0)
(3.063286152242085e-07 -3.202565546469817e-07 0)
(3.176897587607573e-07 -3.132559531977793e-07 0)
(2.866980629847607e-07 -3.182302841529502e-07 0)
(2.668369989163384e-07 -3.21115761756807e-07 0)
(2.54805941790568e-07 -3.24984789101105e-07 0)
(2.48123935183966e-07 -3.287770875310536e-07 0)
(2.451314506306078e-07 -3.33139385044025e-07 0)
(2.447959456248883e-07 -3.378002372477615e-07 0)
(2.463515423725756e-07 -3.428231862414902e-07 0)
(2.492795077183954e-07 -3.482145244154977e-07 0)
(2.531437180135077e-07 -3.536802122546144e-07 0)
(2.609294773378396e-07 -3.282089248050261e-07 0)
(2.334081119411168e-07 -3.385114297170295e-07 0)
(2.15784904648187e-07 -3.44770931734456e-07 0)
(2.050656053560006e-07 -3.508803663416964e-07 0)
(1.990610469630488e-07 -3.561223324964431e-07 0)
(1.962855060761429e-07 -3.614718339213769e-07 0)
(1.958334572006923e-07 -3.667975081904409e-07 0)
(1.970181225022352e-07 -3.723011669404664e-07 0)
(1.994032279766318e-07 -3.780405122579461e-07 0)
(2.025660933599113e-07 -3.838239703290171e-07 0)
(2.035211554984114e-07 -3.406141109506889e-07 0)
(1.806991212706225e-07 -3.555856099247285e-07 0)
(1.660931427302157e-07 -3.6480323783064e-07 0)
(1.571822471584115e-07 -3.728737597111158e-07 0)
(1.521598564640023e-07 -3.793832703290271e-07 0)
(1.497867394515029e-07 -3.855948139513712e-07 0)
(1.49319297260536e-07 -3.914991038965337e-07 0)
(1.501834080329115e-07 -3.974237644878691e-07 0)
(1.520332762039801e-07 -4.034636088552191e-07 0)
(1.544933101896857e-07 -4.095355380191802e-07 0)
(1.456674335497073e-07 -3.50184254237511e-07 0)
(1.285772481100261e-07 -3.68905820464444e-07 0)
(1.176430737665619e-07 -3.805009029400957e-07 0)
(1.109578561273511e-07 -3.901462306722538e-07 0)
(1.071736087896741e-07 -3.976732281135166e-07 0)
(1.05358563276368e-07 -4.045765666124035e-07 0)
(1.049600213114763e-07 -4.109444608457441e-07 0)
(1.0554499801008e-07 -4.172085105522821e-07 0)
(1.068639169117513e-07 -4.234884021016016e-07 0)
(1.086200460665402e-07 -4.297997339664746e-07 0)
(8.75270165978982e-08 -3.566912243376118e-07 0)
(7.694596010219624e-08 -3.780362830967461e-07 0)
(7.017560129255291e-08 -3.912949076932533e-07 0)
(6.602936974802658e-08 -4.020417818358212e-07 0)
(6.367499383069344e-08 -4.102803076808935e-07 0)
(6.253441335390277e-08 -4.176675239871808e-07 0)
(6.226699885563305e-08 -4.243595721550664e-07 0)
(6.260346408953482e-08 -4.308622278545979e-07 0)
(6.339301827335797e-08 -4.373102809264575e-07 0)
(6.444559352694269e-08 -4.437938702659124e-07 0)
(2.923110370467847e-08 -3.599689485753683e-07 0)
(2.564462878662224e-08 -3.826685016231043e-07 0)
(2.334716138208885e-08 -3.967862320434995e-07 0)
(2.193724484502617e-08 -4.081031039082657e-07 0)
(2.113395727563798e-08 -4.16709886246123e-07 0)
(2.07415015990266e-08 -4.243478136811244e-07 0)
(2.064471755072297e-08 -4.312078573346457e-07 0)
(2.075216399922108e-08 -4.378344193918614e-07 0)
(2.101338039269417e-08 -4.443699187060631e-07 0)
(2.136275291588104e-08 -4.509434912074062e-07 0)
(8.330635608084783e-07 -1.073699864484409e-08 0)
(8.408297625110929e-07 -7.728500303940758e-09 0)
(8.453102961552517e-07 -5.809144341726907e-09 0)
(8.500502205490746e-07 -4.668073119890465e-09 0)
(8.551083256205843e-07 -4.020106158038021e-09 0)
(8.613410988552468e-07 -3.703192478851961e-09 0)
(8.687277365238553e-07 -3.608933356372989e-09 0)
(8.773911020218049e-07 -3.660686477443214e-09 0)
(8.872981055714188e-07 -3.817210922591171e-09 0)
(8.983198711984497e-07 -4.009615731740483e-09 0)
(8.268420380688944e-07 -3.220389784841065e-08 0)
(8.333161477019337e-07 -2.335425941364641e-08 0)
(8.369868062447376e-07 -1.772053379375667e-08 0)
(8.411865707345928e-07 -1.438020012435814e-08 0)
(8.458900963202977e-07 -1.249101251528235e-08 0)
(8.51871390059496e-07 -1.157553629957799e-08 0)
(8.590763276066833e-07 -1.131419937177345e-08 0)
(8.675905734022297e-07 -1.148222823063957e-08 0)
(8.773756714559263e-07 -1.195641498282463e-08 0)
(8.882605259212013e-07 -1.253731026730601e-08 0)
(8.144194993637006e-07 -5.385549828450158e-08 0)
(8.184325554288491e-07 -3.964098846758541e-08 0)
(8.205445989313784e-07 -3.059820291317752e-08 0)
(8.237110167173682e-07 -2.525080421867056e-08 0)
(8.277331629432989e-07 -2.223810262633989e-08 0)
(8.332315112217698e-07 -2.079494354476227e-08 0)
(8.400863666821751e-07 -2.040458645509633e-08 0)
(8.483129300467885e-07 -2.070838218564414e-08 0)
(8.578623690339961e-07 -2.150234708727778e-08 0)
(8.684822895331389e-07 -2.247611498637598e-08 0)
(7.960218824477316e-07 -7.577380787856801e-08 0)
(7.965346811256394e-07 -5.696255348670078e-08 0)
(7.964293570281664e-07 -4.499221052117421e-08 0)
(7.981256076717738e-07 -3.794174957489532e-08 0)
(8.011772889134363e-07 -3.399001377329861e-08 0)
(8.059873353008137e-07 -3.213048876693575e-08 0)
(8.123421738539403e-07 -3.167041291106221e-08 0)
(8.201590418462348e-07 -3.214015764427587e-08 0)
(8.293711017020066e-07 -3.325657400536254e-08 0)
(8.396182263678063e-07 -3.462951281384208e-08 0)
(7.71946392704902e-07 -9.801913488116162e-08 0)
(7.681278312032248e-07 -7.56291559568407e-08 0)
(7.652804165984628e-07 -6.137255135712029e-08 0)
(7.651575452621581e-07 -5.302348224759148e-08 0)
(7.670068383581075e-07 -4.837903018951793e-08 0)
(7.709629744317038e-07 -4.625188349423454e-08 0)
(7.766949784610522e-07 -4.580262737866099e-08 0)
(7.840031055482552e-07 -4.647931481425833e-08 0)
(7.927916614897908e-07 -4.79244326574385e-08 0)
(8.025824509416585e-07 -4.970374512959077e-08 0)
(7.425678803806514e-07 -1.20597685842147e-07 0)
(7.338479949680858e-07 -9.583722335818186e-08 0)
(7.278988559455544e-07 -8.005553674938173e-08 0)
(7.257146349091367e-07 -7.088797847377714e-08 0)
(7.261979800651003e-07 -6.584303693850353e-08 0)
(7.29180740549012e-07 -6.362480000235347e-08 0)
(7.341976281550178e-07 -6.32821453602945e-08 0)
(7.409227178184905e-07 -6.42145880594825e-08 0)
(7.492175440204627e-07 -6.599673566857603e-08 0)
(7.58493924639261e-07 -6.818861998278715e-08 0)
(7.083216611503234e-07 -1.434663859381687e-07 0)
(6.944285310130943e-07 -1.176667356146474e-07 0)
(6.852076605445924e-07 -1.012008576768778e-07 0)
(6.808436399801216e-07 -9.174570889698165e-08 0)
(6.798771009402845e-07 -8.662478525401761e-08 0)
(6.818210705727109e-07 -8.451153453406051e-08 0)
(6.860660463516562e-07 -8.438519036226756e-08 0)
(6.921618504187384e-07 -8.562866692136598e-08 0)
(6.999108212218514e-07 -8.776572831694878e-08 0)
(7.086413815929434e-07 -9.037646484624611e-08 0)
(6.696852823334132e-07 -1.665209853104541e-07 0)
(6.506631724007247e-07 -1.41062068148642e-07 0)
(6.382007642713066e-07 -1.247844866999022e-07 0)
(6.316675352709023e-07 -1.155924354091549e-07 0)
(6.292483503525872e-07 -1.107311857445755e-07 0)
(6.301400851373391e-07 -1.089254605277835e-07 0)
(6.335882165165056e-07 -1.091268466494033e-07 0)
(6.390302722516438e-07 -1.107407967206042e-07 0)
(6.46191640980182e-07 -1.132501533790781e-07 0)
(6.543668481472979e-07 -1.162972933411396e-07 0)
(6.27164378686381e-07 -1.895990787518231e-07 0)
(6.033762330779883e-07 -1.658333857697891e-07 0)
(5.879067060422543e-07 -1.506010630556317e-07 0)
(5.793497378850543e-07 -1.42212455409966e-07 0)
(5.75563127694138e-07 -1.37941546539207e-07 0)
(5.754501436942122e-07 -1.366396481681408e-07 0)
(5.781158205047061e-07 -1.372839087504735e-07 0)
(5.829101393103834e-07 -1.393192941504912e-07 0)
(5.894544216209054e-07 -1.422491512972252e-07 0)
(5.970945410471125e-07 -1.457405329286896e-07 0)
(5.812676968653298e-07 -2.124819637163326e-07 0)
(5.533762206210466e-07 -1.916608864351389e-07 0)
(5.353231259218832e-07 -1.782679003433564e-07 0)
(5.250074044413601e-07 -1.711829797808301e-07 0)
(5.20011288421311e-07 -1.678047662307071e-07 0)
(5.189798120808874e-07 -1.671842842279922e-07 0)
(5.208996246269114e-07 -1.683583024872862e-07 0)
(5.250484534357495e-07 -1.708594435941313e-07 0)
(5.309526264523889e-07 -1.741994730408261e-07 0)
(5.380795992511242e-07 -1.782479642899114e-07 0)
(9.105027464811674e-07 -4.206429103309001e-09 0)
(9.23800586909005e-07 -4.229110368771629e-09 0)
(9.379619994617613e-07 -4.266552611373354e-09 0)
(9.529397249833368e-07 -4.28860512401357e-09 0)
(9.686348129396033e-07 -4.290224133690478e-09 0)
(9.849826304876165e-07 -4.269798398934329e-09 0)
(1.001909932419895e-06 -4.221982571494459e-09 0)
(1.019351818065997e-06 -4.14611915937701e-09 0)
(1.037246391920489e-06 -4.039125170064189e-09 0)
(1.055533213364874e-06 -3.899499117378411e-09 0)
(1.074155505148733e-06 -3.724547926861443e-09 0)
(1.093054549817386e-06 -3.511689209271843e-09 0)
(1.112175566806987e-06 -3.257409550597725e-09 0)
(1.131454758768801e-06 -2.957682864363181e-09 0)
(1.150839535456986e-06 -2.607289625636307e-09 0)
(1.170245932930381e-06 -2.200225442391438e-09 0)
(1.189636117407514e-06 -1.728489419404847e-09 0)
(1.208862573667058e-06 -1.183681095720191e-09 0)
(1.227964495360657e-06 -5.519783347616586e-10 0)
(1.246581902614972e-06 1.721121912702022e-10 0)
(9.00895095921548e-07 -1.308142536754324e-08 0)
(9.150028416026029e-07 -1.30863437896024e-08 0)
(9.298882204458716e-07 -1.314082768789496e-08 0)
(9.454920162914946e-07 -1.316035555588984e-08 0)
(9.617448016316757e-07 -1.312530516568669e-08 0)
(9.7858459619468e-07 -1.303157405481726e-08 0)
(9.959535497206542e-07 -1.28611737698758e-08 0)
(1.013791727025237e-06 -1.261171593682634e-08 0)
(1.032046079167116e-06 -1.227296949838714e-08 0)
(1.050660832890282e-06 -1.18398755150749e-08 0)
(1.069584709521071e-06 -1.130378117361339e-08 0)
(1.088762785077361e-06 -1.065649704820436e-08 0)
(1.108144004964675e-06 -9.887109494456391e-09 0)
(1.127667580415146e-06 -8.983229211369107e-09 0)
(1.147283692077725e-06 -7.928941575172583e-09 0)
(1.16691089870594e-06 -6.706029648526555e-09 0)
(1.186513663945801e-06 -5.29030560199134e-09 0)
(1.205946918337258e-06 -3.656473979299498e-09 0)
(1.225251991414726e-06 -1.762977319922086e-09 0)
(1.244072173542576e-06 4.067261659832124e-10 0)
(8.819982046465407e-07 -2.322639826461057e-08 0)
(8.976929588736779e-07 -2.303232806950452e-08 0)
(9.139947988198924e-07 -2.294003874307895e-08 0)
(9.308243491587432e-07 -2.283187540856388e-08 0)
(9.481702205082282e-07 -2.265484033891914e-08 0)
(9.659748359997954e-07 -2.240438621054952e-08 0)
(9.842108968687534e-07 -2.204317285914046e-08 0)
(1.00282767234266e-06 -2.156556661559914e-08 0)
(1.02178943956484e-06 -2.095126922267831e-08 0)
(1.041049391087396e-06 -2.018999052920303e-08 0)
(1.06056692872303e-06 -1.926555619131527e-08 0)
(1.080294508282246e-06 -1.816295008867883e-08 0)
(1.100188312902374e-06 -1.68628814795897e-08 0)
(1.120193443963097e-06 -1.534376275845056e-08 0)
(1.140265486080809e-06 -1.357829629473264e-08 0)
(1.160327995831294e-06 -1.153545249161058e-08 0)
(1.180349902471436e-06 -9.174307447613458e-09 0)
(1.200191141701497e-06 -6.452224373834283e-09 0)
(1.219896898637348e-06 -3.299576527565375e-09 0)
(1.239117573998577e-06 3.119109845949652e-10 0)
(8.543912471804687e-07 -3.536717648374036e-08 0)
(8.723641650975983e-07 -3.469184454218658e-08 0)
(8.907159717518708e-07 -3.419265366363523e-08 0)
(9.093208807375799e-07 -3.375800034316696e-08 0)
(9.282577106565125e-07 -3.327133934734083e-08 0)
(9.474684854139049e-07 -3.273092028858122e-08 0)
(9.669714569049901e-07 -3.207035439215961e-08 0)
(9.867273107027337e-07 -3.127782037241785e-08 0)
(1.00672521073014e-06 -3.031885198322443e-08 0)
(1.026930902459308e-06 -2.917500181820168e-08 0)
(1.047318949208627e-06 -2.782022796556954e-08 0)
(1.067852425871585e-06 -2.623062423201672e-08 0)
(1.088497865509865e-06 -2.437695227123179e-08 0)
(1.109208944693289e-06 -2.222703055065748e-08 0)
(1.129949081782233e-06 -1.974104844349771e-08 0)
(1.15064921640295e-06 -1.687416503311909e-08 0)
(1.171284822055062e-06 -1.356779996765849e-08 0)
(1.191723434981856e-06 -9.761113381893983e-09 0)
(1.212015829807478e-06 -5.355552119392792e-09 0)
(1.231823605622486e-06 -3.092422607873663e-10 0)
(8.189094272342345e-07 -5.015077488943625e-08 0)
(8.397360755326826e-07 -4.863046337540198e-08 0)
(8.606844380844206e-07 -4.738714900888779e-08 0)
(8.815433803022791e-07 -4.636539095361345e-08 0)
(9.025127228665797e-07 -4.535056740730155e-08 0)
(9.23524645469708e-07 -4.434426393192096e-08 0)
(9.446550700945568e-07 -4.324150453688792e-08 0)
(9.65877294620182e-07 -4.20184924124824e-08 0)
(9.872107952087425e-07 -4.062236269562652e-08 0)
(1.008637117305192e-06 -3.90221572652882e-08 0)
(1.030149311627952e-06 -3.71792867417833e-08 0)
(1.051723993428797e-06 -3.505828106464372e-08 0)
(1.073340537032067e-06 -3.261811647681822e-08 0)
(1.094963581216641e-06 -2.981434091369799e-08 0)
(1.116566430723106e-06 -2.659333022655207e-08 0)
(1.138089596826103e-06 -2.289528582333988e-08 0)
(1.159516900669401e-06 -1.864298596198438e-08 0)
(1.180726092968116e-06 -1.375651251555919e-08 0)
(1.201774937489147e-06 -8.107778109112742e-09 0)
(1.222340863008834e-06 -1.639586653264002e-09 0)
(7.765737629496904e-07 -6.803317333424471e-08 0)
(8.006845146602967e-07 -6.524894781961087e-08 0)
(8.24665021135478e-07 -6.286803701960469e-08 0)
(8.481697251080892e-07 -6.094506417982923e-08 0)
(8.715430892066435e-07 -5.914113187436706e-08 0)
(8.946969315654354e-07 -5.745418036822947e-08 0)
(9.177695191806327e-07 -5.57365077733636e-08 0)
(9.407484212449584e-07 -5.39428330483649e-08 0)
(9.636846006316257e-07 -5.19987468263148e-08 0)
(9.865783766642232e-07 -4.985492001349819e-08 0)
(1.009442707749799e-06 -4.745709388436222e-08 0)
(1.032270211884454e-06 -4.475471694583179e-08 0)
(1.055054817106548e-06 -4.169253609720222e-08 0)
(1.077774198177268e-06 -3.821163447306344e-08 0)
(1.100413282398345e-06 -3.424288063547375e-08 0)
(1.122924196058422e-06 -2.971011947606867e-08 0)
(1.145300781462941e-06 -2.451631045993406e-08 0)
(1.167433690782034e-06 -1.856149965760536e-08 0)
(1.189389063470978e-06 -1.168729030922376e-08 0)
(1.210865514944976e-06 -3.819082240496183e-09 0)
(7.285675458493991e-07 -8.930977847256282e-08 0)
(7.562354452334566e-07 -8.483151006188919e-08 0)
(7.835546789007266e-07 -8.091825928105299e-08 0)
(8.099997755000347e-07 -7.77592447820283e-08 0)
(8.360618520825881e-07 -7.489583612561751e-08 0)
(8.616318322199992e-07 -7.229723132332078e-08 0)
(8.869011817944829e-07 -6.977861319508967e-08 0)
(9.118776176428453e-07 -6.725932088507174e-08 0)
(9.366396726121575e-07 -6.464182979696574e-08 0)
(9.612099546689874e-07 -6.185241402183889e-08 0)
(9.856209694032223e-07 -5.881847764302666e-08 0)
(1.009883239519908e-06 -5.547140368631614e-08 0)
(1.03400602509565e-06 -5.173965582023534e-08 0)
(1.057981456707484e-06 -4.754806204976367e-08 0)
(1.081807179518579e-06 -4.28106010167294e-08 0)
(1.105448554446385e-06 -3.743362158443634e-08 0)
(1.128910626530629e-06 -3.129949526303363e-08 0)
(1.152099585140983e-06 -2.428767273750314e-08 0)
(1.175090611213527e-06 -1.620992636550421e-08 0)
(1.197609182246961e-06 -6.973384621602229e-09 0)
(6.761078945322154e-07 -1.140278931155305e-07 0)
(7.074369120979814e-07 -1.073958546734691e-07 0)
(7.382496109658517e-07 -1.015630402701435e-07 0)
(7.678373088569644e-07 -9.679712250130374e-08 0)
(7.967859820423222e-07 -9.258501551389013e-08 0)
(8.249894229137232e-07 -8.882167947054018e-08 0)
(8.526612051595304e-07 -8.530092247271969e-08 0)
(8.798382018818952e-07 -8.18928747891541e-08 0)
(9.066162836215053e-07 -7.847439258603255e-08 0)
(9.330424136798839e-07 -7.494112966025083e-08 0)
(9.591667054704172e-07 -7.11975045706923e-08 0)
(9.850186379777319e-07 -6.715282871217003e-08 0)
(1.010623304051317e-06 -6.271597883681024e-08 0)
(1.035988471763522e-06 -5.779309253847605e-08 0)
(1.061125603647249e-06 -5.227942782617818e-08 0)
(1.086014817995057e-06 -4.606262823532505e-08 0)
(1.110673640507631e-06 -3.90036836795624e-08 0)
(1.135026321833666e-06 -3.096111667336647e-08 0)
(1.159158314220097e-06 -2.171677721715815e-08 0)
(1.182827687174153e-06 -1.115825325403047e-08 0)
(6.205203569318121e-07 -1.421456310054937e-07 0)
(6.554936776202688e-07 -1.329635283190218e-07 0)
(6.897786890636569e-07 -1.249621497615577e-07 0)
(7.226048237556239e-07 -1.182766952742472e-07 0)
(7.545203416074384e-07 -1.12471312185797e-07 0)
(7.854790134334784e-07 -1.073188495304872e-07 0)
(8.156748929992459e-07 -1.026019462170591e-07 0)
(8.451837773630378e-07 -9.813705124173115e-08 0)
(8.741096655450028e-07 -9.377244011147445e-08 0)
(9.02522920707494e-07 -8.937275883750704e-08 0)
(9.304885293870228e-07 -8.481742686121651e-08 0)
(9.580533795471146e-07 -7.999273381653758e-08 0)
(9.852573277311896e-07 -7.478651275476775e-08 0)
(1.012123251617032e-06 -6.908505062986854e-08 0)
(1.038676332099525e-06 -6.276393895522709e-08 0)
(1.064912109012066e-06 -5.569140128678331e-08 0)
(1.090861046333701e-06 -4.770706591532822e-08 0)
(1.116468018311537e-06 -3.864889036887784e-08 0)
(1.141828384979129e-06 -2.827152515204059e-08 0)
(1.166739502175701e-06 -1.644530512234415e-08 0)
(5.628232650322696e-07 -1.731239302324575e-07 0)
(6.013303422460188e-07 -1.60891845888551e-07 0)
(6.388769046833973e-07 -1.504747617788875e-07 0)
(6.749960372874788e-07 -1.415607023153834e-07 0)
(7.099474116525579e-07 -1.338899199052022e-07 0)
(7.437822310585481e-07 -1.271312793456405e-07 0)
(7.766321788919832e-07 -1.210422839080842e-07 0)
(8.086007872125394e-07 -1.153919023807516e-07 0)
(8.397952370427315e-07 -1.099871506871194e-07 0)
(8.703054360753549e-07 -1.046566716735931e-07 0)
(9.002121948248079e-07 -9.924773281343275e-08 0)
(9.295801465072276e-07 -9.361927487910166e-08 0)
(9.584652838014464e-07 -8.763468637967866e-08 0)
(9.869064462890878e-07 -8.115843017072483e-08 0)
(1.014943492984966e-06 -7.404535898753051e-08 0)
(1.042588172261537e-06 -6.614414553809586e-08 0)
(1.069884818547961e-06 -5.727355393552489e-08 0)
(1.09680088688275e-06 -4.725205563857826e-08 0)
(1.123443492602503e-06 -3.580770819204614e-08 0)
(1.149655325061026e-06 -2.279056899999643e-08 0)
(5.205973957989356e-07 -2.022459065653955e-07 0)
(5.612171705095996e-07 -1.877109598164256e-07 0)
(6.005549852596172e-07 -1.755888896504928e-07 0)
(6.385533656880593e-07 -1.649913726974987e-07 0)
(6.75312305778412e-07 -1.5574403468248e-07 0)
(7.108989898219804e-07 -1.475267237402653e-07 0)
(7.454221067354215e-07 -1.400931024300097e-07 0)
(7.789735812055669e-07 -1.332104959536094e-07 0)
(8.11653743650105e-07 -1.266742657986851e-07 0)
(8.435495023401449e-07 -1.202998429738789e-07 0)
(8.747427896499505e-07 -1.13919216774784e-07 0)
(9.053023669171852e-07 -1.073759389615059e-07 0)
(9.352906306707627e-07 -1.005186086331998e-07 0)
(9.647553744437662e-07 -9.319773120495768e-08 0)
(9.937460907215031e-07 -8.525578626425153e-08 0)
(1.02228849120166e-06 -7.653011950882606e-08 0)
(1.050437627588015e-06 -6.683041708310115e-08 0)
(1.078184454770359e-06 -5.596754490946441e-08 0)
(1.105641260401698e-06 -4.366361881423328e-08 0)
(1.132699855066015e-06 -2.976627235113119e-08 0)
(4.961380371519636e-07 -2.255865189243519e-07 0)
(5.369969128513569e-07 -2.105178474731021e-07 0)
(5.766301129643486e-07 -1.974769668052567e-07 0)
(6.150785968236663e-07 -1.858811565610407e-07 0)
(6.523634436803393e-07 -1.755654999657625e-07 0)
(6.885297764264525e-07 -1.66268111890403e-07 0)
(7.236521904829111e-07 -1.577646777528565e-07 0)
(7.578018319127281e-07 -1.498410759776565e-07 0)
(7.91060377379996e-07 -1.423019169178885e-07 0)
(8.235027519790057e-07 -1.349673113688041e-07 0)
(8.552027777001268e-07 -1.276700465063333e-07 0)
(8.862255676641981e-07 -1.202524715598215e-07 0)
(9.166326176663704e-07 -1.125610538367061e-07 0)
(9.46474692795681e-07 -1.044440891649039e-07 0)
(9.758049873411961e-07 -9.574300630883378e-08 0)
(1.004658566292185e-06 -8.629528398431565e-08 0)
(1.033096168765572e-06 -7.591407711405462e-08 0)
(1.061128219490299e-06 -6.44157194034617e-08 0)
(1.088868695830706e-06 -5.153593120075084e-08 0)
(1.116256424519348e-06 -3.713501834317529e-08 0)
(4.749067563783986e-07 -2.481705391642759e-07 0)
(5.153934480292959e-07 -2.327012758286276e-07 0)
(5.549420961223713e-07 -2.190136326765457e-07 0)
(5.934408977647459e-07 -2.066245235468122e-07 0)
(6.309090820890509e-07 -1.954110700835677e-07 0)
(6.673425297601651e-07 -1.851639781367612e-07 0)
(7.027917530084969e-07 -1.756869988009337e-07 0)
(7.373013436312688e-07 -1.667916170634842e-07 0)
(7.709345977063119e-07 -1.582973465941662e-07 0)
(8.037512412934666e-07 -1.500348573983907e-07 0)
(8.358146227688668e-07 -1.418427438804655e-07 0)
(8.671830660752211e-07 -1.335666865550927e-07 0)
(8.979143375270863e-07 -1.250549743095768e-07 0)
(9.280591946967214e-07 -1.161573721436434e-07 0)
(9.576719947112881e-07 -1.067175044372236e-07 0)
(9.867943759713234e-07 -9.657657763145458e-08 0)
(1.015490443097179e-06 -8.555436384384132e-08 0)
(1.043787030562293e-06 -7.347702436011543e-08 0)
(1.07179710190367e-06 -6.009843683933395e-08 0)
(1.099500265494993e-06 -4.529347059535268e-08 0)
(4.56063970312177e-07 -2.699296287551495e-07 0)
(4.959758495426536e-07 -2.542377280995183e-07 0)
(5.351747436159666e-07 -2.400514007713018e-07 0)
(5.734612574662839e-07 -2.270027361264722e-07 0)
(6.108580307461666e-07 -2.150134841036416e-07 0)
(6.473199068152121e-07 -2.039208618243054e-07 0)
(6.828780012688127e-07 -1.935602877758624e-07 0)
(7.175521999836095e-07 -1.837681603516573e-07 0)
(7.513880187143801e-07 -1.743814797549158e-07 0)
(7.84429601323221e-07 -1.652435524259948e-07 0)
(8.167287389162065e-07 -1.562016534120785e-07 0)
(8.483355075117253e-07 -1.471076347752858e-07 0)
(8.793021346341785e-07 -1.378146153305348e-07 0)
(9.096775131496877e-07 -1.281766158951756e-07 0)
(9.395150378240146e-07 -1.180425021664396e-07 0)
(9.688608318026536e-07 -1.07259643542579e-07 0)
(9.977801420287008e-07 -9.565757791762266e-08 0)
(1.026312729959367e-06 -8.307483778260493e-08 0)
(1.054568770868819e-06 -6.928644769519018e-08 0)
(1.082562584334816e-06 -5.418214188307318e-08 0)
(4.393783324024956e-07 -2.907853357026916e-07 0)
(4.785326747722808e-07 -2.749957156160107e-07 0)
(5.171760022599515e-07 -2.604636124711776e-07 0)
(5.550434811856906e-07 -2.469051839376602e-07 0)
(5.921635744368784e-07 -2.342797460010121e-07 0)
(6.28457427991871e-07 -2.224638222563297e-07 0)
(6.639404985183579e-07 -2.113245873246431e-07 0)
(6.986105782878756e-07 -2.007240006621405e-07 0)
(7.324972171695764e-07 -1.90518758381483e-07 0)
(7.656295770822992e-07 -1.805673584024557e-07 0)
(7.980480205521925e-07 -1.707285279097712e-07 0)
(8.297936882353595e-07 -1.608631875827667e-07 0)
(8.609124477007212e-07 -1.508318935615373e-07 0)
(8.914497180021144e-07 -1.404959409238157e-07 0)
(9.214567080972239e-07 -1.297113122390836e-07 0)
(9.509816556389913e-07 -1.183352010968937e-07 0)
(9.800889683383809e-07 -1.062068824255706e-07 0)
(1.008828360074133e-06 -9.318189746289996e-08 0)
(1.037305368647724e-06 -7.905792773493393e-08 0)
(1.065562213799201e-06 -6.374108144536057e-08 0)
(4.244898843911559e-07 -3.107210890216755e-07 0)
(4.627876127943218e-07 -2.949406067476361e-07 0)
(5.00740005047664e-07 -2.801798793636172e-07 0)
(5.380440059570048e-07 -2.662306115979084e-07 0)
(5.747326636734198e-07 -2.53085611143169e-07 0)
(6.107044925884702e-07 -2.406549754479502e-07 0)
(6.459628987977983e-07 -2.288366116412719e-07 0)
(6.804882121889047e-07 -2.175167630594814e-07 0)
(7.142963093333146e-07 -2.065723939000409e-07 0)
(7.474030682000449e-07 -1.958781116739982e-07 0)
(7.798380188429311e-07 -1.853057111814196e-07 0)
(8.116335825622e-07 -1.747268461152279e-07 0)
(8.428284924001761e-07 -1.640117741599529e-07 0)
(8.734643945747406e-07 -1.530303566145665e-07 0)
(9.035882396736616e-07 -1.416490214376353e-07 0)
(9.332503488336943e-07 -1.297338516206419e-07 0)
(9.625120449115914e-07 -1.171390393858098e-07 0)
(9.914282115894527e-07 -1.037369553024589e-07 0)
(1.020100157629596e-06 -8.934915552517296e-08 0)
(1.048590892547729e-06 -7.389774473187849e-08 0)
(4.111084413185978e-07 -3.297557051310665e-07 0)
(4.484905177416602e-07 -3.140596561894339e-07 0)
(4.856601334133722e-07 -2.991672540372558e-07 0)
(5.222998298080732e-07 -2.849328633011211e-07 0)
(5.584440802264871e-07 -2.713760945670455e-07 0)
(5.939780745930997e-07 -2.584350398314651e-07 0)
(6.288956941250662e-07 -2.460353757377176e-07 0)
(6.63164293306926e-07 -2.340863027683854e-07 0)
(6.967885500950153e-07 -2.224846841522341e-07 0)
(7.297730153309393e-07 -2.111217780166563e-07 0)
(7.62137723130241e-07 -1.998833166082171e-07 0)
(7.939065894969912e-07 -1.886532382202486e-07 0)
(8.251119565659793e-07 -1.773124510223118e-07 0)
(8.557898151937397e-07 -1.657424146100577e-07 0)
(8.859845330461318e-07 -1.538186779266342e-07 0)
(9.157435686308403e-07 -1.414248339288067e-07 0)
(9.451257570341922e-07 -1.284159698897916e-07 0)
(9.741897232394094e-07 -1.146953336762941e-07 0)
(1.003030251343946e-06 -1.001045220531343e-07 0)
(1.031725073008762e-06 -8.458283633191171e-08 0)
(3.989573940051725e-07 -3.479234781422625e-07 0)
(4.354001475990765e-07 -3.323663757564547e-07 0)
(4.717353045537999e-07 -3.174163445785999e-07 0)
(5.076466541484554e-07 -3.029823205296262e-07 0)
(5.43168499103767e-07 -2.89104641056375e-07 0)
(5.78180744562545e-07 -2.75744880448764e-07 0)
(6.126700817513778e-07 -2.628536358142816e-07 0)
(6.465950554333092e-07 -2.503613877831148e-07 0)
(6.79951703703692e-07 -2.381835214321245e-07 0)
(7.127354989477038e-07 -2.262277219862163e-07 0)
(7.449581049915062e-07 -2.143938427418638e-07 0)
(7.766363376390621e-07 -2.025783666917572e-07 0)
(8.077949559808523e-07 -1.906744851096878e-07 0)
(8.384669076678836e-07 -1.785736166476858e-07 0)
(8.686874092057663e-07 -1.66167566412626e-07 0)
(8.98510686990838e-07 -1.533413608487728e-07 0)
(9.279882420854002e-07 -1.399786148642373e-07 0)
(9.571701154161397e-07 -1.259968798892046e-07 0)
(9.861536681721637e-07 -1.112595027593983e-07 0)
(1.015022321185039e-06 -9.572093865275951e-08 0)
(3.877933614655157e-07 -3.652778423042379e-07 0)
(4.232960854833825e-07 -3.498923686037042e-07 0)
(4.587720719487238e-07 -3.34940554579099e-07 0)
(4.939184819506661e-07 -3.203757017873564e-07 0)
(5.287684229969589e-07 -3.062552797126878e-07 0)
(5.632019046203803e-07 -2.925592190326809e-07 0)
(5.972005603931055e-07 -2.792588113454407e-07 0)
(6.307178525931267e-07 -2.663046655807115e-07 0)
(6.637437220177148e-07 -2.536288782076679e-07 0)
(6.962661999590057e-07 -2.411549050106209e-07 0)
(7.282906024193577e-07 -2.287962512241949e-07 0)
(7.598264254508554e-07 -2.164623967056898e-07 0)
(7.908941278965816e-07 -2.040578763733322e-07 0)
(8.21516803512606e-07 -1.91488740951723e-07 0)
(8.517356238706569e-07 -1.786538518607563e-07 0)
(8.815756984618195e-07 -1.654844929638716e-07 0)
(9.111224938017594e-07 -1.517968274391525e-07 0)
(9.404008488721458e-07 -1.375992593939371e-07 0)
(9.695044921023118e-07 -1.227587404268688e-07 0)
(9.985195792669706e-07 -1.072436566681484e-07 0)
(3.773980277088106e-07 -3.818741276807195e-07 0)
(4.119759723518807e-07 -3.666778921429336e-07 0)
(4.465894754791544e-07 -3.517633190896142e-07 0)
(4.809556469228045e-07 -3.371230246184317e-07 0)
(5.151053523926675e-07 -3.228244568206617e-07 0)
(5.489248690177452e-07 -3.088614595692793e-07 0)
(5.823925211921119e-07 -2.952250940590497e-07 0)
(6.154578753540641e-07 -2.818846704801093e-07 0)
(6.481077739642763e-07 -2.687853662555437e-07 0)
(6.803244948193502e-07 -2.558659176791007e-07 0)
(7.121079195229327e-07 -2.430522981678247e-07 0)
(7.434630280749371e-07 -2.302665674302132e-07 0)
(7.744021346974289e-07 -2.17424712672521e-07 0)
(8.049507563753573e-07 -2.044438420587359e-07 0)
(8.351243877143918e-07 -1.912423136217036e-07 0)
(8.649892969334887e-07 -1.777174321596161e-07 0)
(8.945731782268932e-07 -1.638025978792132e-07 0)
(9.239171354358718e-07 -1.494428176057332e-07 0)
(9.531137453518207e-07 -1.345420983547839e-07 0)
(9.822468449956224e-07 -1.190812985234095e-07 0)
(3.675766985529567e-07 -3.977727562707856e-07 0)
(4.012556221630603e-07 -3.827698840096783e-07 0)
(4.350161925495611e-07 -3.679200105834305e-07 0)
(4.686039882909662e-07 -3.532419895173178e-07 0)
(5.020438369997273e-07 -3.388201935101768e-07 0)
(5.352301681126648e-07 -3.24655377442254e-07 0)
(5.681436833316581e-07 -3.107483339948047e-07 0)
(6.007295421379349e-07 -2.970896449746233e-07 0)
(6.329750012473205e-07 -2.836362683224197e-07 0)
(6.648559772417094e-07 -2.703398854688277e-07 0)
(6.963693970645166e-07 -2.571387604699946e-07 0)
(7.275150285162121e-07 -2.439658065383627e-07 0)
(7.583011058111899e-07 -2.307490814819139e-07 0)
(7.88748698716045e-07 -2.174129950010335e-07 0)
(8.188715814626852e-07 -2.038879350502709e-07 0)
(8.487236808911857e-07 -1.900694047712855e-07 0)
(8.78308190826057e-07 -1.759840336752018e-07 0)
(9.077144032292525e-07 -1.614892401848092e-07 0)
(9.369810736340028e-07 -1.465565965608999e-07 0)
(9.662092326492476e-07 -1.311708690228065e-07 0)
(3.581533120031631e-07 -4.13027502853609e-07 0)
(3.909635929940086e-07 -3.982155727314126e-07 0)
(4.238947309782066e-07 -3.834441575004161e-07 0)
(4.56716909719806e-07 -3.687681321033117e-07 0)
(4.894501976320213e-07 -3.542646649938604e-07 0)
(5.219965992721814e-07 -3.399426530806771e-07 0)
(5.543517664095583e-07 -3.258221852388179e-07 0)
(5.864455013773514e-07 -3.11911173132658e-07 0)
(6.1827091263565e-07 -2.981687708722841e-07 0)
(6.497987556973505e-07 -2.845612179516297e-07 0)
(6.810232312988378e-07 -2.710367457802024e-07 0)
(7.119399065530154e-07 -2.575392539480127e-07 0)
(7.425525775061667e-07 -2.440076183470566e-07 0)
(7.728769733640615e-07 -2.303772715232898e-07 0)
(8.029242934206131e-07 -2.165897151065003e-07 0)
(8.32738462036392e-07 -2.025728586779144e-07 0)
(8.62341149497569e-07 -1.882918875910144e-07 0)
(8.917774571777426e-07 -1.737005024432561e-07 0)
(9.211032142521631e-07 -1.587554308456678e-07 0)
(9.504027090462665e-07 -1.4345636873982e-07 0)
(3.489651582867424e-07 -4.276959874228598e-07 0)
(3.809463621613514e-07 -4.130650044599255e-07 0)
(4.130683571047636e-07 -3.98388251015093e-07 0)
(4.4518184149673e-07 -3.837141112050929e-07 0)
(4.77184909290123e-07 -3.691692329105095e-07 0)
(5.090707448481088e-07 -3.54758153555793e-07 0)
(5.408993718098943e-07 -3.404751015933043e-07 0)
(5.725029116285522e-07 -3.263599383551194e-07 0)
(6.039115391179198e-07 -3.123874974763316e-07 0)
(6.35082111066622e-07 -2.985269514170838e-07 0)
(6.660120924975404e-07 -2.84738693211472e-07 0)
(6.966920072612878e-07 -2.709744202167033e-07 0)
(7.27123654022674e-07 -2.571828488530099e-07 0)
(7.573163443365552e-07 -2.433083771679054e-07 0)
(7.872814545068003e-07 -2.293021445292549e-07 0)
(8.170468363310208e-07 -2.15106166981771e-07 0)
(8.466383179575121e-07 -2.006996195633349e-07 0)
(8.760978511437772e-07 -1.860350281978263e-07 0)
(9.054639811123481e-07 -1.710964638198567e-07 0)
(9.348167455785922e-07 -1.558875008523587e-07 0)
(3.398548356745473e-07 -4.418203923188749e-07 0)
(3.710300299823281e-07 -4.273597580037636e-07 0)
(4.023810229431403e-07 -4.127865221587224e-07 0)
(4.337482588175493e-07 -3.9815566548781e-07 0)
(4.651251471827296e-07 -3.835737076648576e-07 0)
(4.964502210814068e-07 -3.690869464810035e-07 0)
(5.277019324275675e-07 -3.547098035215818e-07 0)
(5.588332301090834e-07 -3.404440081678592e-07 0)
(5.898208718689323e-07 -3.262961454840328e-07 0)
(6.206388513219022e-07 -3.122386533717797e-07 0)
(6.512741069380543e-07 -2.982424346257223e-07 0)
(6.817167034796429e-07 -2.842665560809629e-07 0)
(7.119639383403214e-07 -2.702680466804325e-07 0)
(7.420209589248107e-07 -2.562003596663323e-07 0)
(7.718956517791207e-07 -2.42021826634285e-07 0)
(8.016096909454618e-07 -2.276894797950819e-07 0)
(8.311832716731927e-07 -2.13178190187432e-07 0)
(8.606508436657608e-07 -1.984649167901036e-07 0)
(8.900448838209591e-07 -1.835417544621006e-07 0)
(9.194336603531421e-07 -1.684212337977426e-07 0)
(3.306790789927823e-07 -4.554472064746694e-07 0)
(3.61091875998877e-07 -4.411451868552204e-07 0)
(3.917106244187897e-07 -4.266708106992832e-07 0)
(4.22394795649633e-07 -4.120974078720094e-07 0)
(4.531488603747405e-07 -3.97526944477462e-07 0)
(4.839049925028883e-07 -3.830030325820919e-07 0)
(5.14642397311166e-07 -3.685483710385617e-07 0)
(5.453178873208878e-07 -3.541835165890106e-07 0)
(5.759098837274821e-07 -3.399079822253973e-07 0)
(6.063900592995483e-07 -3.257059019662105e-07 0)
(6.367435123293635e-07 -3.115529875584959e-07 0)
(6.669571437145154e-07 -2.974158772186145e-07 0)
(6.970253741713316e-07 -2.832582788162702e-07 0)
(7.269487477962941e-07 -2.690411373143107e-07 0)
(7.567321815149813e-07 -2.547299354201476e-07 0)
(7.863900234996907e-07 -2.402910259834913e-07 0)
(8.159385907467666e-07 -2.257065995868923e-07 0)
(8.454064680295256e-07 -2.109613161756838e-07 0)
(8.748172822491834e-07 -1.960602117300371e-07 0)
(9.042287139415344e-07 -1.810207562492785e-07 0)
(3.212864374433485e-07 -4.686102230226038e-07 0)
(3.509766747223893e-07 -4.544594449269791e-07 0)
(3.809055217862122e-07 -4.400924294866686e-07 0)
(4.109541289154055e-07 -4.255900226564794e-07 0)
(4.411240122794904e-07 -4.110470835049664e-07 0)
(4.713513686943617e-07 -3.965154470866436e-07 0)
(5.016128301679813e-07 -3.82028489058683e-07 0)
(5.318699652410487e-07 -3.676026048007796e-07 0)
(5.620960255673196e-07 -3.532449433272984e-07 0)
(5.922644170162589e-07 -3.389438739576861e-07 0)
(6.223563113750339e-07 -3.246809485104161e-07 0)
(6.523567837106059e-07 -3.104283152016332e-07 0)
(6.82256865735669e-07 -2.96155350992967e-07 0)
(7.120535858887974e-07 -2.818292995435751e-07 0)
(7.417482300679815e-07 -2.67421183350722e-07 0)
(7.713501840692521e-07 -2.529053872008986e-07 0)
(8.008706236105349e-07 -2.382682695658928e-07 0)
(8.303318292592659e-07 -2.235041652989253e-07 0)
(8.597510754696751e-07 -2.086258595721471e-07 0)
(8.891740930866439e-07 -1.936562177124782e-07 0)
(3.115165346508391e-07 -4.813660714475119e-07 0)
(3.405297528705066e-07 -4.673596338516488e-07 0)
(3.698184215563778e-07 -4.531036225174601e-07 0)
(3.992846455211467e-07 -4.386841542791221e-07 0)
(4.289224299788996e-07 -4.241932015575828e-07 0)
(4.586742360160718e-07 -4.096827093753086e-07 0)
(4.885116150964032e-07 -3.951915606224155e-07 0)
(5.183960323356911e-07 -3.807410455052584e-07 0)
(5.482986585650465e-07 -3.663391212695455e-07 0)
(5.781908050609605e-07 -3.51979407835146e-07 0)
(6.080509499162742e-07 -3.376468388477626e-07 0)
(6.378613901973886e-07 -3.233183477444117e-07 0)
(6.676103190410077e-07 -3.089676815259427e-07 0)
(6.972914793916156e-07 -2.945670610712191e-07 0)
(7.269031798746732e-07 -2.800922682040684e-07 0)
(7.564505208572662e-07 -2.655233314484419e-07 0)
(7.859407593258349e-07 -2.50851627399002e-07 0)
(8.153905437867437e-07 -2.360772141375381e-07 0)
(8.448114113237238e-07 -2.212195454526094e-07 0)
(8.742377161951797e-07 -2.06305257978574e-07 0)
(3.012118832057779e-07 -4.937157716521337e-07 0)
(3.295989248128306e-07 -4.798586708048355e-07 0)
(3.583065618277003e-07 -4.657275386033316e-07 0)
(3.872551455068584e-07 -4.514092695052404e-07 0)
(4.164271241608822e-07 -4.369931263871295e-07 0)
(4.457682437524308e-07 -4.225327277878104e-07 0)
(4.752448131021267e-07 -4.080702965386098e-07 0)
(5.048156999056963e-07 -3.936282221484451e-07 0)
(5.344477280327104e-07 -3.792173798649944e-07 0)
(5.641093710288354e-07 -3.648343668009126e-07 0)
(5.937754106926676e-07 -3.504674891039674e-07 0)
(6.234253262988002e-07 -3.360973271953727e-07 0)
(6.530444737812109e-07 -3.217013042056828e-07 0)
(6.826240544895266e-07 -3.072556262423004e-07 0)
(7.121600664937953e-07 -2.927397718426884e-07 0)
(7.416548526371125e-07 -2.781381234604157e-07 0)
(7.711128728723406e-07 -2.634455035743469e-07 0)
(8.005464567484522e-07 -2.486665486927287e-07 0)
(8.299629811919811e-07 -2.338244752304852e-07 0)
(8.59386771622427e-07 -2.189492367131302e-07 0)
(2.901598471547234e-07 -5.057738093347321e-07 0)
(3.179843212118433e-07 -4.920692680391775e-07 0)
(3.46186919631084e-07 -4.780726646778842e-07 0)
(3.747004566437567e-07 -4.638689192018173e-07 0)
(4.034934776297578e-07 -4.495454792733779e-07 0)
(4.325105012236405e-07 -4.351561578386068e-07 0)
(4.617093803474839e-07 -4.207447029493199e-07 0)
(4.910436595473096e-07 -4.063354076924083e-07 0)
(5.204740767580064e-07 -3.919407806608137e-07 0)
(5.49964172187261e-07 -3.775601899663122e-07 0)
(5.794842919147693e-07 -3.631845212605669e-07 0)
(6.090104797123134e-07 -3.487974656410386e-07 0)
(6.385255431970533e-07 -3.3437946798442e-07 0)
(6.680189459814895e-07 -3.199099295287622e-07 0)
(6.974857970516006e-07 -3.053713355526108e-07 0)
(7.269277458354123e-07 -2.907511519978572e-07 0)
(7.563487861336558e-07 -2.760469417658941e-07 0)
(7.857597600261591e-07 -2.612660310642718e-07 0)
(8.151654178351354e-07 -2.464337890766982e-07 0)
(8.445832215648064e-07 -2.315815272333507e-07 0)
(2.782311478736115e-07 -5.174478844956922e-07 0)
(3.055670544358329e-07 -5.039312490274093e-07 0)
(3.333535442745189e-07 -4.901056385373481e-07 0)
(3.615276012816872e-07 -4.760515927085665e-07 0)
(3.900419885551609e-07 -4.618541423176923e-07 0)
(4.18833971317247e-07 -4.47567481537499e-07 0)
(4.478504273102428e-07 -4.332360797288006e-07 0)
(4.770360620883564e-07 -4.1888573562251e-07 0)
(5.063430901764432e-07 -4.045311572485061e-07 0)
(5.357281355293757e-07 -3.901744090563962e-07 0)
(5.651558562135631e-07 -3.758094459075038e-07 0)
(5.945983231082318e-07 -3.61423265714096e-07 0)
(6.240359581372966e-07 -3.469996631369715e-07 0)
(6.534574973994525e-07 -3.325213077662694e-07 0)
(6.828588113745704e-07 -3.179736309283258e-07 0)
(7.122434652494626e-07 -3.033465742001223e-07 0)
(7.416180166611812e-07 -2.886394535038862e-07 0)
(7.709955796770106e-07 -2.738603092157314e-07 0)
(8.003817010938283e-07 -2.590338732022354e-07 0)
(8.297906971797198e-07 -2.441913069870761e-07 0)
(2.12511548125463e-08 -4.576994847018458e-07 0)
(6.407185175119594e-08 -4.508891558483523e-07 0)
(1.078612676644187e-07 -4.375507921951777e-07 0)
(1.531612462388107e-07 -4.182051355629527e-07 0)
(2.004246445476511e-07 -3.935969812842461e-07 0)
(2.499367954293567e-07 -3.646470715719658e-07 0)
(3.018119766049402e-07 -3.324040825321314e-07 0)
(3.559655565744163e-07 -2.979864000753781e-07 0)
(4.121467789089927e-07 -2.625258156538319e-07 0)
(4.699658325769969e-07 -2.269471072727111e-07 0)
(2.06186643731797e-08 -4.647054027465459e-07 0)
(6.212595222086337e-08 -4.584837237424349e-07 0)
(1.044472566079384e-07 -4.462900190148243e-07 0)
(1.480400442276095e-07 -4.285637688228818e-07 0)
(1.932914657088397e-07 -4.059383139861048e-07 0)
(2.404523243128226e-07 -3.791973020903116e-07 0)
(2.896242875159936e-07 -3.492333794343827e-07 0)
(3.407402598897951e-07 -3.170067814652031e-07 0)
(3.93494604841323e-07 -2.835533638534855e-07 0)
(4.476602238616583e-07 -2.495447878559016e-07 0)
(2.006866238636886e-08 -4.718852239623368e-07 0)
(6.042976318062335e-08 -4.661968175073862e-07 0)
(1.014588458651755e-07 -4.550397692602361e-07 0)
(1.435301079405717e-07 -4.387950205978097e-07 0)
(1.869647736624067e-07 -4.180103701620785e-07 0)
(2.319798495680735e-07 -3.933605386878296e-07 0)
(2.786764340157533e-07 -3.656118692019562e-07 0)
(3.27057086124485e-07 -3.355638240903356e-07 0)
(3.768924828826992e-07 -3.041236118792128e-07 0)
(4.28068157922457e-07 -2.716503459960947e-07 0)
(1.957948087736597e-08 -4.792544232111809e-07 0)
(5.892650665845153e-08 -4.740205273535638e-07 0)
(9.88314104178737e-08 -4.637477848191506e-07 0)
(1.396052812618962e-07 -4.487688787665895e-07 0)
(1.815149527355557e-07 -4.295641790992602e-07 0)
(2.247402096160505e-07 -4.067235594281652e-07 0)
(2.693569211913843e-07 -3.809262574576904e-07 0)
(3.153681336715326e-07 -3.528657553334493e-07 0)
(3.625867778793524e-07 -3.233913930315739e-07 0)
(4.109032472842626e-07 -2.927400675115119e-07 0)
(1.912824201562676e-08 -4.868083136128141e-07 0)
(5.754195089211107e-08 -4.819794987300807e-07 0)
(9.642033697733502e-08 -4.724963065882943e-07 0)
(1.360211249595257e-07 -4.586544830865665e-07 0)
(1.765671189031519e-07 -4.408811365538113e-07 0)
(2.182095992860209e-07 -4.196949503969611e-07 0)
(2.61017412495647e-07 -3.956982225858225e-07 0)
(3.049920710792672e-07 -3.694815827402699e-07 0)
(3.500095893347599e-07 -3.418127730905959e-07 0)
(3.958612938326875e-07 -3.129000134702301e-07 0)
(1.870858905940076e-08 -4.94535018290989e-07 0)
(5.625833882963668e-08 -4.900579081984713e-07 0)
(9.419976134293912e-08 -4.812607400286333e-07 0)
(1.327478868610167e-07 -4.684089085825111e-07 0)
(1.72088923230772e-07 -4.518873713222458e-07 0)
(2.123441139284293e-07 -4.321602951257432e-07 0)
(2.535731485880035e-07 -4.097743158962361e-07 0)
(2.957570227195102e-07 -3.852524721395348e-07 0)
(3.388435607641999e-07 -3.592849688383187e-07 0)
(3.825414910885357e-07 -3.320949706052308e-07 0)
(1.830722657327481e-08 -5.024247685974871e-07 0)
(5.503392352724299e-08 -4.982603138567969e-07 0)
(9.209335999399021e-08 -4.900738622627087e-07 0)
(1.296662769923529e-07 -4.781060306562204e-07 0)
(1.679111291056299e-07 -4.627063193687597e-07 0)
(2.069249257934062e-07 -4.442926573521719e-07 0)
(2.467653764357541e-07 -4.23360179752314e-07 0)
(2.873895240546444e-07 -4.003785328290299e-07 0)
(3.288017025008672e-07 -3.759598729607002e-07 0)
(3.706411416723603e-07 -3.50375352473742e-07 0)
(1.791905814454013e-08 -5.104577511711517e-07 0)
(5.385323817024647e-08 -5.065686915369116e-07 0)
(9.007405370157044e-08 -4.989206292795463e-07 0)
(1.267349289353838e-07 -4.877336720775962e-07 0)
(1.639722255297387e-07 -4.733280758583285e-07 0)
(2.018613399482631e-07 -4.560857907685776e-07 0)
(2.404589444258299e-07 -4.364592196356478e-07 0)
(2.797013221493006e-07 -4.14881061430599e-07 0)
(3.196365313293639e-07 -3.918882480996222e-07 0)
(3.598686158233215e-07 -3.67795702887068e-07 0)
(1.753655506042385e-08 -5.186183299285173e-07 0)
(5.269291416979378e-08 -5.149750600853016e-07 0)
(8.810007482019185e-08 -5.078078833362676e-07 0)
(1.238903903250805e-07 -4.973194382863205e-07 0)
(1.601837327754413e-07 -4.838042482854178e-07 0)
(1.970387817434159e-07 -4.676138403854847e-07 0)
(2.345117873917779e-07 -4.491615476236066e-07 0)
(2.725237317835361e-07 -4.288520470775581e-07 0)
(3.111479073915099e-07 -4.071565139244699e-07 0)
(3.499807481204517e-07 -3.844265505864176e-07 0)
(1.715518233265262e-08 -5.26884166536129e-07 0)
(5.153894081141576e-08 -5.234601091082317e-07 0)
(8.614634947568874e-08 -5.167220812631942e-07 0)
(1.210938455148829e-07 -5.068578038373665e-07 0)
(1.564887286646776e-07 -4.94139491539578e-07 0)
(1.923771375125561e-07 -4.788936596516355e-07 0)
(2.288143907662967e-07 -4.614993719805076e-07 0)
(2.657137170686282e-07 -4.423388949304002e-07 0)
(3.031600987143232e-07 -4.218264416918239e-07 0)
(3.407635146076662e-07 -4.003359320576307e-07 0)
(1.676970945518584e-08 -5.352351919285582e-07 0)
(5.037520239028157e-08 -5.320083220956654e-07 0)
(8.418449055500526e-08 -5.256564591208802e-07 0)
(1.183027287730741e-07 -5.163541106162036e-07 0)
(1.528280941131837e-07 -5.043533827655937e-07 0)
(1.87798485571366e-07 -4.899589286906992e-07 0)
(2.232674219646128e-07 -4.735191881886315e-07 0)
(2.591467840796635e-07 -4.553969473965642e-07 0)
(2.955221909395309e-07 -4.35959795076712e-07 0)
(3.320316445102098e-07 -4.155912909272051e-07 0)
(1.637578698639026e-08 -5.436458653863624e-07 0)
(4.918831160288613e-08 -5.405970026672474e-07 0)
(8.219092371101658e-08 -5.345938464121298e-07 0)
(1.154814237838865e-07 -5.257990688309823e-07 0)
(1.491516114627909e-07 -5.144467019960957e-07 0)
(1.832349061818931e-07 -5.008220327087391e-07 0)
(2.177825809206024e-07 -4.852463859605222e-07 0)
(2.527104434349313e-07 -4.680642672840652e-07 0)
(2.88098211502562e-07 -4.496049776389616e-07 0)
(3.236191034360287e-07 -4.302513243146331e-07 0)
(1.596866041241168e-08 -5.520927898032396e-07 0)
(4.796373011865266e-08 -5.492058010345723e-07 0)
(8.014046678393288e-08 -5.435197738967751e-07 0)
(1.125927911424297e-07 -5.351864399124972e-07 0)
(1.454085623320196e-07 -5.244232224731995e-07 0)
(1.786200435104405e-07 -5.11497539316915e-07 0)
(2.122760825192372e-07 -4.967065540033341e-07 0)
(2.463004004175401e-07 -4.803769957861091e-07 0)
(2.807624740698684e-07 -4.628073384428207e-07 0)
(3.15375718594621e-07 -4.443717270744718e-07 0)
(1.554359524207088e-08 -5.60543086466039e-07 0)
(4.668701614813686e-08 -5.578042365437675e-07 0)
(7.800822947483972e-08 -5.524084498083276e-07 0)
(1.096002732132105e-07 -5.444971810044384e-07 0)
(1.415492525863049e-07 -5.34272482789234e-07 0)
(1.738890668810416e-07 -5.219849206380076e-07 0)
(2.06666592319545e-07 -5.079099470985234e-07 0)
(2.398158969779048e-07 -4.923564538239134e-07 0)
(2.733948396604304e-07 -4.755977306840403e-07 0)
(3.071557087694069e-07 -4.579936699011495e-07 0)
(1.509517449607206e-08 -5.689724271282027e-07 0)
(4.534173274923275e-08 -5.663702746711378e-07 0)
(7.576619397487043e-08 -5.612422951343623e-07 0)
(1.064633578667214e-07 -5.537200795970955e-07 0)
(1.375196536908125e-07 -5.439912028527636e-07 0)
(1.689730478150741e-07 -5.322899890868918e-07 0)
(2.008693864093789e-07 -5.188720509276316e-07 0)
(2.331550084903419e-07 -5.040284294808564e-07 0)
(2.658761397000549e-07 -4.880110941540316e-07 0)
(2.988237565510423e-07 -4.711626080535925e-07 0)
(1.461761377385694e-08 -5.773293049240047e-07 0)
(4.391037858500415e-08 -5.748544959633957e-07 0)
(7.338466769673574e-08 -5.699760153695205e-07 0)
(1.031393553208738e-07 -5.628158737758159e-07 0)
(1.332632029378852e-07 -5.53547870038319e-07 0)
(1.638003444475941e-07 -5.42390469508271e-07 0)
(1.947969727526052e-07 -5.295809164388514e-07 0)
(2.262129325312495e-07 -5.153922919822567e-07 0)
(2.580839957209638e-07 -5.000583372020193e-07 0)
(2.902381107428481e-07 -4.83901905011127e-07 0)
(1.410372445455968e-08 -5.856004692587136e-07 0)
(4.237126616475482e-08 -5.832456083536108e-07 0)
(7.082708292572842e-08 -5.786021178027781e-07 0)
(9.957616415689874e-08 -5.71782591035601e-07 0)
(1.28711647075068e-07 -5.629474836216285e-07 0)
(1.582857479185176e-07 -5.522996076599769e-07 0)
(1.883469296992979e-07 -5.400587793395775e-07 0)
(2.188695436104081e-07 -5.264801211075586e-07 0)
(2.498811049929035e-07 -5.117810376911303e-07 0)
(2.812447385590956e-07 -4.962634990914007e-07 0)
(1.354612465355261e-08 -5.936805943686357e-07 0)
(4.070220176454353e-08 -5.914403624227542e-07 0)
(6.80561432427832e-08 -5.870215800620597e-07 0)
(9.572078640055031e-08 -5.805275625036842e-07 0)
(1.237957630933403e-07 -5.721057999293744e-07 0)
(1.523431860217542e-07 -5.619436253650195e-07 0)
(1.814162234621053e-07 -5.50244181021216e-07 0)
(2.110046642245554e-07 -5.372445001612452e-07 0)
(2.411309255654974e-07 -5.231473016411941e-07 0)
(2.716913414239996e-07 -5.082323220496989e-07 0)
(1.293333428808644e-08 -6.016206309413542e-07 0)
(3.886873001391617e-08 -5.994916193395515e-07 0)
(6.501430321897957e-08 -5.952907468456501e-07 0)
(9.149214470798601e-08 -5.891121850983432e-07 0)
(1.18410836114749e-07 -5.810905506743302e-07 0)
(1.458441484599627e-07 -5.713978451485243e-07 0)
(1.738535908642102e-07 -5.602206348657092e-07 0)
(2.024448590846127e-07 -5.4777818748744e-07 0)
(2.316408438186467e-07 -5.34258647501665e-07 0)
(2.613670731533794e-07 -5.199200287340738e-07 0)
(1.226006179242173e-08 -6.091381342504457e-07 0)
(3.685495843985252e-08 -6.071197225956892e-07 0)
(6.167457167648756e-08 -6.031359626433653e-07 0)
(8.685073196814712e-08 -5.972721265982975e-07 0)
(1.125035969020238e-07 -5.896503603600327e-07 0)
(1.387201302412103e-07 -5.804278838987324e-07 0)
(1.655749081886188e-07 -5.697747971136904e-07 0)
(1.930898039560091e-07 -5.57892698035385e-07 0)
(2.212967920319161e-07 -5.449555498922129e-07 0)
(2.501430436308579e-07 -5.311995402588513e-07 0)
)


// ************************************************************************* //
