/*--------------------------------*- C++ -*----------------------------------*\
| =========                 |                                                 |
| \\      /  F ield         | foam-extend: Open Source CFD                    |
|  \\    /   O peration     | Version:     4.1                                |
|   \\  /    A nd           | Web:         http://www.foam-extend.org         |
|    \\/     M anipulation  |                                                 |
\*---------------------------------------------------------------------------*/
FoamFile
{
    version     2.0;
    format      ascii;
    class       pointVectorField;
    location    "6";
    object      pointD;
}
// * * * * * * * * * * * * * * * * * * * * * * * * * * * * * * * * * * * * * //

dimensions      [0 1 0 0 0 0 0];

internalField   nonuniform List<vector> 
2142
(
(3.48831e-06 -1.44874e-06 -1.91476e-22)
(3.25123e-06 -1.28468e-06 0)
(3.106e-06 -1.19209e-06 0)
(3.01628e-06 -1.13737e-06 0)
(2.96723e-06 -1.11056e-06 0)
(2.94693e-06 -1.10176e-06 0)
(2.94785e-06 -1.10574e-06 0)
(2.96459e-06 -1.11847e-06 0)
(2.99332e-06 -1.13735e-06 0)
(3.03126e-06 -1.16057e-06 0)
(3.07752e-06 -1.18777e-06 0)
(3.20078e-06 -1.56038e-06 -8.37227e-23)
(2.9435e-06 -1.43047e-06 0)
(2.78566e-06 -1.35958e-06 0)
(2.68768e-06 -1.31897e-06 0)
(2.63275e-06 -1.30163e-06 0)
(2.60795e-06 -1.29929e-06 0)
(2.60503e-06 -1.30788e-06 0)
(2.61827e-06 -1.32395e-06 0)
(2.64346e-06 -1.34548e-06 0)
(2.67785e-06 -1.37062e-06 0)
(2.7187e-06 -1.39918e-06 0)
(2.89422e-06 -1.66275e-06 1.31228e-22)
(2.62648e-06 -1.57275e-06 0)
(2.46207e-06 -1.5271e-06 0)
(2.35965e-06 -1.50283e-06 0)
(2.30121e-06 -1.49638e-06 0)
(2.27332e-06 -1.50137e-06 0)
(2.26731e-06 -1.51511e-06 0)
(2.27729e-06 -1.53487e-06 0)
(2.2989e-06 -1.55928e-06 0)
(2.32914e-06 -1.58652e-06 0)
(2.36537e-06 -1.61735e-06 0)
(2.57058e-06 -1.75513e-06 3.02554e-22)
(2.30311e-06 -1.70851e-06 0)
(2.13874e-06 -1.69019e-06 0)
(2.03611e-06 -1.68359e-06 0)
(1.97681e-06 -1.68883e-06 0)
(1.94741e-06 -1.70162e-06 0)
(1.93924e-06 -1.72073e-06 0)
(1.94641e-06 -1.74428e-06 0)
(1.96466e-06 -1.77154e-06 0)
(1.99095e-06 -1.80096e-06 0)
(2.02306e-06 -1.83363e-06 0)
(2.23183e-06 -1.8368e-06 1.02802e-23)
(1.9758e-06 -1.83457e-06 0)
(1.81839e-06 -1.84417e-06 0)
(1.71992e-06 -1.85558e-06 0)
(1.6625e-06 -1.8727e-06 0)
(1.63328e-06 -1.89336e-06 0)
(1.62392e-06 -1.91786e-06 0)
(1.62882e-06 -1.94516e-06 0)
(1.64397e-06 -1.97516e-06 0)
(1.66641e-06 -2.00674e-06 0)
(1.69442e-06 -2.04114e-06 0)
(1.88004e-06 -1.90712e-06 -1.86247e-22)
(1.64645e-06 -1.94778e-06 0)
(1.5028e-06 -1.9843e-06 0)
(1.41282e-06 -2.01307e-06 0)
(1.36e-06 -2.04161e-06 0)
(1.3326e-06 -2.06982e-06 0)
(1.32303e-06 -2.09944e-06 0)
(1.32618e-06 -2.1303e-06 0)
(1.33845e-06 -2.16288e-06 0)
(1.35712e-06 -2.19652e-06 0)
(1.38087e-06 -2.23251e-06 0)
(1.5173e-06 -1.9655e-06 2.35192e-23)
(1.31643e-06 -2.04513e-06 0)
(1.19287e-06 -2.10608e-06 0)
(1.11539e-06 -2.15061e-06 0)
(1.06969e-06 -2.18948e-06 0)
(1.04567e-06 -2.22451e-06 0)
(1.03679e-06 -2.25874e-06 0)
(1.03867e-06 -2.29281e-06 0)
(1.04825e-06 -2.3277e-06 0)
(1.06317e-06 -2.36322e-06 0)
(1.08247e-06 -2.4006e-06 0)
(1.14577e-06 -2.01144e-06 2.57122e-23)
(9.86578e-07 -2.12393e-06 0)
(8.88637e-07 -2.20546e-06 0)
(8.27179e-07 -2.26325e-06 0)
(7.908e-07 -2.31082e-06 0)
(7.715e-07 -2.35158e-06 0)
(7.64088e-07 -2.38968e-06 0)
(7.65106e-07 -2.42644e-06 0)
(7.7216e-07 -2.46328e-06 0)
(7.83332e-07 -2.5004e-06 0)
(7.98001e-07 -2.53893e-06 0)
(7.67615e-07 -2.04452e-06 6.91195e-23)
(6.573e-07 -2.1819e-06 0)
(5.89401e-07 -2.27901e-06 0)
(5.46768e-07 -2.34685e-06 0)
(5.21467e-07 -2.401e-06 0)
(5.07958e-07 -2.44609e-06 0)
(5.02642e-07 -2.48713e-06 0)
(5.03123e-07 -2.52592e-06 0)
(5.07755e-07 -2.56423e-06 0)
(5.15194e-07 -2.60259e-06 0)
(5.25069e-07 -2.642e-06 0)
(3.85057e-07 -2.06443e-06 1.05986e-22)
(3.28626e-07 -2.21733e-06 0)
(2.93857e-07 -2.32417e-06 0)
(2.72008e-07 -2.39829e-06 0)
(2.59016e-07 -2.45654e-06 0)
(2.52047e-07 -2.50435e-06 0)
(2.49261e-07 -2.54721e-06 0)
(2.4943e-07 -2.58728e-06 0)
(2.51716e-07 -2.62651e-06 0)
(2.55427e-07 -2.66565e-06 0)
(2.60389e-07 -2.70561e-06 0)
(0 -2.07089e-06 7.4324e-23)
(0 -2.22919e-06 -3.01502e-25)
(0 -2.33948e-06 0)
(0 -2.41564e-06 0)
(0 -2.47534e-06 0)
(0 -2.52404e-06 0)
(0 -2.56755e-06 0)
(0 -2.60804e-06 0)
(0 -2.64759e-06 0)
(0 -2.68699e-06 0)
(0 -2.72713e-06 0)
(3.48831e-06 -1.44874e-06 -1.91476e-22)
(3.25123e-06 -1.28468e-06 0)
(3.106e-06 -1.19209e-06 0)
(3.01628e-06 -1.13737e-06 0)
(2.96723e-06 -1.11056e-06 0)
(2.94693e-06 -1.10176e-06 0)
(2.94785e-06 -1.10574e-06 0)
(2.96459e-06 -1.11847e-06 0)
(2.99332e-06 -1.13735e-06 0)
(3.03126e-06 -1.16057e-06 0)
(3.07752e-06 -1.18777e-06 0)
(3.20078e-06 -1.56038e-06 -8.37227e-23)
(2.9435e-06 -1.43047e-06 0)
(2.78566e-06 -1.35958e-06 0)
(2.68768e-06 -1.31897e-06 0)
(2.63275e-06 -1.30163e-06 0)
(2.60795e-06 -1.29929e-06 0)
(2.60503e-06 -1.30788e-06 0)
(2.61827e-06 -1.32395e-06 0)
(2.64346e-06 -1.34548e-06 0)
(2.67785e-06 -1.37062e-06 0)
(2.7187e-06 -1.39918e-06 0)
(2.89422e-06 -1.66275e-06 1.31228e-22)
(2.62648e-06 -1.57275e-06 0)
(2.46207e-06 -1.5271e-06 0)
(2.35965e-06 -1.50283e-06 0)
(2.30121e-06 -1.49638e-06 0)
(2.27332e-06 -1.50137e-06 0)
(2.26731e-06 -1.51511e-06 0)
(2.27729e-06 -1.53487e-06 0)
(2.2989e-06 -1.55928e-06 0)
(2.32914e-06 -1.58652e-06 0)
(2.36537e-06 -1.61735e-06 0)
(2.57058e-06 -1.75513e-06 3.02554e-22)
(2.30311e-06 -1.70851e-06 0)
(2.13874e-06 -1.69019e-06 0)
(2.03611e-06 -1.68359e-06 0)
(1.97681e-06 -1.68883e-06 0)
(1.94741e-06 -1.70162e-06 0)
(1.93924e-06 -1.72073e-06 0)
(1.94641e-06 -1.74428e-06 0)
(1.96466e-06 -1.77154e-06 0)
(1.99095e-06 -1.80096e-06 0)
(2.02306e-06 -1.83363e-06 0)
(2.23183e-06 -1.8368e-06 1.02802e-23)
(1.9758e-06 -1.83457e-06 0)
(1.81839e-06 -1.84417e-06 0)
(1.71992e-06 -1.85558e-06 0)
(1.6625e-06 -1.8727e-06 0)
(1.63328e-06 -1.89336e-06 0)
(1.62392e-06 -1.91786e-06 0)
(1.62882e-06 -1.94516e-06 0)
(1.64397e-06 -1.97516e-06 0)
(1.66641e-06 -2.00674e-06 0)
(1.69442e-06 -2.04114e-06 0)
(1.88004e-06 -1.90712e-06 -1.86247e-22)
(1.64645e-06 -1.94778e-06 0)
(1.5028e-06 -1.9843e-06 0)
(1.41282e-06 -2.01307e-06 0)
(1.36e-06 -2.04161e-06 0)
(1.3326e-06 -2.06982e-06 0)
(1.32303e-06 -2.09944e-06 0)
(1.32618e-06 -2.1303e-06 0)
(1.33845e-06 -2.16288e-06 0)
(1.35712e-06 -2.19652e-06 0)
(1.38087e-06 -2.23251e-06 0)
(1.5173e-06 -1.9655e-06 2.35192e-23)
(1.31643e-06 -2.04513e-06 0)
(1.19287e-06 -2.10608e-06 0)
(1.11539e-06 -2.15061e-06 0)
(1.06969e-06 -2.18948e-06 0)
(1.04567e-06 -2.22451e-06 0)
(1.03679e-06 -2.25874e-06 0)
(1.03867e-06 -2.29281e-06 0)
(1.04825e-06 -2.3277e-06 0)
(1.06317e-06 -2.36322e-06 0)
(1.08247e-06 -2.4006e-06 0)
(1.14577e-06 -2.01144e-06 2.57122e-23)
(9.86578e-07 -2.12393e-06 0)
(8.88637e-07 -2.20546e-06 0)
(8.27179e-07 -2.26325e-06 0)
(7.908e-07 -2.31082e-06 0)
(7.715e-07 -2.35158e-06 0)
(7.64088e-07 -2.38968e-06 0)
(7.65106e-07 -2.42644e-06 0)
(7.7216e-07 -2.46328e-06 0)
(7.83332e-07 -2.5004e-06 0)
(7.98001e-07 -2.53893e-06 0)
(7.67615e-07 -2.04452e-06 6.91195e-23)
(6.573e-07 -2.1819e-06 0)
(5.89401e-07 -2.27901e-06 0)
(5.46768e-07 -2.34685e-06 0)
(5.21467e-07 -2.401e-06 0)
(5.07958e-07 -2.44609e-06 0)
(5.02642e-07 -2.48713e-06 0)
(5.03123e-07 -2.52592e-06 0)
(5.07755e-07 -2.56423e-06 0)
(5.15194e-07 -2.60259e-06 0)
(5.25069e-07 -2.642e-06 0)
(3.85057e-07 -2.06443e-06 1.05986e-22)
(3.28626e-07 -2.21733e-06 0)
(2.93857e-07 -2.32417e-06 0)
(2.72008e-07 -2.39829e-06 0)
(2.59016e-07 -2.45654e-06 0)
(2.52047e-07 -2.50435e-06 0)
(2.49261e-07 -2.54721e-06 0)
(2.4943e-07 -2.58728e-06 0)
(2.51716e-07 -2.62651e-06 0)
(2.55427e-07 -2.66565e-06 0)
(2.60389e-07 -2.70561e-06 0)
(0 -2.07089e-06 7.4324e-23)
(0 -2.22919e-06 -3.01502e-25)
(0 -2.33948e-06 0)
(0 -2.41564e-06 0)
(0 -2.47534e-06 0)
(0 -2.52404e-06 0)
(0 -2.56755e-06 0)
(0 -2.60804e-06 0)
(0 -2.64759e-06 0)
(0 -2.68699e-06 0)
(0 -2.72713e-06 0)
(4.96623e-06 0 -6.06044e-23)
(5.02215e-06 0 2.45847e-25)
(5.05884e-06 0 0)
(5.08653e-06 0 0)
(5.11603e-06 0 0)
(5.15007e-06 0 0)
(5.19114e-06 0 0)
(5.23953e-06 0 0)
(5.29551e-06 0 0)
(5.35857e-06 0 0)
(5.42859e-06 0 0)
(4.95068e-06 -1.59359e-07 -2.72021e-23)
(5.00151e-06 -1.10704e-07 0)
(5.03498e-06 -8.16583e-08 0)
(5.0607e-06 -6.3685e-08 0)
(5.08885e-06 -5.32213e-08 0)
(5.122e-06 -4.76209e-08 0)
(5.16241e-06 -4.5283e-08 0)
(5.21031e-06 -4.51139e-08 0)
(5.26589e-06 -4.64192e-08 0)
(5.32856e-06 -4.85391e-08 0)
(5.39826e-06 -5.15721e-08 0)
(4.90375e-06 -3.1779e-07 -5.29596e-23)
(4.93985e-06 -2.22936e-07 0)
(4.96416e-06 -1.66465e-07 0)
(4.98398e-06 -1.31572e-07 0)
(5.00823e-06 -1.11313e-07 0)
(5.03873e-06 -1.00527e-07 0)
(5.07726e-06 -9.60978e-08 0)
(5.12371e-06 -9.5896e-08 0)
(5.17809e-06 -9.85635e-08 0)
(5.23962e-06 -1.02826e-07 0)
(5.30838e-06 -1.08846e-07 0)
(4.82571e-06 -4.74505e-07 -1.58675e-22)
(4.83827e-06 -3.38425e-07 0)
(4.84802e-06 -2.57567e-07 0)
(4.85845e-06 -2.07672e-07 0)
(4.87649e-06 -1.78808e-07 0)
(4.90277e-06 -1.6356e-07 0)
(4.93828e-06 -1.57454e-07 0)
(4.98241e-06 -1.57438e-07 0)
(5.0349e-06 -1.61546e-07 0)
(5.0946e-06 -1.67974e-07 0)
(5.16186e-06 -1.76875e-07 0)
(4.71723e-06 -6.28545e-07 -1.12012e-22)
(4.69889e-06 -4.58425e-07 0)
(4.68949e-06 -3.57532e-07 0)
(4.68759e-06 -2.95371e-07 0)
(4.69746e-06 -2.59604e-07 0)
(4.7182e-06 -2.40922e-07 0)
(4.74972e-06 -2.33735e-07 0)
(4.7908e-06 -2.34216e-07 0)
(4.84077e-06 -2.39882e-07 0)
(4.89808e-06 -2.4851e-07 0)
(4.96335e-06 -2.60156e-07 0)
(4.57916e-06 -7.79053e-07 -8.82418e-24)
(4.52441e-06 -5.83808e-07 0)
(4.49246e-06 -4.68309e-07 0)
(4.47601e-06 -3.97301e-07 0)
(4.47626e-06 -3.56753e-07 0)
(4.49042e-06 -3.35926e-07 0)
(4.51721e-06 -3.28402e-07 0)
(4.55466e-06 -3.29777e-07 0)
(4.60162e-06 -3.37152e-07 0)
(4.65609e-06 -3.48022e-07 0)
(4.71895e-06 -3.6224e-07 0)
(4.41258e-06 -9.25159e-07 -2.75952e-24)
(4.31814e-06 -7.14941e-07 0)
(4.26158e-06 -5.91034e-07 0)
(4.22926e-06 -5.15084e-07 0)
(4.21896e-06 -4.72185e-07 0)
(4.2259e-06 -4.50687e-07 0)
(4.24747e-06 -4.43687e-07 0)
(4.28087e-06 -4.46413e-07 0)
(4.32446e-06 -4.55688e-07 0)
(4.37577e-06 -4.68857e-07 0)
(4.4359e-06 -4.85481e-07 0)
(4.21872e-06 -1.06601e-06 -4.68606e-24)
(4.08375e-06 -8.51647e-07 0)
(4.00202e-06 -7.2595e-07 0)
(3.95346e-06 -6.49235e-07 0)
(3.93232e-06 -6.06585e-07 0)
(3.93181e-06 -5.85995e-07 0)
(3.9479e-06 -5.80439e-07 0)
(3.97703e-06 -5.85016e-07 0)
(4.017e-06 -5.96411e-07 0)
(4.06496e-06 -6.11967e-07 0)
(4.12204e-06 -6.30828e-07 0)
(3.999e-06 -1.20077e-06 2.27335e-22)
(3.82515e-06 -9.93156e-07 0)
(3.71928e-06 -8.72346e-07 0)
(3.65509e-06 -7.99082e-07 0)
(3.62348e-06 -7.59303e-07 0)
(3.61567e-06 -7.41208e-07 0)
(3.62632e-06 -7.38028e-07 0)
(3.65115e-06 -7.44954e-07 0)
(3.68736e-06 -7.5873e-07 0)
(3.73187e-06 -7.76807e-07 0)
(3.78572e-06 -7.97962e-07 0)
(3.75497e-06 -1.32861e-06 1.44186e-22)
(3.54634e-06 -1.13813e-06 0)
(3.41883e-06 -1.02857e-06 0)
(3.34063e-06 -9.62783e-07 0)
(3.29951e-06 -9.28372e-07 0)
(3.28497e-06 -9.14272e-07 0)
(3.29046e-06 -9.14323e-07 0)
(3.31105e-06 -9.24039e-07 0)
(3.34343e-06 -9.40393e-07 0)
(3.3845e-06 -9.61236e-07 0)
(3.43459e-06 -9.84703e-07 0)
(4.96623e-06 0 -6.06044e-23)
(5.02215e-06 0 2.45847e-25)
(5.05884e-06 0 0)
(5.08653e-06 0 0)
(5.11603e-06 0 0)
(5.15007e-06 0 0)
(5.19114e-06 0 0)
(5.23953e-06 0 0)
(5.29551e-06 0 0)
(5.35857e-06 0 0)
(5.42859e-06 0 0)
(4.95068e-06 -1.59359e-07 -2.72021e-23)
(5.00151e-06 -1.10704e-07 0)
(5.03498e-06 -8.16583e-08 0)
(5.0607e-06 -6.3685e-08 0)
(5.08885e-06 -5.32213e-08 0)
(5.122e-06 -4.76209e-08 0)
(5.16241e-06 -4.5283e-08 0)
(5.21031e-06 -4.51139e-08 0)
(5.26589e-06 -4.64192e-08 0)
(5.32856e-06 -4.85391e-08 0)
(5.39826e-06 -5.15721e-08 0)
(4.90375e-06 -3.1779e-07 -5.29596e-23)
(4.93985e-06 -2.22936e-07 0)
(4.96416e-06 -1.66465e-07 0)
(4.98398e-06 -1.31572e-07 0)
(5.00823e-06 -1.11313e-07 0)
(5.03873e-06 -1.00527e-07 0)
(5.07726e-06 -9.60978e-08 0)
(5.12371e-06 -9.5896e-08 0)
(5.17809e-06 -9.85635e-08 0)
(5.23962e-06 -1.02826e-07 0)
(5.30838e-06 -1.08846e-07 0)
(4.82571e-06 -4.74505e-07 -1.58675e-22)
(4.83827e-06 -3.38425e-07 0)
(4.84802e-06 -2.57567e-07 0)
(4.85845e-06 -2.07672e-07 0)
(4.87649e-06 -1.78808e-07 0)
(4.90277e-06 -1.6356e-07 0)
(4.93828e-06 -1.57454e-07 0)
(4.98241e-06 -1.57438e-07 0)
(5.0349e-06 -1.61546e-07 0)
(5.0946e-06 -1.67974e-07 0)
(5.16186e-06 -1.76875e-07 0)
(4.71723e-06 -6.28545e-07 -1.12012e-22)
(4.69889e-06 -4.58425e-07 0)
(4.68949e-06 -3.57532e-07 0)
(4.68759e-06 -2.95371e-07 0)
(4.69746e-06 -2.59604e-07 0)
(4.7182e-06 -2.40922e-07 0)
(4.74972e-06 -2.33735e-07 0)
(4.7908e-06 -2.34216e-07 0)
(4.84077e-06 -2.39882e-07 0)
(4.89808e-06 -2.4851e-07 0)
(4.96335e-06 -2.60156e-07 0)
(4.57916e-06 -7.79053e-07 -8.82418e-24)
(4.52441e-06 -5.83808e-07 0)
(4.49246e-06 -4.68309e-07 0)
(4.47601e-06 -3.97301e-07 0)
(4.47626e-06 -3.56753e-07 0)
(4.49042e-06 -3.35926e-07 0)
(4.51721e-06 -3.28402e-07 0)
(4.55466e-06 -3.29777e-07 0)
(4.60162e-06 -3.37152e-07 0)
(4.65609e-06 -3.48022e-07 0)
(4.71895e-06 -3.6224e-07 0)
(4.41258e-06 -9.25159e-07 -2.75952e-24)
(4.31814e-06 -7.14941e-07 0)
(4.26158e-06 -5.91034e-07 0)
(4.22926e-06 -5.15084e-07 0)
(4.21896e-06 -4.72185e-07 0)
(4.2259e-06 -4.50687e-07 0)
(4.24747e-06 -4.43687e-07 0)
(4.28087e-06 -4.46413e-07 0)
(4.32446e-06 -4.55688e-07 0)
(4.37577e-06 -4.68857e-07 0)
(4.4359e-06 -4.85481e-07 0)
(4.21872e-06 -1.06601e-06 -4.68606e-24)
(4.08375e-06 -8.51647e-07 0)
(4.00202e-06 -7.2595e-07 0)
(3.95346e-06 -6.49235e-07 0)
(3.93232e-06 -6.06585e-07 0)
(3.93181e-06 -5.85995e-07 0)
(3.9479e-06 -5.80439e-07 0)
(3.97703e-06 -5.85016e-07 0)
(4.017e-06 -5.96411e-07 0)
(4.06496e-06 -6.11967e-07 0)
(4.12204e-06 -6.30828e-07 0)
(3.999e-06 -1.20077e-06 2.27335e-22)
(3.82515e-06 -9.93156e-07 0)
(3.71928e-06 -8.72346e-07 0)
(3.65509e-06 -7.99082e-07 0)
(3.62348e-06 -7.59303e-07 0)
(3.61567e-06 -7.41208e-07 0)
(3.62632e-06 -7.38028e-07 0)
(3.65115e-06 -7.44954e-07 0)
(3.68736e-06 -7.5873e-07 0)
(3.73187e-06 -7.76807e-07 0)
(3.78572e-06 -7.97962e-07 0)
(3.75497e-06 -1.32861e-06 1.44186e-22)
(3.54634e-06 -1.13813e-06 0)
(3.41883e-06 -1.02857e-06 0)
(3.34063e-06 -9.62783e-07 0)
(3.29951e-06 -9.28372e-07 0)
(3.28497e-06 -9.14272e-07 0)
(3.29046e-06 -9.14323e-07 0)
(3.31105e-06 -9.24039e-07 0)
(3.34343e-06 -9.40393e-07 0)
(3.3845e-06 -9.61236e-07 0)
(3.43459e-06 -9.84703e-07 0)
(5.50531e-06 0 0)
(5.58771e-06 0 0)
(5.67513e-06 0 0)
(5.76712e-06 0 0)
(5.86319e-06 0 0)
(5.96294e-06 0 0)
(6.06596e-06 0 0)
(6.17186e-06 0 0)
(6.28028e-06 0 0)
(6.39087e-06 0 0)
(6.50328e-06 0 0)
(6.61718e-06 0 0)
(6.73222e-06 0 0)
(6.84804e-06 0 0)
(6.96423e-06 0 0)
(7.08044e-06 0 0)
(7.19611e-06 0 0)
(7.31091e-06 0 0)
(7.42389e-06 0 -1.81581e-26)
(7.53512e-06 0 -2.96896e-23)
(5.47771e-06 -5.19689e-08 0)
(5.56241e-06 -5.2149e-08 0)
(5.65185e-06 -5.23404e-08 0)
(5.74561e-06 -5.23422e-08 0)
(5.84326e-06 -5.21105e-08 0)
(5.94441e-06 -5.16006e-08 0)
(6.04868e-06 -5.07746e-08 0)
(6.15571e-06 -4.96076e-08 0)
(6.26516e-06 -4.80702e-08 0)
(6.3767e-06 -4.61355e-08 0)
(6.48999e-06 -4.37708e-08 0)
(6.6047e-06 -4.09382e-08 0)
(6.72049e-06 -3.75917e-08 0)
(6.83702e-06 -3.36753e-08 0)
(6.9539e-06 -2.91214e-08 0)
(7.07076e-06 -2.38456e-08 0)
(7.18705e-06 -1.77498e-08 0)
(7.30248e-06 -1.07009e-08 0)
(7.41606e-06 -2.58404e-09 0)
(7.5279e-06 6.92972e-09 -6.14791e-23)
(5.39582e-06 -1.08763e-07 0)
(5.48732e-06 -1.08424e-07 0)
(5.58273e-06 -1.08219e-07 0)
(5.68174e-06 -1.07747e-07 0)
(5.78404e-06 -1.06893e-07 0)
(5.88934e-06 -1.05558e-07 0)
(5.99733e-06 -1.03649e-07 0)
(6.10773e-06 -1.01108e-07 0)
(6.22024e-06 -9.78679e-08 0)
(6.33458e-06 -9.38678e-08 0)
(6.45045e-06 -8.90364e-08 0)
(6.56757e-06 -8.32937e-08 0)
(6.68561e-06 -7.6544e-08 0)
(6.80427e-06 -6.8672e-08 0)
(6.92316e-06 -5.95397e-08 0)
(7.04196e-06 -4.89763e-08 0)
(7.16013e-06 -3.67836e-08 0)
(7.27738e-06 -2.26938e-08 0)
(7.39278e-06 -6.47542e-09 0)
(7.50643e-06 1.25233e-08 -1.03997e-22)
(5.26214e-06 -1.7465e-07 0)
(5.36462e-06 -1.7246e-07 0)
(5.46972e-06 -1.70741e-07 0)
(5.57725e-06 -1.68902e-07 0)
(5.68713e-06 -1.66693e-07 0)
(5.79918e-06 -1.63943e-07 0)
(5.91324e-06 -1.60475e-07 0)
(6.02913e-06 -1.5618e-07 0)
(6.14664e-06 -1.50935e-07 0)
(6.26557e-06 -1.44632e-07 0)
(6.38567e-06 -1.37152e-07 0)
(6.50672e-06 -1.28363e-07 0)
(6.62844e-06 -1.18112e-07 0)
(6.75057e-06 -1.0622e-07 0)
(6.87277e-06 -9.24718e-08 0)
(6.99472e-06 -7.66064e-08 0)
(7.11596e-06 -5.83208e-08 0)
(7.2362e-06 -3.72093e-08 0)
(7.35457e-06 -1.29177e-08 0)
(7.4712e-06 1.55241e-08 -1.66996e-23)
(5.08061e-06 -2.53475e-07 0)
(5.19775e-06 -2.47566e-07 0)
(5.31583e-06 -2.42754e-07 0)
(5.43483e-06 -2.38282e-07 0)
(5.55494e-06 -2.33678e-07 0)
(5.67614e-06 -2.28673e-07 0)
(5.79845e-06 -2.22967e-07 0)
(5.9218e-06 -2.16373e-07 0)
(6.04612e-06 -2.08688e-07 0)
(6.17129e-06 -1.99742e-07 0)
(6.29716e-06 -1.89349e-07 0)
(6.42357e-06 -1.77316e-07 0)
(6.55031e-06 -1.63423e-07 0)
(6.67717e-06 -1.47417e-07 0)
(6.80385e-06 -1.29e-07 0)
(6.93012e-06 -1.07814e-07 0)
(7.05552e-06 -8.34473e-08 0)
(7.17984e-06 -5.53495e-08 0)
(7.30224e-06 -2.30369e-08 0)
(7.42292e-06 1.47739e-08 2.60855e-23)
(4.85641e-06 -3.48338e-07 0)
(4.99118e-06 -3.36438e-07 0)
(5.12502e-06 -3.26583e-07 0)
(5.25801e-06 -3.17898e-07 0)
(5.39068e-06 -3.09596e-07 0)
(5.52314e-06 -3.0128e-07 0)
(5.65564e-06 -2.9248e-07 0)
(5.78823e-06 -2.829e-07 0)
(5.92099e-06 -2.7223e-07 0)
(6.0539e-06 -2.60213e-07 0)
(6.18693e-06 -2.4658e-07 0)
(6.32e-06 -2.31059e-07 0)
(6.45296e-06 -2.13352e-07 0)
(6.58569e-06 -1.9312e-07 0)
(6.71795e-06 -1.69978e-07 0)
(6.84955e-06 -1.43461e-07 0)
(6.98011e-06 -1.13042e-07 0)
(7.10948e-06 -7.8022e-08 0)
(7.23689e-06 -3.77797e-08 0)
(7.36259e-06 9.27222e-09 5.81345e-23)
(4.59567e-06 -4.61397e-07 0)
(4.75025e-06 -4.4105e-07 0)
(4.90199e-06 -4.24e-07 0)
(5.05099e-06 -4.09336e-07 0)
(5.19811e-06 -3.95873e-07 0)
(5.34361e-06 -3.83041e-07 0)
(5.48794e-06 -3.70168e-07 0)
(5.63131e-06 -3.56805e-07 0)
(5.77393e-06 -3.42514e-07 0)
(5.91591e-06 -3.26919e-07 0)
(6.05732e-06 -3.09654e-07 0)
(6.19818e-06 -2.90351e-07 0)
(6.33845e-06 -2.6862e-07 0)
(6.47804e-06 -2.44028e-07 0)
(6.61682e-06 -2.1609e-07 0)
(6.75467e-06 -1.8423e-07 0)
(6.89126e-06 -1.478e-07 0)
(7.02652e-06 -1.0595e-07 0)
(7.15979e-06 -5.79157e-08 0)
(7.29137e-06 -1.8251e-09 1.04402e-22)
(4.30511e-06 -5.93615e-07 0)
(4.48075e-06 -5.62315e-07 0)
(4.65183e-06 -5.3584e-07 0)
(4.8183e-06 -5.13306e-07 0)
(4.98135e-06 -4.93116e-07 0)
(5.14131e-06 -4.74465e-07 0)
(5.29883e-06 -4.56462e-07 0)
(5.45426e-06 -4.38462e-07 0)
(5.60794e-06 -4.1987e-07 0)
(5.76011e-06 -4.00167e-07 0)
(5.91096e-06 -3.78865e-07 0)
(6.06059e-06 -3.55482e-07 0)
(6.20906e-06 -3.29521e-07 0)
(6.35639e-06 -3.00445e-07 0)
(6.50249e-06 -2.6766e-07 0)
(6.64734e-06 -2.30475e-07 0)
(6.79069e-06 -1.88114e-07 0)
(6.93256e-06 -1.39578e-07 0)
(7.07239e-06 -8.39541e-08 0)
(7.21058e-06 -1.91097e-08 2.60982e-24)
(3.99192e-06 -7.45068e-07 0)
(4.18895e-06 -7.00595e-07 0)
(4.38002e-06 -6.6271e-07 0)
(4.56482e-06 -6.30486e-07 0)
(4.74472e-06 -6.02054e-07 0)
(4.92014e-06 -5.76275e-07 0)
(5.09185e-06 -5.52052e-07 0)
(5.26031e-06 -5.28508e-07 0)
(5.42601e-06 -5.04874e-07 0)
(5.58928e-06 -4.80467e-07 0)
(5.75042e-06 -4.5466e-07 0)
(5.90964e-06 -4.26843e-07 0)
(6.06708e-06 -3.96401e-07 0)
(6.22284e-06 -3.6268e-07 0)
(6.37694e-06 -3.24973e-07 0)
(6.52942e-06 -2.82466e-07 0)
(6.68015e-06 -2.34258e-07 0)
(6.82921e-06 -1.79202e-07 0)
(6.9762e-06 -1.16244e-07 0)
(7.12159e-06 -4.30411e-08 -3.01155e-23)
(3.66278e-06 -9.13914e-07 0)
(3.88065e-06 -8.54209e-07 0)
(4.09161e-06 -8.03224e-07 0)
(4.29519e-06 -7.59608e-07 0)
(4.49253e-06 -7.21499e-07 0)
(4.68416e-06 -6.87379e-07 0)
(4.87082e-06 -6.55942e-07 0)
(5.0531e-06 -6.26054e-07 0)
(5.23155e-06 -5.96742e-07 0)
(5.40663e-06 -5.67139e-07 0)
(5.57872e-06 -5.36455e-07 0)
(5.74814e-06 -5.03937e-07 0)
(5.91512e-06 -4.68839e-07 0)
(6.07986e-06 -4.30386e-07 0)
(6.24245e-06 -3.8775e-07 0)
(6.40304e-06 -3.39996e-07 0)
(6.56158e-06 -2.861e-07 0)
(6.71827e-06 -2.24773e-07 0)
(6.87286e-06 -1.54824e-07 0)
(7.02591e-06 -7.37166e-08 1.84905e-23)
(3.32666e-06 -1.0979e-06 0)
(3.56384e-06 -1.02128e-06 0)
(3.79368e-06 -9.56393e-07 0)
(4.01543e-06 -9.00318e-07 0)
(4.22996e-06 -8.51479e-07 0)
(4.43775e-06 -8.08028e-07 0)
(4.63952e-06 -7.68481e-07 0)
(4.83588e-06 -7.31479e-07 0)
(5.02743e-06 -6.95842e-07 0)
(5.2147e-06 -6.60515e-07 0)
(5.39815e-06 -6.24535e-07 0)
(5.57818e-06 -5.86997e-07 0)
(5.75511e-06 -5.47015e-07 0)
(5.9292e-06 -5.03687e-07 0)
(6.10067e-06 -4.56062e-07 0)
(6.26971e-06 -4.03091e-07 0)
(6.43643e-06 -3.43627e-07 0)
(6.60108e-06 -2.76267e-07 0)
(6.76362e-06 -1.99677e-07 0)
(6.92467e-06 -1.112e-07 5.38595e-23)
(5.50531e-06 0 0)
(5.58771e-06 0 0)
(5.67513e-06 0 0)
(5.76712e-06 0 0)
(5.86319e-06 0 0)
(5.96294e-06 0 0)
(6.06596e-06 0 0)
(6.17186e-06 0 0)
(6.28028e-06 0 0)
(6.39087e-06 0 0)
(6.50328e-06 0 0)
(6.61718e-06 0 0)
(6.73222e-06 0 0)
(6.84804e-06 0 0)
(6.96423e-06 0 0)
(7.08044e-06 0 0)
(7.19611e-06 0 0)
(7.31091e-06 0 0)
(7.42389e-06 0 -1.81581e-26)
(7.53512e-06 0 -2.96896e-23)
(5.47771e-06 -5.19689e-08 0)
(5.56241e-06 -5.2149e-08 0)
(5.65185e-06 -5.23404e-08 0)
(5.74561e-06 -5.23422e-08 0)
(5.84326e-06 -5.21105e-08 0)
(5.94441e-06 -5.16006e-08 0)
(6.04868e-06 -5.07746e-08 0)
(6.15571e-06 -4.96076e-08 0)
(6.26516e-06 -4.80702e-08 0)
(6.3767e-06 -4.61355e-08 0)
(6.48999e-06 -4.37708e-08 0)
(6.6047e-06 -4.09382e-08 0)
(6.72049e-06 -3.75917e-08 0)
(6.83702e-06 -3.36753e-08 0)
(6.9539e-06 -2.91214e-08 0)
(7.07076e-06 -2.38456e-08 0)
(7.18705e-06 -1.77498e-08 0)
(7.30248e-06 -1.07009e-08 0)
(7.41606e-06 -2.58404e-09 0)
(7.5279e-06 6.92972e-09 -6.14791e-23)
(5.39582e-06 -1.08763e-07 0)
(5.48732e-06 -1.08424e-07 0)
(5.58273e-06 -1.08219e-07 0)
(5.68174e-06 -1.07747e-07 0)
(5.78404e-06 -1.06893e-07 0)
(5.88934e-06 -1.05558e-07 0)
(5.99733e-06 -1.03649e-07 0)
(6.10773e-06 -1.01108e-07 0)
(6.22024e-06 -9.78679e-08 0)
(6.33458e-06 -9.38678e-08 0)
(6.45045e-06 -8.90364e-08 0)
(6.56757e-06 -8.32937e-08 0)
(6.68561e-06 -7.6544e-08 0)
(6.80427e-06 -6.8672e-08 0)
(6.92316e-06 -5.95397e-08 0)
(7.04196e-06 -4.89763e-08 0)
(7.16013e-06 -3.67836e-08 0)
(7.27738e-06 -2.26938e-08 0)
(7.39278e-06 -6.47542e-09 0)
(7.50643e-06 1.25233e-08 -1.03997e-22)
(5.26214e-06 -1.7465e-07 0)
(5.36462e-06 -1.7246e-07 0)
(5.46972e-06 -1.70741e-07 0)
(5.57725e-06 -1.68902e-07 0)
(5.68713e-06 -1.66693e-07 0)
(5.79918e-06 -1.63943e-07 0)
(5.91324e-06 -1.60475e-07 0)
(6.02913e-06 -1.5618e-07 0)
(6.14664e-06 -1.50935e-07 0)
(6.26557e-06 -1.44632e-07 0)
(6.38567e-06 -1.37152e-07 0)
(6.50672e-06 -1.28363e-07 0)
(6.62844e-06 -1.18112e-07 0)
(6.75057e-06 -1.0622e-07 0)
(6.87277e-06 -9.24718e-08 0)
(6.99472e-06 -7.66064e-08 0)
(7.11596e-06 -5.83208e-08 0)
(7.2362e-06 -3.72093e-08 0)
(7.35457e-06 -1.29177e-08 0)
(7.4712e-06 1.55241e-08 -1.66996e-23)
(5.08061e-06 -2.53475e-07 0)
(5.19775e-06 -2.47566e-07 0)
(5.31583e-06 -2.42754e-07 0)
(5.43483e-06 -2.38282e-07 0)
(5.55494e-06 -2.33678e-07 0)
(5.67614e-06 -2.28673e-07 0)
(5.79845e-06 -2.22967e-07 0)
(5.9218e-06 -2.16373e-07 0)
(6.04612e-06 -2.08688e-07 0)
(6.17129e-06 -1.99742e-07 0)
(6.29716e-06 -1.89349e-07 0)
(6.42357e-06 -1.77316e-07 0)
(6.55031e-06 -1.63423e-07 0)
(6.67717e-06 -1.47417e-07 0)
(6.80385e-06 -1.29e-07 0)
(6.93012e-06 -1.07814e-07 0)
(7.05552e-06 -8.34473e-08 0)
(7.17984e-06 -5.53495e-08 0)
(7.30224e-06 -2.30369e-08 0)
(7.42292e-06 1.47739e-08 2.60855e-23)
(4.85641e-06 -3.48338e-07 0)
(4.99118e-06 -3.36438e-07 0)
(5.12502e-06 -3.26583e-07 0)
(5.25801e-06 -3.17898e-07 0)
(5.39068e-06 -3.09596e-07 0)
(5.52314e-06 -3.0128e-07 0)
(5.65564e-06 -2.9248e-07 0)
(5.78823e-06 -2.829e-07 0)
(5.92099e-06 -2.7223e-07 0)
(6.0539e-06 -2.60213e-07 0)
(6.18693e-06 -2.4658e-07 0)
(6.32e-06 -2.31059e-07 0)
(6.45296e-06 -2.13352e-07 0)
(6.58569e-06 -1.9312e-07 0)
(6.71795e-06 -1.69978e-07 0)
(6.84955e-06 -1.43461e-07 0)
(6.98011e-06 -1.13042e-07 0)
(7.10948e-06 -7.8022e-08 0)
(7.23689e-06 -3.77797e-08 0)
(7.36259e-06 9.27222e-09 5.81345e-23)
(4.59567e-06 -4.61397e-07 0)
(4.75025e-06 -4.4105e-07 0)
(4.90199e-06 -4.24e-07 0)
(5.05099e-06 -4.09336e-07 0)
(5.19811e-06 -3.95873e-07 0)
(5.34361e-06 -3.83041e-07 0)
(5.48794e-06 -3.70168e-07 0)
(5.63131e-06 -3.56805e-07 0)
(5.77393e-06 -3.42514e-07 0)
(5.91591e-06 -3.26919e-07 0)
(6.05732e-06 -3.09654e-07 0)
(6.19818e-06 -2.90351e-07 0)
(6.33845e-06 -2.6862e-07 0)
(6.47804e-06 -2.44028e-07 0)
(6.61682e-06 -2.1609e-07 0)
(6.75467e-06 -1.8423e-07 0)
(6.89126e-06 -1.478e-07 0)
(7.02652e-06 -1.0595e-07 0)
(7.15979e-06 -5.79157e-08 0)
(7.29137e-06 -1.8251e-09 1.04402e-22)
(4.30511e-06 -5.93615e-07 0)
(4.48075e-06 -5.62315e-07 0)
(4.65183e-06 -5.3584e-07 0)
(4.8183e-06 -5.13306e-07 0)
(4.98135e-06 -4.93116e-07 0)
(5.14131e-06 -4.74465e-07 0)
(5.29883e-06 -4.56462e-07 0)
(5.45426e-06 -4.38462e-07 0)
(5.60794e-06 -4.1987e-07 0)
(5.76011e-06 -4.00167e-07 0)
(5.91096e-06 -3.78865e-07 0)
(6.06059e-06 -3.55482e-07 0)
(6.20906e-06 -3.29521e-07 0)
(6.35639e-06 -3.00445e-07 0)
(6.50249e-06 -2.6766e-07 0)
(6.64734e-06 -2.30475e-07 0)
(6.79069e-06 -1.88114e-07 0)
(6.93256e-06 -1.39578e-07 0)
(7.07239e-06 -8.39541e-08 0)
(7.21058e-06 -1.91097e-08 2.60982e-24)
(3.99192e-06 -7.45068e-07 0)
(4.18895e-06 -7.00595e-07 0)
(4.38002e-06 -6.6271e-07 0)
(4.56482e-06 -6.30486e-07 0)
(4.74472e-06 -6.02054e-07 0)
(4.92014e-06 -5.76275e-07 0)
(5.09185e-06 -5.52052e-07 0)
(5.26031e-06 -5.28508e-07 0)
(5.42601e-06 -5.04874e-07 0)
(5.58928e-06 -4.80467e-07 0)
(5.75042e-06 -4.5466e-07 0)
(5.90964e-06 -4.26843e-07 0)
(6.06708e-06 -3.96401e-07 0)
(6.22284e-06 -3.6268e-07 0)
(6.37694e-06 -3.24973e-07 0)
(6.52942e-06 -2.82466e-07 0)
(6.68015e-06 -2.34258e-07 0)
(6.82921e-06 -1.79202e-07 0)
(6.9762e-06 -1.16244e-07 0)
(7.12159e-06 -4.30411e-08 -3.01155e-23)
(3.66278e-06 -9.13914e-07 0)
(3.88065e-06 -8.54209e-07 0)
(4.09161e-06 -8.03224e-07 0)
(4.29519e-06 -7.59608e-07 0)
(4.49253e-06 -7.21499e-07 0)
(4.68416e-06 -6.87379e-07 0)
(4.87082e-06 -6.55942e-07 0)
(5.0531e-06 -6.26054e-07 0)
(5.23155e-06 -5.96742e-07 0)
(5.40663e-06 -5.67139e-07 0)
(5.57872e-06 -5.36455e-07 0)
(5.74814e-06 -5.03937e-07 0)
(5.91512e-06 -4.68839e-07 0)
(6.07986e-06 -4.30386e-07 0)
(6.24245e-06 -3.8775e-07 0)
(6.40304e-06 -3.39996e-07 0)
(6.56158e-06 -2.861e-07 0)
(6.71827e-06 -2.24773e-07 0)
(6.87286e-06 -1.54824e-07 0)
(7.02591e-06 -7.37166e-08 1.84905e-23)
(3.32666e-06 -1.0979e-06 0)
(3.56384e-06 -1.02128e-06 0)
(3.79368e-06 -9.56393e-07 0)
(4.01543e-06 -9.00318e-07 0)
(4.22996e-06 -8.51479e-07 0)
(4.43775e-06 -8.08028e-07 0)
(4.63952e-06 -7.68481e-07 0)
(4.83588e-06 -7.31479e-07 0)
(5.02743e-06 -6.95842e-07 0)
(5.2147e-06 -6.60515e-07 0)
(5.39815e-06 -6.24535e-07 0)
(5.57818e-06 -5.86997e-07 0)
(5.75511e-06 -5.47015e-07 0)
(5.9292e-06 -5.03687e-07 0)
(6.10067e-06 -4.56062e-07 0)
(6.26971e-06 -4.03091e-07 0)
(6.43643e-06 -3.43627e-07 0)
(6.60108e-06 -2.76267e-07 0)
(6.76362e-06 -1.99677e-07 0)
(6.92467e-06 -1.112e-07 5.38595e-23)
(2.92227e-06 -1.33202e-06 0)
(3.17244e-06 -1.23911e-06 0)
(3.41312e-06 -1.15696e-06 0)
(3.64625e-06 -1.08592e-06 0)
(3.87198e-06 -1.02328e-06 0)
(4.09068e-06 -9.6766e-07 0)
(4.30278e-06 -9.17479e-07 0)
(4.5088e-06 -8.71362e-07 0)
(4.70926e-06 -8.28036e-07 0)
(4.90468e-06 -7.86357e-07 0)
(5.09552e-06 -7.45275e-07 0)
(5.28224e-06 -7.03814e-07 0)
(5.4652e-06 -6.61048e-07 0)
(5.64475e-06 -6.16066e-07 0)
(5.8212e-06 -5.67944e-07 0)
(5.99477e-06 -5.15719e-07 0)
(6.16574e-06 -4.58338e-07 0)
(6.33429e-06 -3.94676e-07 0)
(6.50075e-06 -3.23359e-07 0)
(6.66522e-06 -2.43136e-07 0)
(6.82838e-06 -1.5145e-07 5.61909e-23)
(2.78685e-06 -1.46984e-06 0)
(3.03517e-06 -1.37548e-06 0)
(3.27596e-06 -1.28958e-06 0)
(3.51016e-06 -1.21351e-06 0)
(3.73771e-06 -1.14523e-06 0)
(3.95874e-06 -1.08362e-06 0)
(4.1735e-06 -1.02733e-06 0)
(4.38234e-06 -9.75124e-07 0)
(4.58567e-06 -9.25843e-07 0)
(4.7839e-06 -8.78394e-07 0)
(4.97743e-06 -8.31762e-07 0)
(5.16666e-06 -7.84985e-07 0)
(5.35196e-06 -7.37137e-07 0)
(5.53365e-06 -6.87308e-07 0)
(5.71204e-06 -6.34574e-07 0)
(5.88742e-06 -5.77978e-07 0)
(6.06008e-06 -5.16491e-07 0)
(6.23027e-06 -4.49024e-07 0)
(6.39839e-06 -3.74274e-07 0)
(6.56465e-06 -2.91079e-07 0)
(6.72979e-06 -1.971e-07 1.14398e-22)
(2.66852e-06 -1.60327e-06 0)
(2.91352e-06 -1.50758e-06 0)
(3.15225e-06 -1.41902e-06 0)
(3.38555e-06 -1.33905e-06 0)
(3.61302e-06 -1.26609e-06 0)
(3.83466e-06 -1.19927e-06 0)
(4.05052e-06 -1.1375e-06 0)
(4.26081e-06 -1.07971e-06 0)
(4.46579e-06 -1.02485e-06 0)
(4.66578e-06 -9.71927e-07 0)
(4.86111e-06 -9.19973e-07 0)
(5.05212e-06 -8.68064e-07 0)
(5.23913e-06 -8.15299e-07 0)
(5.42245e-06 -7.60785e-07 0)
(5.60241e-06 -7.03619e-07 0)
(5.77928e-06 -6.42871e-07 0)
(5.95341e-06 -5.77551e-07 0)
(6.12507e-06 -5.06627e-07 0)
(6.29472e-06 -4.28889e-07 0)
(6.46266e-06 -3.43276e-07 0)
(6.62965e-06 -2.47688e-07 1.65094e-22)
(2.5644e-06 -1.73106e-06 0)
(2.80494e-06 -1.63495e-06 0)
(3.0403e-06 -1.54464e-06 0)
(3.2713e-06 -1.46165e-06 0)
(3.49731e-06 -1.38481e-06 0)
(3.71822e-06 -1.31352e-06 0)
(3.93391e-06 -1.2469e-06 0)
(4.14449e-06 -1.18406e-06 0)
(4.35009e-06 -1.12408e-06 0)
(4.55094e-06 -1.06606e-06 0)
(4.74728e-06 -1.0091e-06 0)
(4.93938e-06 -9.52337e-07 0)
(5.12754e-06 -8.94908e-07 0)
(5.31204e-06 -8.35956e-07 0)
(5.49317e-06 -7.74614e-07 0)
(5.67124e-06 -7.09995e-07 0)
(5.84659e-06 -6.41164e-07 0)
(6.01953e-06 -5.67162e-07 0)
(6.19054e-06 -4.86885e-07 0)
(6.36002e-06 -3.99387e-07 0)
(6.52869e-06 -3.02823e-07 1.44844e-22)
(2.47259e-06 -1.85317e-06 0)
(2.70779e-06 -1.75719e-06 0)
(2.93887e-06 -1.66589e-06 0)
(3.16652e-06 -1.58069e-06 0)
(3.38999e-06 -1.50076e-06 0)
(3.6091e-06 -1.42573e-06 0)
(3.82361e-06 -1.35492e-06 0)
(4.03352e-06 -1.2876e-06 0)
(4.23886e-06 -1.22299e-06 0)
(4.43976e-06 -1.1603e-06 0)
(4.6364e-06 -1.09871e-06 0)
(4.82899e-06 -1.03742e-06 0)
(5.01778e-06 -9.75631e-07 0)
(5.20301e-06 -9.12531e-07 0)
(5.38497e-06 -8.47301e-07 0)
(5.56394e-06 -7.79112e-07 0)
(5.74027e-06 -7.07096e-07 0)
(5.9143e-06 -6.30379e-07 0)
(6.08651e-06 -5.47973e-07 0)
(6.25736e-06 -4.59055e-07 0)
(6.42755e-06 -3.62047e-07 1.46145e-22)
(2.3909e-06 -1.96958e-06 0)
(2.62032e-06 -1.87425e-06 0)
(2.84653e-06 -1.78255e-06 0)
(3.07013e-06 -1.69578e-06 0)
(3.2903e-06 -1.61345e-06 0)
(3.5068e-06 -1.53533e-06 0)
(3.71933e-06 -1.46094e-06 0)
(3.92778e-06 -1.38971e-06 0)
(4.13212e-06 -1.32098e-06 0)
(4.33241e-06 -1.25408e-06 0)
(4.52875e-06 -1.18827e-06 0)
(4.7213e-06 -1.12284e-06 0)
(4.91025e-06 -1.05704e-06 0)
(5.09582e-06 -9.90119e-07 0)
(5.27827e-06 -9.21327e-07 0)
(5.45788e-06 -8.49895e-07 0)
(5.63497e-06 -7.75035e-07 0)
(5.8099e-06 -6.95962e-07 0)
(5.98314e-06 -6.11813e-07 0)
(6.15519e-06 -5.21889e-07 0)
(6.32672e-06 -4.24875e-07 1.47292e-22)
(2.31752e-06 -2.08053e-06 0)
(2.54094e-06 -1.98619e-06 0)
(2.76194e-06 -1.89454e-06 0)
(2.98102e-06 -1.80677e-06 0)
(3.19735e-06 -1.7226e-06 0)
(3.41067e-06 -1.64199e-06 0)
(3.6206e-06 -1.5646e-06 0)
(3.827e-06 -1.49e-06 0)
(4.02976e-06 -1.41767e-06 0)
(4.22889e-06 -1.34702e-06 0)
(4.42442e-06 -1.27743e-06 0)
(4.61648e-06 -1.20825e-06 0)
(4.8052e-06 -1.13881e-06 0)
(4.99078e-06 -1.06843e-06 0)
(5.17343e-06 -9.96415e-07 0)
(5.35342e-06 -9.22077e-07 0)
(5.53107e-06 -8.44708e-07 0)
(5.70673e-06 -7.63618e-07 0)
(5.88084e-06 -6.78073e-07 0)
(6.05392e-06 -5.87492e-07 0)
(6.2266e-06 -4.9082e-07 1.26896e-22)
(2.25077e-06 -2.18634e-06 0)
(2.46817e-06 -2.09323e-06 0)
(2.68381e-06 -2.00196e-06 0)
(2.89812e-06 -1.9136e-06 0)
(3.11026e-06 -1.82809e-06 0)
(3.31999e-06 -1.74549e-06 0)
(3.52689e-06 -1.66562e-06 0)
(3.73078e-06 -1.58816e-06 0)
(3.93152e-06 -1.51271e-06 0)
(4.12906e-06 -1.43879e-06 0)
(4.32339e-06 -1.36585e-06 0)
(4.51458e-06 -1.29334e-06 0)
(4.70275e-06 -1.22065e-06 0)
(4.88804e-06 -1.14717e-06 0)
(5.07065e-06 -1.07229e-06 0)
(5.25082e-06 -9.95381e-07 0)
(5.42883e-06 -9.15833e-07 0)
(5.60505e-06 -8.33047e-07 0)
(5.77987e-06 -7.46412e-07 0)
(5.95382e-06 -6.55466e-07 0)
(6.12747e-06 -5.59396e-07 1.56088e-23)
(2.18922e-06 -2.28739e-06 0)
(2.40068e-06 -2.19563e-06 0)
(2.61094e-06 -2.10495e-06 0)
(2.82035e-06 -2.01633e-06 0)
(3.02813e-06 -1.92988e-06 0)
(3.23401e-06 -1.84574e-06 0)
(3.43758e-06 -1.76385e-06 0)
(3.63866e-06 -1.68401e-06 0)
(3.83705e-06 -1.6059e-06 0)
(4.03267e-06 -1.52915e-06 0)
(4.22549e-06 -1.4533e-06 0)
(4.41554e-06 -1.37786e-06 0)
(4.60289e-06 -1.30231e-06 0)
(4.78766e-06 -1.22611e-06 0)
(4.97002e-06 -1.14871e-06 0)
(5.15018e-06 -1.06957e-06 0)
(5.32841e-06 -9.88155e-07 0)
(5.50503e-06 -9.03966e-07 0)
(5.68042e-06 -8.16508e-07 0)
(5.85509e-06 -7.2543e-07 0)
(6.02955e-06 -6.30142e-07 7.52144e-23)
(2.13159e-06 -2.38407e-06 0)
(2.33729e-06 -2.2937e-06 0)
(2.54224e-06 -2.20375e-06 0)
(2.74674e-06 -2.11511e-06 0)
(2.95006e-06 -2.02803e-06 0)
(3.15196e-06 -1.94272e-06 0)
(3.35204e-06 -1.85922e-06 0)
(3.55009e-06 -1.77742e-06 0)
(3.74592e-06 -1.69709e-06 0)
(3.9394e-06 -1.61794e-06 0)
(4.13049e-06 -1.53959e-06 0)
(4.31919e-06 -1.46163e-06 0)
(4.50552e-06 -1.38361e-06 0)
(4.6896e-06 -1.30505e-06 0)
(4.87154e-06 -1.22547e-06 0)
(5.05155e-06 -1.14442e-06 0)
(5.22985e-06 -1.06144e-06 0)
(5.40674e-06 -9.76109e-07 0)
(5.58258e-06 -8.88055e-07 0)
(5.75782e-06 -7.97024e-07 0)
(5.93292e-06 -7.02625e-07 1.12589e-22)
(2.07676e-06 -2.47676e-06 0)
(2.27689e-06 -2.38774e-06 0)
(2.47666e-06 -2.29859e-06 0)
(2.67632e-06 -2.21012e-06 0)
(2.8752e-06 -2.12265e-06 0)
(3.07309e-06 -2.0365e-06 0)
(3.26959e-06 -1.95174e-06 0)
(3.46452e-06 -1.86836e-06 0)
(3.65765e-06 -1.7862e-06 0)
(3.84886e-06 -1.70506e-06 0)
(4.03808e-06 -1.62461e-06 0)
(4.22527e-06 -1.54452e-06 0)
(4.41046e-06 -1.46439e-06 0)
(4.59371e-06 -1.38382e-06 0)
(4.77512e-06 -1.3024e-06 0)
(4.95486e-06 -1.21974e-06 0)
(5.13312e-06 -1.13546e-06 0)
(5.31017e-06 -1.04923e-06 0)
(5.48633e-06 -9.60771e-07 0)
(5.66202e-06 -8.69915e-07 0)
(5.83763e-06 -7.76451e-07 9.57104e-23)
(2.0237e-06 -2.5658e-06 0)
(2.21849e-06 -2.47807e-06 0)
(2.41325e-06 -2.38974e-06 0)
(2.60818e-06 -2.30155e-06 0)
(2.80271e-06 -2.21391e-06 0)
(2.99662e-06 -2.12716e-06 0)
(3.18957e-06 -2.04146e-06 0)
(3.38134e-06 -1.95685e-06 0)
(3.57173e-06 -1.87323e-06 0)
(3.76061e-06 -1.79046e-06 0)
(3.94788e-06 -1.70829e-06 0)
(4.1335e-06 -1.62643e-06 0)
(4.31746e-06 -1.54455e-06 0)
(4.4998e-06 -1.46231e-06 0)
(4.68059e-06 -1.37937e-06 0)
(4.85998e-06 -1.29538e-06 0)
(5.03812e-06 -1.21005e-06 0)
(5.21525e-06 -1.12312e-06 0)
(5.39163e-06 -1.0344e-06 0)
(5.56765e-06 -9.43807e-07 0)
(5.74363e-06 -8.51269e-07 1.13579e-22)
(1.97148e-06 -2.6515e-06 0)
(2.16115e-06 -2.56498e-06 0)
(2.35109e-06 -2.47746e-06 0)
(2.54147e-06 -2.38963e-06 0)
(2.73178e-06 -2.30198e-06 0)
(2.92182e-06 -2.21487e-06 0)
(3.11128e-06 -2.1285e-06 0)
(3.29995e-06 -2.04296e-06 0)
(3.48764e-06 -1.95821e-06 0)
(3.6742e-06 -1.87416e-06 0)
(3.85952e-06 -1.79061e-06 0)
(4.04354e-06 -1.70732e-06 0)
(4.22624e-06 -1.62403e-06 0)
(4.40763e-06 -1.54044e-06 0)
(4.58776e-06 -1.45626e-06 0)
(4.76674e-06 -1.37121e-06 0)
(4.9447e-06 -1.28505e-06 0)
(5.12183e-06 -1.1976e-06 0)
(5.29836e-06 -1.10873e-06 0)
(5.47461e-06 -1.01844e-06 0)
(5.65086e-06 -9.26774e-07 1.78687e-23)
(1.91919e-06 -2.73414e-06 0)
(2.10396e-06 -2.64873e-06 0)
(2.2893e-06 -2.562e-06 0)
(2.47533e-06 -2.47461e-06 0)
(2.6616e-06 -2.38708e-06 0)
(2.84794e-06 -2.2998e-06 0)
(3.03406e-06 -2.213e-06 0)
(3.21976e-06 -2.1268e-06 0)
(3.40483e-06 -2.04122e-06 0)
(3.58915e-06 -1.9562e-06 0)
(3.77257e-06 -1.87159e-06 0)
(3.95504e-06 -1.7872e-06 0)
(4.13649e-06 -1.70281e-06 0)
(4.31693e-06 -1.61815e-06 0)
(4.49639e-06 -1.53299e-06 0)
(4.67493e-06 -1.44711e-06 0)
(4.85266e-06 -1.36032e-06 0)
(5.02974e-06 -1.27249e-06 0)
(5.20635e-06 -1.18356e-06 0)
(5.38276e-06 -1.09358e-06 0)
(5.55918e-06 -1.00271e-06 9.52646e-23)
(1.86594e-06 -2.81395e-06 0)
(2.04605e-06 -2.72959e-06 0)
(2.22701e-06 -2.64363e-06 0)
(2.40892e-06 -2.55671e-06 0)
(2.5914e-06 -2.46942e-06 0)
(2.77426e-06 -2.38215e-06 0)
(2.95725e-06 -2.29513e-06 0)
(3.14015e-06 -2.20852e-06 0)
(3.32278e-06 -2.12239e-06 0)
(3.50499e-06 -2.03669e-06 0)
(3.68663e-06 -1.95131e-06 0)
(3.86761e-06 -1.8661e-06 0)
(4.04789e-06 -1.78088e-06 0)
(4.22742e-06 -1.69542e-06 0)
(4.40621e-06 -1.60954e-06 0)
(4.58432e-06 -1.52303e-06 0)
(4.76181e-06 -1.43578e-06 0)
(4.9388e-06 -1.34768e-06 0)
(5.11544e-06 -1.25875e-06 0)
(5.29193e-06 -1.16906e-06 0)
(5.46846e-06 -1.07887e-06 1.32441e-22)
(1.81084e-06 -2.89119e-06 0)
(1.98652e-06 -2.80778e-06 0)
(2.16328e-06 -2.72257e-06 0)
(2.34135e-06 -2.63621e-06 0)
(2.52036e-06 -2.54929e-06 0)
(2.70005e-06 -2.46217e-06 0)
(2.88019e-06 -2.37512e-06 0)
(3.06056e-06 -2.28833e-06 0)
(3.24097e-06 -2.20188e-06 0)
(3.42126e-06 -2.11574e-06 0)
(3.60128e-06 -2.02986e-06 0)
(3.78093e-06 -1.9441e-06 0)
(3.96012e-06 -1.8583e-06 0)
(4.13881e-06 -1.77228e-06 0)
(4.31698e-06 -1.68587e-06 0)
(4.49467e-06 -1.59892e-06 0)
(4.6719e-06 -1.51134e-06 0)
(4.84878e-06 -1.42307e-06 0)
(5.02541e-06 -1.33416e-06 0)
(5.20194e-06 -1.24473e-06 0)
(5.37851e-06 -1.15507e-06 -1.99128e-23)
(1.75281e-06 -2.966e-06 0)
(1.92432e-06 -2.88344e-06 0)
(2.09729e-06 -2.79903e-06 0)
(2.2719e-06 -2.71338e-06 0)
(2.44777e-06 -2.62694e-06 0)
(2.62463e-06 -2.54012e-06 0)
(2.80225e-06 -2.45322e-06 0)
(2.98042e-06 -2.36644e-06 0)
(3.15891e-06 -2.27988e-06 0)
(3.33755e-06 -2.19354e-06 0)
(3.51617e-06 -2.10738e-06 0)
(3.69465e-06 -2.02128e-06 0)
(3.8729e-06 -1.93512e-06 0)
(4.05084e-06 -1.84873e-06 0)
(4.22846e-06 -1.76198e-06 0)
(4.40574e-06 -1.67475e-06 0)
(4.58273e-06 -1.58695e-06 0)
(4.75947e-06 -1.49858e-06 0)
(4.93605e-06 -1.4097e-06 0)
(5.11258e-06 -1.32047e-06 0)
(5.28914e-06 -1.23121e-06 1.90084e-23)
(1.69073e-06 -3.03867e-06 0)
(1.85841e-06 -2.95709e-06 0)
(2.02807e-06 -2.87353e-06 0)
(2.19963e-06 -2.78861e-06 0)
(2.37277e-06 -2.70274e-06 0)
(2.54725e-06 -2.61636e-06 0)
(2.72281e-06 -2.52976e-06 0)
(2.89919e-06 -2.44317e-06 0)
(3.07614e-06 -2.35668e-06 0)
(3.25347e-06 -2.27032e-06 0)
(3.43098e-06 -2.18406e-06 0)
(3.60853e-06 -2.09781e-06 0)
(3.78599e-06 -2.01146e-06 0)
(3.96331e-06 -1.92487e-06 0)
(4.14042e-06 -1.83792e-06 0)
(4.31733e-06 -1.75051e-06 0)
(4.49405e-06 -1.66258e-06 0)
(4.67064e-06 -1.57415e-06 0)
(4.84714e-06 -1.4853e-06 0)
(5.02363e-06 -1.3962e-06 0)
(5.20017e-06 -1.30718e-06 1.70945e-22)
(1.62367e-06 -3.10929e-06 0)
(1.78788e-06 -3.02881e-06 0)
(1.95461e-06 -2.94623e-06 0)
(2.12362e-06 -2.86214e-06 0)
(2.29461e-06 -2.77699e-06 0)
(2.46728e-06 -2.6912e-06 0)
(2.64132e-06 -2.60507e-06 0)
(2.81642e-06 -2.51881e-06 0)
(2.99231e-06 -2.43254e-06 0)
(3.16874e-06 -2.3463e-06 0)
(3.34548e-06 -2.26009e-06 0)
(3.52236e-06 -2.17381e-06 0)
(3.69924e-06 -2.08739e-06 0)
(3.87604e-06 -2.00071e-06 0)
(4.05272e-06 -1.91367e-06 0)
(4.22926e-06 -1.82617e-06 0)
(4.4057e-06 -1.73819e-06 0)
(4.58207e-06 -1.64973e-06 0)
(4.75844e-06 -1.56091e-06 0)
(4.93487e-06 -1.47188e-06 0)
(5.11136e-06 -1.38293e-06 1.32466e-22)
(1.54966e-06 -3.17849e-06 -6.50154e-23)
(1.71088e-06 -3.09924e-06 -9.68742e-23)
(1.87532e-06 -3.01777e-06 -7.6572e-23)
(2.04253e-06 -2.93467e-06 5.39045e-24)
(2.21213e-06 -2.85037e-06 3.38599e-23)
(2.38377e-06 -2.76528e-06 -3.4403e-23)
(2.55704e-06 -2.67971e-06 -8.26352e-23)
(2.73158e-06 -2.59388e-06 -4.58998e-23)
(2.90704e-06 -2.50792e-06 -1.61594e-23)
(3.08311e-06 -2.42188e-06 -8.5713e-23)
(3.25952e-06 -2.33577e-06 -9.97327e-23)
(3.43607e-06 -2.24954e-06 -6.50269e-23)
(3.61261e-06 -2.16311e-06 -4.87664e-23)
(3.78902e-06 -2.07639e-06 -4.87317e-23)
(3.96529e-06 -1.98929e-06 -4.87099e-23)
(4.14142e-06 -1.90175e-06 -1.08888e-23)
(4.31746e-06 -1.81374e-06 2.15587e-23)
(4.49352e-06 -1.72529e-06 -5.43564e-23)
(4.66967e-06 -1.63649e-06 -1.03033e-22)
(4.84602e-06 -1.5475e-06 -2.67441e-23)
(5.0225e-06 -1.45856e-06 8.66656e-23)
(2.92227e-06 -1.33202e-06 0)
(3.17244e-06 -1.23911e-06 0)
(3.41312e-06 -1.15696e-06 0)
(3.64625e-06 -1.08592e-06 0)
(3.87198e-06 -1.02328e-06 0)
(4.09068e-06 -9.6766e-07 0)
(4.30278e-06 -9.17479e-07 0)
(4.5088e-06 -8.71362e-07 0)
(4.70926e-06 -8.28036e-07 0)
(4.90468e-06 -7.86357e-07 0)
(5.09552e-06 -7.45275e-07 0)
(5.28224e-06 -7.03814e-07 0)
(5.4652e-06 -6.61048e-07 0)
(5.64475e-06 -6.16066e-07 0)
(5.8212e-06 -5.67944e-07 0)
(5.99477e-06 -5.15719e-07 0)
(6.16574e-06 -4.58338e-07 0)
(6.33429e-06 -3.94676e-07 0)
(6.50075e-06 -3.23359e-07 0)
(6.66522e-06 -2.43136e-07 0)
(6.82838e-06 -1.5145e-07 5.61909e-23)
(2.78685e-06 -1.46984e-06 0)
(3.03517e-06 -1.37548e-06 0)
(3.27596e-06 -1.28958e-06 0)
(3.51016e-06 -1.21351e-06 0)
(3.73771e-06 -1.14523e-06 0)
(3.95874e-06 -1.08362e-06 0)
(4.1735e-06 -1.02733e-06 0)
(4.38234e-06 -9.75124e-07 0)
(4.58567e-06 -9.25843e-07 0)
(4.7839e-06 -8.78394e-07 0)
(4.97743e-06 -8.31762e-07 0)
(5.16666e-06 -7.84985e-07 0)
(5.35196e-06 -7.37137e-07 0)
(5.53365e-06 -6.87308e-07 0)
(5.71204e-06 -6.34574e-07 0)
(5.88742e-06 -5.77978e-07 0)
(6.06008e-06 -5.16491e-07 0)
(6.23027e-06 -4.49024e-07 0)
(6.39839e-06 -3.74274e-07 0)
(6.56465e-06 -2.91079e-07 0)
(6.72979e-06 -1.971e-07 1.14398e-22)
(2.66852e-06 -1.60327e-06 0)
(2.91352e-06 -1.50758e-06 0)
(3.15225e-06 -1.41902e-06 0)
(3.38555e-06 -1.33905e-06 0)
(3.61302e-06 -1.26609e-06 0)
(3.83466e-06 -1.19927e-06 0)
(4.05052e-06 -1.1375e-06 0)
(4.26081e-06 -1.07971e-06 0)
(4.46579e-06 -1.02485e-06 0)
(4.66578e-06 -9.71927e-07 0)
(4.86111e-06 -9.19973e-07 0)
(5.05212e-06 -8.68064e-07 0)
(5.23913e-06 -8.15299e-07 0)
(5.42245e-06 -7.60785e-07 0)
(5.60241e-06 -7.03619e-07 0)
(5.77928e-06 -6.42871e-07 0)
(5.95341e-06 -5.77551e-07 0)
(6.12507e-06 -5.06627e-07 0)
(6.29472e-06 -4.28889e-07 0)
(6.46266e-06 -3.43276e-07 0)
(6.62965e-06 -2.47688e-07 1.65094e-22)
(2.5644e-06 -1.73106e-06 0)
(2.80494e-06 -1.63495e-06 0)
(3.0403e-06 -1.54464e-06 0)
(3.2713e-06 -1.46165e-06 0)
(3.49731e-06 -1.38481e-06 0)
(3.71822e-06 -1.31352e-06 0)
(3.93391e-06 -1.2469e-06 0)
(4.14449e-06 -1.18406e-06 0)
(4.35009e-06 -1.12408e-06 0)
(4.55094e-06 -1.06606e-06 0)
(4.74728e-06 -1.0091e-06 0)
(4.93938e-06 -9.52337e-07 0)
(5.12754e-06 -8.94908e-07 0)
(5.31204e-06 -8.35956e-07 0)
(5.49317e-06 -7.74614e-07 0)
(5.67124e-06 -7.09995e-07 0)
(5.84659e-06 -6.41164e-07 0)
(6.01953e-06 -5.67162e-07 0)
(6.19054e-06 -4.86885e-07 0)
(6.36002e-06 -3.99387e-07 0)
(6.52869e-06 -3.02823e-07 1.44844e-22)
(2.47259e-06 -1.85317e-06 0)
(2.70779e-06 -1.75719e-06 0)
(2.93887e-06 -1.66589e-06 0)
(3.16652e-06 -1.58069e-06 0)
(3.38999e-06 -1.50076e-06 0)
(3.6091e-06 -1.42573e-06 0)
(3.82361e-06 -1.35492e-06 0)
(4.03352e-06 -1.2876e-06 0)
(4.23886e-06 -1.22299e-06 0)
(4.43976e-06 -1.1603e-06 0)
(4.6364e-06 -1.09871e-06 0)
(4.82899e-06 -1.03742e-06 0)
(5.01778e-06 -9.75631e-07 0)
(5.20301e-06 -9.12531e-07 0)
(5.38497e-06 -8.47301e-07 0)
(5.56394e-06 -7.79112e-07 0)
(5.74027e-06 -7.07096e-07 0)
(5.9143e-06 -6.30379e-07 0)
(6.08651e-06 -5.47973e-07 0)
(6.25736e-06 -4.59055e-07 0)
(6.42755e-06 -3.62047e-07 1.46145e-22)
(2.3909e-06 -1.96958e-06 0)
(2.62032e-06 -1.87425e-06 0)
(2.84653e-06 -1.78255e-06 0)
(3.07013e-06 -1.69578e-06 0)
(3.2903e-06 -1.61345e-06 0)
(3.5068e-06 -1.53533e-06 0)
(3.71933e-06 -1.46094e-06 0)
(3.92778e-06 -1.38971e-06 0)
(4.13212e-06 -1.32098e-06 0)
(4.33241e-06 -1.25408e-06 0)
(4.52875e-06 -1.18827e-06 0)
(4.7213e-06 -1.12284e-06 0)
(4.91025e-06 -1.05704e-06 0)
(5.09582e-06 -9.90119e-07 0)
(5.27827e-06 -9.21327e-07 0)
(5.45788e-06 -8.49895e-07 0)
(5.63497e-06 -7.75035e-07 0)
(5.8099e-06 -6.95962e-07 0)
(5.98314e-06 -6.11813e-07 0)
(6.15519e-06 -5.21889e-07 0)
(6.32672e-06 -4.24875e-07 1.47292e-22)
(2.31752e-06 -2.08053e-06 0)
(2.54094e-06 -1.98619e-06 0)
(2.76194e-06 -1.89454e-06 0)
(2.98102e-06 -1.80677e-06 0)
(3.19735e-06 -1.7226e-06 0)
(3.41067e-06 -1.64199e-06 0)
(3.6206e-06 -1.5646e-06 0)
(3.827e-06 -1.49e-06 0)
(4.02976e-06 -1.41767e-06 0)
(4.22889e-06 -1.34702e-06 0)
(4.42442e-06 -1.27743e-06 0)
(4.61648e-06 -1.20825e-06 0)
(4.8052e-06 -1.13881e-06 0)
(4.99078e-06 -1.06843e-06 0)
(5.17343e-06 -9.96415e-07 0)
(5.35342e-06 -9.22077e-07 0)
(5.53107e-06 -8.44708e-07 0)
(5.70673e-06 -7.63618e-07 0)
(5.88084e-06 -6.78073e-07 0)
(6.05392e-06 -5.87492e-07 0)
(6.2266e-06 -4.9082e-07 1.26896e-22)
(2.25077e-06 -2.18634e-06 0)
(2.46817e-06 -2.09323e-06 0)
(2.68381e-06 -2.00196e-06 0)
(2.89812e-06 -1.9136e-06 0)
(3.11026e-06 -1.82809e-06 0)
(3.31999e-06 -1.74549e-06 0)
(3.52689e-06 -1.66562e-06 0)
(3.73078e-06 -1.58816e-06 0)
(3.93152e-06 -1.51271e-06 0)
(4.12906e-06 -1.43879e-06 0)
(4.32339e-06 -1.36585e-06 0)
(4.51458e-06 -1.29334e-06 0)
(4.70275e-06 -1.22065e-06 0)
(4.88804e-06 -1.14717e-06 0)
(5.07065e-06 -1.07229e-06 0)
(5.25082e-06 -9.95381e-07 0)
(5.42883e-06 -9.15833e-07 0)
(5.60505e-06 -8.33047e-07 0)
(5.77987e-06 -7.46412e-07 0)
(5.95382e-06 -6.55466e-07 0)
(6.12747e-06 -5.59396e-07 1.56088e-23)
(2.18922e-06 -2.28739e-06 0)
(2.40068e-06 -2.19563e-06 0)
(2.61094e-06 -2.10495e-06 0)
(2.82035e-06 -2.01633e-06 0)
(3.02813e-06 -1.92988e-06 0)
(3.23401e-06 -1.84574e-06 0)
(3.43758e-06 -1.76385e-06 0)
(3.63866e-06 -1.68401e-06 0)
(3.83705e-06 -1.6059e-06 0)
(4.03267e-06 -1.52915e-06 0)
(4.22549e-06 -1.4533e-06 0)
(4.41554e-06 -1.37786e-06 0)
(4.60289e-06 -1.30231e-06 0)
(4.78766e-06 -1.22611e-06 0)
(4.97002e-06 -1.14871e-06 0)
(5.15018e-06 -1.06957e-06 0)
(5.32841e-06 -9.88155e-07 0)
(5.50503e-06 -9.03966e-07 0)
(5.68042e-06 -8.16508e-07 0)
(5.85509e-06 -7.2543e-07 0)
(6.02955e-06 -6.30142e-07 7.52144e-23)
(2.13159e-06 -2.38407e-06 0)
(2.33729e-06 -2.2937e-06 0)
(2.54224e-06 -2.20375e-06 0)
(2.74674e-06 -2.11511e-06 0)
(2.95006e-06 -2.02803e-06 0)
(3.15196e-06 -1.94272e-06 0)
(3.35204e-06 -1.85922e-06 0)
(3.55009e-06 -1.77742e-06 0)
(3.74592e-06 -1.69709e-06 0)
(3.9394e-06 -1.61794e-06 0)
(4.13049e-06 -1.53959e-06 0)
(4.31919e-06 -1.46163e-06 0)
(4.50552e-06 -1.38361e-06 0)
(4.6896e-06 -1.30505e-06 0)
(4.87154e-06 -1.22547e-06 0)
(5.05155e-06 -1.14442e-06 0)
(5.22985e-06 -1.06144e-06 0)
(5.40674e-06 -9.76109e-07 0)
(5.58258e-06 -8.88055e-07 0)
(5.75782e-06 -7.97024e-07 0)
(5.93292e-06 -7.02625e-07 1.12589e-22)
(2.07676e-06 -2.47676e-06 0)
(2.27689e-06 -2.38774e-06 0)
(2.47666e-06 -2.29859e-06 0)
(2.67632e-06 -2.21012e-06 0)
(2.8752e-06 -2.12265e-06 0)
(3.07309e-06 -2.0365e-06 0)
(3.26959e-06 -1.95174e-06 0)
(3.46452e-06 -1.86836e-06 0)
(3.65765e-06 -1.7862e-06 0)
(3.84886e-06 -1.70506e-06 0)
(4.03808e-06 -1.62461e-06 0)
(4.22527e-06 -1.54452e-06 0)
(4.41046e-06 -1.46439e-06 0)
(4.59371e-06 -1.38382e-06 0)
(4.77512e-06 -1.3024e-06 0)
(4.95486e-06 -1.21974e-06 0)
(5.13312e-06 -1.13546e-06 0)
(5.31017e-06 -1.04923e-06 0)
(5.48633e-06 -9.60771e-07 0)
(5.66202e-06 -8.69915e-07 0)
(5.83763e-06 -7.76451e-07 9.57104e-23)
(2.0237e-06 -2.5658e-06 0)
(2.21849e-06 -2.47807e-06 0)
(2.41325e-06 -2.38974e-06 0)
(2.60818e-06 -2.30155e-06 0)
(2.80271e-06 -2.21391e-06 0)
(2.99662e-06 -2.12716e-06 0)
(3.18957e-06 -2.04146e-06 0)
(3.38134e-06 -1.95685e-06 0)
(3.57173e-06 -1.87323e-06 0)
(3.76061e-06 -1.79046e-06 0)
(3.94788e-06 -1.70829e-06 0)
(4.1335e-06 -1.62643e-06 0)
(4.31746e-06 -1.54455e-06 0)
(4.4998e-06 -1.46231e-06 0)
(4.68059e-06 -1.37937e-06 0)
(4.85998e-06 -1.29538e-06 0)
(5.03812e-06 -1.21005e-06 0)
(5.21525e-06 -1.12312e-06 0)
(5.39163e-06 -1.0344e-06 0)
(5.56765e-06 -9.43807e-07 0)
(5.74363e-06 -8.51269e-07 1.13579e-22)
(1.97148e-06 -2.6515e-06 0)
(2.16115e-06 -2.56498e-06 0)
(2.35109e-06 -2.47746e-06 0)
(2.54147e-06 -2.38963e-06 0)
(2.73178e-06 -2.30198e-06 0)
(2.92182e-06 -2.21487e-06 0)
(3.11128e-06 -2.1285e-06 0)
(3.29995e-06 -2.04296e-06 0)
(3.48764e-06 -1.95821e-06 0)
(3.6742e-06 -1.87416e-06 0)
(3.85952e-06 -1.79061e-06 0)
(4.04354e-06 -1.70732e-06 0)
(4.22624e-06 -1.62403e-06 0)
(4.40763e-06 -1.54044e-06 0)
(4.58776e-06 -1.45626e-06 0)
(4.76674e-06 -1.37121e-06 0)
(4.9447e-06 -1.28505e-06 0)
(5.12183e-06 -1.1976e-06 0)
(5.29836e-06 -1.10873e-06 0)
(5.47461e-06 -1.01844e-06 0)
(5.65086e-06 -9.26774e-07 1.78687e-23)
(1.91919e-06 -2.73414e-06 0)
(2.10396e-06 -2.64873e-06 0)
(2.2893e-06 -2.562e-06 0)
(2.47533e-06 -2.47461e-06 0)
(2.6616e-06 -2.38708e-06 0)
(2.84794e-06 -2.2998e-06 0)
(3.03406e-06 -2.213e-06 0)
(3.21976e-06 -2.1268e-06 0)
(3.40483e-06 -2.04122e-06 0)
(3.58915e-06 -1.9562e-06 0)
(3.77257e-06 -1.87159e-06 0)
(3.95504e-06 -1.7872e-06 0)
(4.13649e-06 -1.70281e-06 0)
(4.31693e-06 -1.61815e-06 0)
(4.49639e-06 -1.53299e-06 0)
(4.67493e-06 -1.44711e-06 0)
(4.85266e-06 -1.36032e-06 0)
(5.02974e-06 -1.27249e-06 0)
(5.20635e-06 -1.18356e-06 0)
(5.38276e-06 -1.09358e-06 0)
(5.55918e-06 -1.00271e-06 9.52646e-23)
(1.86594e-06 -2.81395e-06 0)
(2.04605e-06 -2.72959e-06 0)
(2.22701e-06 -2.64363e-06 0)
(2.40892e-06 -2.55671e-06 0)
(2.5914e-06 -2.46942e-06 0)
(2.77426e-06 -2.38215e-06 0)
(2.95725e-06 -2.29513e-06 0)
(3.14015e-06 -2.20852e-06 0)
(3.32278e-06 -2.12239e-06 0)
(3.50499e-06 -2.03669e-06 0)
(3.68663e-06 -1.95131e-06 0)
(3.86761e-06 -1.8661e-06 0)
(4.04789e-06 -1.78088e-06 0)
(4.22742e-06 -1.69542e-06 0)
(4.40621e-06 -1.60954e-06 0)
(4.58432e-06 -1.52303e-06 0)
(4.76181e-06 -1.43578e-06 0)
(4.9388e-06 -1.34768e-06 0)
(5.11544e-06 -1.25875e-06 0)
(5.29193e-06 -1.16906e-06 0)
(5.46846e-06 -1.07887e-06 1.32441e-22)
(1.81084e-06 -2.89119e-06 0)
(1.98652e-06 -2.80778e-06 0)
(2.16328e-06 -2.72257e-06 0)
(2.34135e-06 -2.63621e-06 0)
(2.52036e-06 -2.54929e-06 0)
(2.70005e-06 -2.46217e-06 0)
(2.88019e-06 -2.37512e-06 0)
(3.06056e-06 -2.28833e-06 0)
(3.24097e-06 -2.20188e-06 0)
(3.42126e-06 -2.11574e-06 0)
(3.60128e-06 -2.02986e-06 0)
(3.78093e-06 -1.9441e-06 0)
(3.96012e-06 -1.8583e-06 0)
(4.13881e-06 -1.77228e-06 0)
(4.31698e-06 -1.68587e-06 0)
(4.49467e-06 -1.59892e-06 0)
(4.6719e-06 -1.51134e-06 0)
(4.84878e-06 -1.42307e-06 0)
(5.02541e-06 -1.33416e-06 0)
(5.20194e-06 -1.24473e-06 0)
(5.37851e-06 -1.15507e-06 -1.99128e-23)
(1.75281e-06 -2.966e-06 0)
(1.92432e-06 -2.88344e-06 0)
(2.09729e-06 -2.79903e-06 0)
(2.2719e-06 -2.71338e-06 0)
(2.44777e-06 -2.62694e-06 0)
(2.62463e-06 -2.54012e-06 0)
(2.80225e-06 -2.45322e-06 0)
(2.98042e-06 -2.36644e-06 0)
(3.15891e-06 -2.27988e-06 0)
(3.33755e-06 -2.19354e-06 0)
(3.51617e-06 -2.10738e-06 0)
(3.69465e-06 -2.02128e-06 0)
(3.8729e-06 -1.93512e-06 0)
(4.05084e-06 -1.84873e-06 0)
(4.22846e-06 -1.76198e-06 0)
(4.40574e-06 -1.67475e-06 0)
(4.58273e-06 -1.58695e-06 0)
(4.75947e-06 -1.49858e-06 0)
(4.93605e-06 -1.4097e-06 0)
(5.11258e-06 -1.32047e-06 0)
(5.28914e-06 -1.23121e-06 1.90084e-23)
(1.69073e-06 -3.03867e-06 0)
(1.85841e-06 -2.95709e-06 0)
(2.02807e-06 -2.87353e-06 0)
(2.19963e-06 -2.78861e-06 0)
(2.37277e-06 -2.70274e-06 0)
(2.54725e-06 -2.61636e-06 0)
(2.72281e-06 -2.52976e-06 0)
(2.89919e-06 -2.44317e-06 0)
(3.07614e-06 -2.35668e-06 0)
(3.25347e-06 -2.27032e-06 0)
(3.43098e-06 -2.18406e-06 0)
(3.60853e-06 -2.09781e-06 0)
(3.78599e-06 -2.01146e-06 0)
(3.96331e-06 -1.92487e-06 0)
(4.14042e-06 -1.83792e-06 0)
(4.31733e-06 -1.75051e-06 0)
(4.49405e-06 -1.66258e-06 0)
(4.67064e-06 -1.57415e-06 0)
(4.84714e-06 -1.4853e-06 0)
(5.02363e-06 -1.3962e-06 0)
(5.20017e-06 -1.30718e-06 1.70945e-22)
(1.62367e-06 -3.10929e-06 0)
(1.78788e-06 -3.02881e-06 0)
(1.95461e-06 -2.94623e-06 0)
(2.12362e-06 -2.86214e-06 0)
(2.29461e-06 -2.77699e-06 0)
(2.46728e-06 -2.6912e-06 0)
(2.64132e-06 -2.60507e-06 0)
(2.81642e-06 -2.51881e-06 0)
(2.99231e-06 -2.43254e-06 0)
(3.16874e-06 -2.3463e-06 0)
(3.34548e-06 -2.26009e-06 0)
(3.52236e-06 -2.17381e-06 0)
(3.69924e-06 -2.08739e-06 0)
(3.87604e-06 -2.00071e-06 0)
(4.05272e-06 -1.91367e-06 0)
(4.22926e-06 -1.82617e-06 0)
(4.4057e-06 -1.73819e-06 0)
(4.58207e-06 -1.64973e-06 0)
(4.75844e-06 -1.56091e-06 0)
(4.93487e-06 -1.47188e-06 0)
(5.11136e-06 -1.38293e-06 1.32466e-22)
(1.54966e-06 -3.17849e-06 -6.50154e-23)
(1.71088e-06 -3.09924e-06 -9.68742e-23)
(1.87532e-06 -3.01777e-06 -7.6572e-23)
(2.04253e-06 -2.93467e-06 5.39045e-24)
(2.21213e-06 -2.85037e-06 3.38599e-23)
(2.38377e-06 -2.76528e-06 -3.4403e-23)
(2.55704e-06 -2.67971e-06 -8.26352e-23)
(2.73158e-06 -2.59388e-06 -4.58998e-23)
(2.90704e-06 -2.50792e-06 -1.61594e-23)
(3.08311e-06 -2.42188e-06 -8.5713e-23)
(3.25952e-06 -2.33577e-06 -9.97327e-23)
(3.43607e-06 -2.24954e-06 -6.50269e-23)
(3.61261e-06 -2.16311e-06 -4.87664e-23)
(3.78902e-06 -2.07639e-06 -4.87317e-23)
(3.96529e-06 -1.98929e-06 -4.87099e-23)
(4.14142e-06 -1.90175e-06 -1.08888e-23)
(4.31746e-06 -1.81374e-06 2.15587e-23)
(4.49352e-06 -1.72529e-06 -5.43564e-23)
(4.66967e-06 -1.63649e-06 -1.03033e-22)
(4.84602e-06 -1.5475e-06 -2.67441e-23)
(5.0225e-06 -1.45856e-06 8.66656e-23)
(0 -2.76851e-06 0)
(2.52163e-07 -2.74897e-06 0)
(5.07881e-07 -2.69114e-06 0)
(7.70441e-07 -2.59727e-06 0)
(1.0426e-06 -2.47084e-06 0)
(1.32643e-06 -2.31649e-06 0)
(1.62305e-06 -2.13967e-06 0)
(1.93257e-06 -1.9464e-06 0)
(2.2539e-06 -1.74306e-06 0)
(2.5853e-06 -1.53526e-06 0)
(0 -2.81103e-06 0)
(2.44938e-07 -2.79317e-06 0)
(4.92836e-07 -2.7403e-06 0)
(7.46421e-07 -2.65434e-06 0)
(1.008e-06 -2.5383e-06 0)
(1.27934e-06 -2.39613e-06 0)
(1.56145e-06 -2.2325e-06 0)
(1.85454e-06 -2.05253e-06 0)
(2.15773e-06 -1.86177e-06 0)
(2.46971e-06 -1.66463e-06 0)
(0 -2.85464e-06 0)
(2.38584e-07 -2.83826e-06 0)
(4.79624e-07 -2.78974e-06 0)
(7.25367e-07 -2.71077e-06 0)
(9.77723e-07 -2.60396e-06 0)
(1.23817e-06 -2.47275e-06 0)
(1.50757e-06 -2.32119e-06 0)
(1.7862e-06 -2.15369e-06 0)
(2.07344e-06 -1.97513e-06 0)
(2.36834e-06 -1.78901e-06 0)
(0 -2.89937e-06 0)
(2.32838e-07 -2.88427e-06 0)
(4.67727e-07 -2.83955e-06 0)
(7.06535e-07 -2.76669e-06 0)
(9.50851e-07 -2.668e-06 0)
(1.20191e-06 -2.54649e-06 0)
(1.46042e-06 -2.40575e-06 0)
(1.72662e-06 -2.24962e-06 0)
(2.00004e-06 -2.08245e-06 0)
(2.27975e-06 -1.90731e-06 0)
(0 -2.94516e-06 0)
(2.27523e-07 -2.9312e-06 0)
(4.56766e-07 -2.88982e-06 0)
(6.89287e-07 -2.82236e-06 0)
(9.2641e-07 -2.73087e-06 0)
(1.16916e-06 -2.61805e-06 0)
(1.41814e-06 -2.48708e-06 0)
(1.67351e-06 -2.34137e-06 0)
(1.935e-06 -2.18476e-06 0)
(2.20159e-06 -2.02008e-06 0)
(0 -2.99196e-06 0)
(2.2252e-07 -2.979e-06 0)
(4.46494e-07 -2.94056e-06 0)
(6.73236e-07 -2.87785e-06 0)
(9.03859e-07 -2.79273e-06 0)
(1.13921e-06 -2.68762e-06 0)
(1.37979e-06 -2.5654e-06 0)
(1.62569e-06 -2.42913e-06 0)
(1.87674e-06 -2.28224e-06 0)
(2.1319e-06 -2.12742e-06 0)
(0 -3.03967e-06 0)
(2.17717e-07 -3.02759e-06 0)
(4.36676e-07 -2.99176e-06 0)
(6.57997e-07 -2.93326e-06 0)
(8.82625e-07 -2.85381e-06 0)
(1.11126e-06 -2.7556e-06 0)
(1.34434e-06 -2.64124e-06 0)
(1.58187e-06 -2.51352e-06 0)
(1.82379e-06 -2.37551e-06 0)
(2.06901e-06 -2.2298e-06 0)
(0 -3.08819e-06 0)
(2.13037e-07 -3.07689e-06 0)
(4.2715e-07 -3.04337e-06 0)
(6.43308e-07 -2.98862e-06 0)
(8.62323e-07 -2.91421e-06 0)
(1.08478e-06 -2.82216e-06 0)
(1.31107e-06 -2.71486e-06 0)
(1.54112e-06 -2.59487e-06 0)
(1.77493e-06 -2.46495e-06 0)
(2.01146e-06 -2.32761e-06 0)
(0 -3.13741e-06 0)
(2.08407e-07 -3.12681e-06 0)
(4.17762e-07 -3.09534e-06 0)
(6.28917e-07 -3.04395e-06 0)
(8.42587e-07 -2.97405e-06 0)
(1.05927e-06 -2.88752e-06 0)
(1.2793e-06 -2.78657e-06 0)
(1.50259e-06 -2.67355e-06 0)
(1.72914e-06 -2.55098e-06 0)
(1.95798e-06 -2.42126e-06 0)
(0 -3.18719e-06 0)
(2.03767e-07 -3.17721e-06 0)
(4.08385e-07 -3.1476e-06 0)
(6.14623e-07 -3.0992e-06 0)
(8.23122e-07 -3.03336e-06 0)
(1.03432e-06 -2.9518e-06 0)
(1.2485e-06 -2.85656e-06 0)
(1.46558e-06 -2.74984e-06 0)
(1.68554e-06 -2.63394e-06 0)
(1.90751e-06 -2.51116e-06 0)
(0 -3.2374e-06 0)
(1.99058e-07 -3.22799e-06 0)
(3.989e-07 -3.20004e-06 0)
(6.00232e-07 -3.15435e-06 0)
(8.03646e-07 -3.09216e-06 0)
(1.00954e-06 -3.01509e-06 0)
(1.21817e-06 -2.92501e-06 0)
(1.42944e-06 -2.82399e-06 0)
(1.64334e-06 -2.71414e-06 0)
(1.85909e-06 -2.59765e-06 0)
(0 -3.2879e-06 0)
(1.94226e-07 -3.279e-06 0)
(3.89191e-07 -3.25256e-06 0)
(5.85563e-07 -3.20932e-06 0)
(7.83902e-07 -3.15045e-06 0)
(9.84577e-07 -3.07743e-06 0)
(1.18784e-06 -2.99203e-06 0)
(1.3936e-06 -2.89618e-06 0)
(1.60184e-06 -2.79183e-06 0)
(1.81186e-06 -2.68105e-06 0)
(0 -3.33851e-06 0)
(1.89214e-07 -3.33008e-06 0)
(3.7914e-07 -3.30501e-06 0)
(5.70431e-07 -3.26402e-06 0)
(7.63629e-07 -3.20817e-06 0)
(9.59096e-07 -3.13885e-06 0)
(1.15708e-06 -3.05771e-06 0)
(1.3575e-06 -2.96656e-06 0)
(1.56035e-06 -2.8672e-06 0)
(1.76501e-06 -2.76161e-06 0)
(0 -3.38907e-06 0)
(1.83959e-07 -3.38106e-06 0)
(3.68622e-07 -3.35727e-06 0)
(5.5464e-07 -3.31833e-06 0)
(7.42555e-07 -3.26525e-06 0)
(9.32736e-07 -3.19933e-06 0)
(1.12543e-06 -3.12209e-06 0)
(1.3206e-06 -3.03523e-06 0)
(1.51822e-06 -2.94044e-06 0)
(1.71776e-06 -2.83956e-06 0)
(0 -3.43935e-06 0)
(1.78394e-07 -3.43174e-06 0)
(3.57501e-07 -3.40912e-06 0)
(5.37981e-07 -3.37209e-06 0)
(7.20392e-07 -3.32157e-06 0)
(9.05122e-07 -3.25879e-06 0)
(1.09243e-06 -3.18515e-06 0)
(1.28232e-06 -3.10225e-06 0)
(1.47478e-06 -3.01165e-06 0)
(1.66934e-06 -2.91508e-06 0)
(0 -3.48916e-06 0)
(1.72442e-07 -3.48191e-06 0)
(3.45617e-07 -3.46039e-06 0)
(5.20213e-07 -3.42515e-06 0)
(6.96811e-07 -3.37703e-06 0)
(8.75831e-07 -3.31718e-06 0)
(1.05756e-06 -3.24689e-06 0)
(1.24205e-06 -3.16766e-06 0)
(1.42929e-06 -3.08095e-06 0)
(1.61891e-06 -2.98836e-06 0)
(0 -3.53813e-06 0)
(1.66014e-07 -3.53124e-06 0)
(3.32797e-07 -3.51076e-06 0)
(5.01069e-07 -3.47721e-06 0)
(6.7145e-07 -3.43137e-06 0)
(8.44402e-07 -3.37428e-06 0)
(1.02025e-06 -3.30717e-06 0)
(1.1991e-06 -3.2314e-06 0)
(1.38098e-06 -3.14833e-06 0)
(1.56558e-06 -3.05947e-06 0)
(0 -3.58611e-06 0)
(1.59e-07 -3.57956e-06 0)
(3.18813e-07 -3.56009e-06 0)
(4.80206e-07 -3.52817e-06 0)
(6.43848e-07 -3.48451e-06 0)
(8.10256e-07 -3.43009e-06 0)
(9.79807e-07 -3.36601e-06 0)
(1.15267e-06 -3.29355e-06 0)
(1.3289e-06 -3.21396e-06 0)
(1.5083e-06 -3.12865e-06 0)
(-0 -3.63241e-06 -8.12443e-27)
(1.51298e-07 -3.62619e-06 0)
(3.03465e-07 -3.60771e-06 0)
(4.57321e-07 -3.57739e-06 0)
(6.13593e-07 -3.53588e-06 0)
(7.72864e-07 -3.48407e-06 0)
(9.35583e-07 -3.42298e-06 0)
(1.102e-06 -3.35377e-06 0)
(1.27222e-06 -3.27762e-06 0)
(1.44616e-06 -3.19579e-06 0)
(-0 -3.67719e-06 -1.3284e-23)
(1.42648e-07 -3.6713e-06 -1.92152e-23)
(2.86238e-07 -3.65381e-06 -1.24026e-23)
(4.31649e-07 -3.62509e-06 -1.66377e-23)
(5.79677e-07 -3.58574e-06 -3.84206e-24)
(7.30993e-07 -3.53656e-06 5.41603e-23)
(8.8614e-07 -3.47846e-06 -8.62465e-24)
(1.04546e-06 -3.41253e-06 -2.20702e-23)
(1.20918e-06 -3.33981e-06 6.9597e-23)
(1.37728e-06 -3.2615e-06 2.70997e-23)
(0 -2.76851e-06 0)
(2.52163e-07 -2.74897e-06 0)
(5.07881e-07 -2.69114e-06 0)
(7.70441e-07 -2.59727e-06 0)
(1.0426e-06 -2.47084e-06 0)
(1.32643e-06 -2.31649e-06 0)
(1.62305e-06 -2.13967e-06 0)
(1.93257e-06 -1.9464e-06 0)
(2.2539e-06 -1.74306e-06 0)
(2.5853e-06 -1.53526e-06 0)
(0 -2.81103e-06 0)
(2.44938e-07 -2.79317e-06 0)
(4.92836e-07 -2.7403e-06 0)
(7.46421e-07 -2.65434e-06 0)
(1.008e-06 -2.5383e-06 0)
(1.27934e-06 -2.39613e-06 0)
(1.56145e-06 -2.2325e-06 0)
(1.85454e-06 -2.05253e-06 0)
(2.15773e-06 -1.86177e-06 0)
(2.46971e-06 -1.66463e-06 0)
(0 -2.85464e-06 0)
(2.38584e-07 -2.83826e-06 0)
(4.79624e-07 -2.78974e-06 0)
(7.25367e-07 -2.71077e-06 0)
(9.77723e-07 -2.60396e-06 0)
(1.23817e-06 -2.47275e-06 0)
(1.50757e-06 -2.32119e-06 0)
(1.7862e-06 -2.15369e-06 0)
(2.07344e-06 -1.97513e-06 0)
(2.36834e-06 -1.78901e-06 0)
(0 -2.89937e-06 0)
(2.32838e-07 -2.88427e-06 0)
(4.67727e-07 -2.83955e-06 0)
(7.06535e-07 -2.76669e-06 0)
(9.50851e-07 -2.668e-06 0)
(1.20191e-06 -2.54649e-06 0)
(1.46042e-06 -2.40575e-06 0)
(1.72662e-06 -2.24962e-06 0)
(2.00004e-06 -2.08245e-06 0)
(2.27975e-06 -1.90731e-06 0)
(0 -2.94516e-06 0)
(2.27523e-07 -2.9312e-06 0)
(4.56766e-07 -2.88982e-06 0)
(6.89287e-07 -2.82236e-06 0)
(9.2641e-07 -2.73087e-06 0)
(1.16916e-06 -2.61805e-06 0)
(1.41814e-06 -2.48708e-06 0)
(1.67351e-06 -2.34137e-06 0)
(1.935e-06 -2.18476e-06 0)
(2.20159e-06 -2.02008e-06 0)
(0 -2.99196e-06 0)
(2.2252e-07 -2.979e-06 0)
(4.46494e-07 -2.94056e-06 0)
(6.73236e-07 -2.87785e-06 0)
(9.03859e-07 -2.79273e-06 0)
(1.13921e-06 -2.68762e-06 0)
(1.37979e-06 -2.5654e-06 0)
(1.62569e-06 -2.42913e-06 0)
(1.87674e-06 -2.28224e-06 0)
(2.1319e-06 -2.12742e-06 0)
(0 -3.03967e-06 0)
(2.17717e-07 -3.02759e-06 0)
(4.36676e-07 -2.99176e-06 0)
(6.57997e-07 -2.93326e-06 0)
(8.82625e-07 -2.85381e-06 0)
(1.11126e-06 -2.7556e-06 0)
(1.34434e-06 -2.64124e-06 0)
(1.58187e-06 -2.51352e-06 0)
(1.82379e-06 -2.37551e-06 0)
(2.06901e-06 -2.2298e-06 0)
(0 -3.08819e-06 0)
(2.13037e-07 -3.07689e-06 0)
(4.2715e-07 -3.04337e-06 0)
(6.43308e-07 -2.98862e-06 0)
(8.62323e-07 -2.91421e-06 0)
(1.08478e-06 -2.82216e-06 0)
(1.31107e-06 -2.71486e-06 0)
(1.54112e-06 -2.59487e-06 0)
(1.77493e-06 -2.46495e-06 0)
(2.01146e-06 -2.32761e-06 0)
(0 -3.13741e-06 0)
(2.08407e-07 -3.12681e-06 0)
(4.17762e-07 -3.09534e-06 0)
(6.28917e-07 -3.04395e-06 0)
(8.42587e-07 -2.97405e-06 0)
(1.05927e-06 -2.88752e-06 0)
(1.2793e-06 -2.78657e-06 0)
(1.50259e-06 -2.67355e-06 0)
(1.72914e-06 -2.55098e-06 0)
(1.95798e-06 -2.42126e-06 0)
(0 -3.18719e-06 0)
(2.03767e-07 -3.17721e-06 0)
(4.08385e-07 -3.1476e-06 0)
(6.14623e-07 -3.0992e-06 0)
(8.23122e-07 -3.03336e-06 0)
(1.03432e-06 -2.9518e-06 0)
(1.2485e-06 -2.85656e-06 0)
(1.46558e-06 -2.74984e-06 0)
(1.68554e-06 -2.63394e-06 0)
(1.90751e-06 -2.51116e-06 0)
(0 -3.2374e-06 0)
(1.99058e-07 -3.22799e-06 0)
(3.989e-07 -3.20004e-06 0)
(6.00232e-07 -3.15435e-06 0)
(8.03646e-07 -3.09216e-06 0)
(1.00954e-06 -3.01509e-06 0)
(1.21817e-06 -2.92501e-06 0)
(1.42944e-06 -2.82399e-06 0)
(1.64334e-06 -2.71414e-06 0)
(1.85909e-06 -2.59765e-06 0)
(0 -3.2879e-06 0)
(1.94226e-07 -3.279e-06 0)
(3.89191e-07 -3.25256e-06 0)
(5.85563e-07 -3.20932e-06 0)
(7.83902e-07 -3.15045e-06 0)
(9.84577e-07 -3.07743e-06 0)
(1.18784e-06 -2.99203e-06 0)
(1.3936e-06 -2.89618e-06 0)
(1.60184e-06 -2.79183e-06 0)
(1.81186e-06 -2.68105e-06 0)
(0 -3.33851e-06 0)
(1.89214e-07 -3.33008e-06 0)
(3.7914e-07 -3.30501e-06 0)
(5.70431e-07 -3.26402e-06 0)
(7.63629e-07 -3.20817e-06 0)
(9.59096e-07 -3.13885e-06 0)
(1.15708e-06 -3.05771e-06 0)
(1.3575e-06 -2.96656e-06 0)
(1.56035e-06 -2.8672e-06 0)
(1.76501e-06 -2.76161e-06 0)
(0 -3.38907e-06 0)
(1.83959e-07 -3.38106e-06 0)
(3.68622e-07 -3.35727e-06 0)
(5.5464e-07 -3.31833e-06 0)
(7.42555e-07 -3.26525e-06 0)
(9.32736e-07 -3.19933e-06 0)
(1.12543e-06 -3.12209e-06 0)
(1.3206e-06 -3.03523e-06 0)
(1.51822e-06 -2.94044e-06 0)
(1.71776e-06 -2.83956e-06 0)
(0 -3.43935e-06 0)
(1.78394e-07 -3.43174e-06 0)
(3.57501e-07 -3.40912e-06 0)
(5.37981e-07 -3.37209e-06 0)
(7.20392e-07 -3.32157e-06 0)
(9.05122e-07 -3.25879e-06 0)
(1.09243e-06 -3.18515e-06 0)
(1.28232e-06 -3.10225e-06 0)
(1.47478e-06 -3.01165e-06 0)
(1.66934e-06 -2.91508e-06 0)
(0 -3.48916e-06 0)
(1.72442e-07 -3.48191e-06 0)
(3.45617e-07 -3.46039e-06 0)
(5.20213e-07 -3.42515e-06 0)
(6.96811e-07 -3.37703e-06 0)
(8.75831e-07 -3.31718e-06 0)
(1.05756e-06 -3.24689e-06 0)
(1.24205e-06 -3.16766e-06 0)
(1.42929e-06 -3.08095e-06 0)
(1.61891e-06 -2.98836e-06 0)
(0 -3.53813e-06 0)
(1.66014e-07 -3.53124e-06 0)
(3.32797e-07 -3.51076e-06 0)
(5.01069e-07 -3.47721e-06 0)
(6.7145e-07 -3.43137e-06 0)
(8.44402e-07 -3.37428e-06 0)
(1.02025e-06 -3.30717e-06 0)
(1.1991e-06 -3.2314e-06 0)
(1.38098e-06 -3.14833e-06 0)
(1.56558e-06 -3.05947e-06 0)
(0 -3.58611e-06 0)
(1.59e-07 -3.57956e-06 0)
(3.18813e-07 -3.56009e-06 0)
(4.80206e-07 -3.52817e-06 0)
(6.43848e-07 -3.48451e-06 0)
(8.10256e-07 -3.43009e-06 0)
(9.79807e-07 -3.36601e-06 0)
(1.15267e-06 -3.29355e-06 0)
(1.3289e-06 -3.21396e-06 0)
(1.5083e-06 -3.12865e-06 0)
(-0 -3.63241e-06 -8.12443e-27)
(1.51298e-07 -3.62619e-06 0)
(3.03465e-07 -3.60771e-06 0)
(4.57321e-07 -3.57739e-06 0)
(6.13593e-07 -3.53588e-06 0)
(7.72864e-07 -3.48407e-06 0)
(9.35583e-07 -3.42298e-06 0)
(1.102e-06 -3.35377e-06 0)
(1.27222e-06 -3.27762e-06 0)
(1.44616e-06 -3.19579e-06 0)
(-0 -3.67719e-06 -1.3284e-23)
(1.42648e-07 -3.6713e-06 -1.92152e-23)
(2.86238e-07 -3.65381e-06 -1.24026e-23)
(4.31649e-07 -3.62509e-06 -1.66377e-23)
(5.79677e-07 -3.58574e-06 -3.84206e-24)
(7.30993e-07 -3.53656e-06 5.41603e-23)
(8.8614e-07 -3.47846e-06 -8.62465e-24)
(1.04546e-06 -3.41253e-06 -2.20702e-23)
(1.20918e-06 -3.33981e-06 6.9597e-23)
(1.37728e-06 -3.2615e-06 2.70997e-23)
)
;

boundaryField
{
    left
    {
        type            symmetryPlane;
    }
    right
    {
        type            calculated;
    }
    down
    {
        type            symmetryPlane;
    }
    up
    {
        type            calculated;
    }
    hole
    {
        type            calculated;
    }
    frontAndBack
    {
        type            empty;
    }
}


// ************************************************************************* //
