/*--------------------------------*- C++ -*----------------------------------*\
| =========                 |                                                 |
| \\      /  F ield         | foam-extend: Open Source CFD                    |
|  \\    /   O peration     | Version:     4.1                                |
|   \\  /    A nd           | Web:         http://www.foam-extend.org         |
|    \\/     M anipulation  |                                                 |
\*---------------------------------------------------------------------------*/
FoamFile
{
    version     2.0;
    format      ascii;
    class       pointVectorField;
    location    "10";
    object      pointD;
}
// * * * * * * * * * * * * * * * * * * * * * * * * * * * * * * * * * * * * * //

dimensions      [0 1 0 0 0 0 0];

internalField   nonuniform List<vector> 
2142
(
(5.81385e-06 -2.41457e-06 -3.19126e-22)
(5.41872e-06 -2.14114e-06 0)
(5.17667e-06 -1.98681e-06 0)
(5.02714e-06 -1.89562e-06 0)
(4.94538e-06 -1.85093e-06 0)
(4.91156e-06 -1.83627e-06 0)
(4.91308e-06 -1.8429e-06 0)
(4.94099e-06 -1.86412e-06 0)
(4.98886e-06 -1.89559e-06 0)
(5.05209e-06 -1.93429e-06 0)
(5.1292e-06 -1.97961e-06 0)
(5.33463e-06 -2.60063e-06 -1.39538e-22)
(4.90583e-06 -2.38412e-06 0)
(4.64277e-06 -2.26597e-06 0)
(4.47947e-06 -2.19828e-06 0)
(4.38791e-06 -2.16939e-06 0)
(4.34659e-06 -2.16548e-06 0)
(4.34172e-06 -2.17979e-06 0)
(4.36379e-06 -2.20658e-06 0)
(4.40576e-06 -2.24247e-06 0)
(4.46308e-06 -2.28437e-06 0)
(4.53117e-06 -2.33197e-06 0)
(4.8237e-06 -2.77126e-06 2.18713e-22)
(4.37747e-06 -2.62125e-06 0)
(4.10344e-06 -2.54517e-06 0)
(3.93275e-06 -2.50471e-06 0)
(3.83535e-06 -2.49397e-06 0)
(3.78887e-06 -2.50228e-06 0)
(3.77886e-06 -2.52518e-06 0)
(3.79549e-06 -2.55812e-06 0)
(3.8315e-06 -2.59881e-06 0)
(3.8819e-06 -2.6442e-06 0)
(3.94229e-06 -2.69558e-06 0)
(4.28429e-06 -2.92522e-06 5.04256e-22)
(3.83851e-06 -2.84751e-06 0)
(3.56457e-06 -2.81699e-06 0)
(3.39351e-06 -2.80598e-06 0)
(3.29468e-06 -2.81472e-06 0)
(3.24569e-06 -2.83603e-06 0)
(3.23206e-06 -2.86789e-06 0)
(3.24402e-06 -2.90714e-06 0)
(3.27443e-06 -2.95256e-06 0)
(3.31824e-06 -3.00159e-06 0)
(3.37177e-06 -3.05606e-06 0)
(3.71971e-06 -3.06134e-06 1.71336e-23)
(3.29299e-06 -3.05761e-06 0)
(3.03065e-06 -3.07361e-06 0)
(2.86653e-06 -3.09263e-06 0)
(2.77084e-06 -3.12117e-06 0)
(2.72214e-06 -3.1556e-06 0)
(2.70654e-06 -3.19643e-06 0)
(2.7147e-06 -3.24194e-06 0)
(2.73995e-06 -3.29194e-06 0)
(2.77736e-06 -3.34456e-06 0)
(2.82404e-06 -3.40191e-06 0)
(3.13339e-06 -3.17854e-06 -3.10412e-22)
(2.74408e-06 -3.2463e-06 0)
(2.50466e-06 -3.30716e-06 0)
(2.35469e-06 -3.35512e-06 0)
(2.26666e-06 -3.40268e-06 0)
(2.22101e-06 -3.4497e-06 0)
(2.20505e-06 -3.49906e-06 0)
(2.2103e-06 -3.55049e-06 0)
(2.23075e-06 -3.6048e-06 0)
(2.26186e-06 -3.66087e-06 0)
(2.30145e-06 -3.72084e-06 0)
(2.52884e-06 -3.27584e-06 3.91987e-23)
(2.19404e-06 -3.40855e-06 0)
(1.98811e-06 -3.51014e-06 0)
(1.85898e-06 -3.58436e-06 0)
(1.78282e-06 -3.64914e-06 0)
(1.74279e-06 -3.70752e-06 0)
(1.72798e-06 -3.76457e-06 0)
(1.73111e-06 -3.82134e-06 0)
(1.74709e-06 -3.87951e-06 0)
(1.77194e-06 -3.93871e-06 0)
(1.80412e-06 -4.001e-06 0)
(1.90962e-06 -3.3524e-06 4.28536e-23)
(1.6443e-06 -3.53988e-06 0)
(1.48106e-06 -3.67576e-06 0)
(1.37863e-06 -3.77209e-06 0)
(1.318e-06 -3.85136e-06 0)
(1.28583e-06 -3.91929e-06 0)
(1.27348e-06 -3.9828e-06 0)
(1.27518e-06 -4.04406e-06 0)
(1.28693e-06 -4.10546e-06 0)
(1.30555e-06 -4.16733e-06 0)
(1.33e-06 -4.23155e-06 0)
(1.27936e-06 -3.40753e-06 1.15199e-22)
(1.0955e-06 -3.6365e-06 0)
(9.82335e-07 -3.79835e-06 0)
(9.11279e-07 -3.91142e-06 0)
(8.69112e-07 -4.00166e-06 0)
(8.46596e-07 -4.07682e-06 0)
(8.37737e-07 -4.14522e-06 0)
(8.38538e-07 -4.20987e-06 0)
(8.46258e-07 -4.27372e-06 0)
(8.58657e-07 -4.33765e-06 0)
(8.75114e-07 -4.40333e-06 0)
(6.41762e-07 -3.44072e-06 1.76643e-22)
(5.47709e-07 -3.69555e-06 0)
(4.89761e-07 -3.87362e-06 0)
(4.53346e-07 -3.99714e-06 0)
(4.31693e-07 -4.09423e-06 0)
(4.20078e-07 -4.17391e-06 0)
(4.15434e-07 -4.24535e-06 0)
(4.15716e-07 -4.31214e-06 0)
(4.19527e-07 -4.37752e-06 0)
(4.25711e-07 -4.44275e-06 0)
(4.33981e-07 -4.50935e-06 0)
(0 -3.45149e-06 1.23873e-22)
(0 -3.71532e-06 -5.02503e-25)
(0 -3.89913e-06 0)
(0 -4.02607e-06 0)
(0 -4.12557e-06 0)
(0 -4.20674e-06 0)
(0 -4.27924e-06 0)
(0 -4.34674e-06 0)
(0 -4.41265e-06 0)
(0 -4.47832e-06 0)
(0 -4.54522e-06 0)
(5.81385e-06 -2.41457e-06 -3.19126e-22)
(5.41872e-06 -2.14114e-06 0)
(5.17667e-06 -1.98681e-06 0)
(5.02714e-06 -1.89562e-06 0)
(4.94538e-06 -1.85093e-06 0)
(4.91156e-06 -1.83627e-06 0)
(4.91308e-06 -1.8429e-06 0)
(4.94099e-06 -1.86412e-06 0)
(4.98886e-06 -1.89559e-06 0)
(5.05209e-06 -1.93429e-06 0)
(5.1292e-06 -1.97961e-06 0)
(5.33463e-06 -2.60063e-06 -1.39538e-22)
(4.90583e-06 -2.38412e-06 0)
(4.64277e-06 -2.26597e-06 0)
(4.47947e-06 -2.19828e-06 0)
(4.38791e-06 -2.16939e-06 0)
(4.34659e-06 -2.16548e-06 0)
(4.34172e-06 -2.17979e-06 0)
(4.36379e-06 -2.20658e-06 0)
(4.40576e-06 -2.24247e-06 0)
(4.46308e-06 -2.28437e-06 0)
(4.53117e-06 -2.33197e-06 0)
(4.8237e-06 -2.77126e-06 2.18713e-22)
(4.37747e-06 -2.62125e-06 0)
(4.10344e-06 -2.54517e-06 0)
(3.93275e-06 -2.50471e-06 0)
(3.83535e-06 -2.49397e-06 0)
(3.78887e-06 -2.50228e-06 0)
(3.77886e-06 -2.52518e-06 0)
(3.79549e-06 -2.55812e-06 0)
(3.8315e-06 -2.59881e-06 0)
(3.8819e-06 -2.6442e-06 0)
(3.94229e-06 -2.69558e-06 0)
(4.28429e-06 -2.92522e-06 5.04256e-22)
(3.83851e-06 -2.84751e-06 0)
(3.56457e-06 -2.81699e-06 0)
(3.39351e-06 -2.80598e-06 0)
(3.29468e-06 -2.81472e-06 0)
(3.24569e-06 -2.83603e-06 0)
(3.23206e-06 -2.86789e-06 0)
(3.24402e-06 -2.90714e-06 0)
(3.27443e-06 -2.95256e-06 0)
(3.31824e-06 -3.00159e-06 0)
(3.37177e-06 -3.05606e-06 0)
(3.71971e-06 -3.06134e-06 1.71336e-23)
(3.29299e-06 -3.05761e-06 0)
(3.03065e-06 -3.07361e-06 0)
(2.86653e-06 -3.09263e-06 0)
(2.77084e-06 -3.12117e-06 0)
(2.72214e-06 -3.1556e-06 0)
(2.70654e-06 -3.19643e-06 0)
(2.7147e-06 -3.24194e-06 0)
(2.73995e-06 -3.29194e-06 0)
(2.77736e-06 -3.34456e-06 0)
(2.82404e-06 -3.40191e-06 0)
(3.13339e-06 -3.17854e-06 -3.10412e-22)
(2.74408e-06 -3.2463e-06 0)
(2.50466e-06 -3.30716e-06 0)
(2.35469e-06 -3.35512e-06 0)
(2.26666e-06 -3.40268e-06 0)
(2.22101e-06 -3.4497e-06 0)
(2.20505e-06 -3.49906e-06 0)
(2.2103e-06 -3.55049e-06 0)
(2.23075e-06 -3.6048e-06 0)
(2.26186e-06 -3.66087e-06 0)
(2.30145e-06 -3.72084e-06 0)
(2.52884e-06 -3.27584e-06 3.91987e-23)
(2.19404e-06 -3.40855e-06 0)
(1.98811e-06 -3.51014e-06 0)
(1.85898e-06 -3.58436e-06 0)
(1.78282e-06 -3.64914e-06 0)
(1.74279e-06 -3.70752e-06 0)
(1.72798e-06 -3.76457e-06 0)
(1.73111e-06 -3.82134e-06 0)
(1.74709e-06 -3.87951e-06 0)
(1.77194e-06 -3.93871e-06 0)
(1.80412e-06 -4.001e-06 0)
(1.90962e-06 -3.3524e-06 4.28536e-23)
(1.6443e-06 -3.53988e-06 0)
(1.48106e-06 -3.67576e-06 0)
(1.37863e-06 -3.77209e-06 0)
(1.318e-06 -3.85136e-06 0)
(1.28583e-06 -3.91929e-06 0)
(1.27348e-06 -3.9828e-06 0)
(1.27518e-06 -4.04406e-06 0)
(1.28693e-06 -4.10546e-06 0)
(1.30555e-06 -4.16733e-06 0)
(1.33e-06 -4.23155e-06 0)
(1.27936e-06 -3.40753e-06 1.15199e-22)
(1.0955e-06 -3.6365e-06 0)
(9.82335e-07 -3.79835e-06 0)
(9.11279e-07 -3.91142e-06 0)
(8.69112e-07 -4.00166e-06 0)
(8.46596e-07 -4.07682e-06 0)
(8.37737e-07 -4.14522e-06 0)
(8.38538e-07 -4.20987e-06 0)
(8.46258e-07 -4.27372e-06 0)
(8.58657e-07 -4.33765e-06 0)
(8.75114e-07 -4.40333e-06 0)
(6.41762e-07 -3.44072e-06 1.76643e-22)
(5.47709e-07 -3.69555e-06 0)
(4.89761e-07 -3.87362e-06 0)
(4.53346e-07 -3.99714e-06 0)
(4.31693e-07 -4.09423e-06 0)
(4.20078e-07 -4.17391e-06 0)
(4.15434e-07 -4.24535e-06 0)
(4.15716e-07 -4.31214e-06 0)
(4.19527e-07 -4.37752e-06 0)
(4.25711e-07 -4.44275e-06 0)
(4.33981e-07 -4.50935e-06 0)
(0 -3.45149e-06 1.23873e-22)
(0 -3.71532e-06 -5.02503e-25)
(0 -3.89913e-06 0)
(0 -4.02607e-06 0)
(0 -4.12557e-06 0)
(0 -4.20674e-06 0)
(0 -4.27924e-06 0)
(0 -4.34674e-06 0)
(0 -4.41265e-06 0)
(0 -4.47832e-06 0)
(0 -4.54522e-06 0)
(8.27705e-06 0 -1.01007e-22)
(8.37025e-06 0 4.09745e-25)
(8.4314e-06 0 0)
(8.47755e-06 0 0)
(8.52672e-06 0 0)
(8.58345e-06 0 0)
(8.6519e-06 0 0)
(8.73255e-06 0 0)
(8.82585e-06 0 0)
(8.93095e-06 0 0)
(9.04765e-06 0 0)
(8.25113e-06 -2.65598e-07 -4.53368e-23)
(8.33586e-06 -1.84506e-07 0)
(8.39164e-06 -1.36097e-07 0)
(8.4345e-06 -1.06142e-07 0)
(8.48141e-06 -8.87021e-08 0)
(8.53666e-06 -7.93681e-08 0)
(8.60402e-06 -7.54716e-08 0)
(8.68386e-06 -7.51899e-08 0)
(8.77648e-06 -7.73654e-08 0)
(8.88093e-06 -8.08985e-08 0)
(8.99711e-06 -8.59535e-08 0)
(8.17291e-06 -5.2965e-07 -8.8266e-23)
(8.23308e-06 -3.71561e-07 0)
(8.27359e-06 -2.77442e-07 0)
(8.30663e-06 -2.19287e-07 0)
(8.34704e-06 -1.85521e-07 0)
(8.39788e-06 -1.67545e-07 0)
(8.46209e-06 -1.60163e-07 0)
(8.53951e-06 -1.59827e-07 0)
(8.63015e-06 -1.64272e-07 0)
(8.73269e-06 -1.71376e-07 0)
(8.8473e-06 -1.81409e-07 0)
(8.04284e-06 -7.90842e-07 -2.64459e-22)
(8.06379e-06 -5.64042e-07 0)
(8.08003e-06 -4.29279e-07 0)
(8.09742e-06 -3.46119e-07 0)
(8.12748e-06 -2.98014e-07 0)
(8.17129e-06 -2.726e-07 0)
(8.23046e-06 -2.62424e-07 0)
(8.30402e-06 -2.62396e-07 0)
(8.39149e-06 -2.69244e-07 0)
(8.491e-06 -2.79957e-07 0)
(8.60309e-06 -2.94792e-07 0)
(7.86204e-06 -1.04758e-06 -1.86687e-22)
(7.83148e-06 -7.64042e-07 0)
(7.81581e-06 -5.95887e-07 0)
(7.81264e-06 -4.92285e-07 0)
(7.82911e-06 -4.32673e-07 0)
(7.86366e-06 -4.01537e-07 0)
(7.9162e-06 -3.89558e-07 0)
(7.98467e-06 -3.9036e-07 0)
(8.06795e-06 -3.99804e-07 0)
(8.16346e-06 -4.14183e-07 0)
(8.27224e-06 -4.33594e-07 0)
(7.63194e-06 -1.29842e-06 -1.4707e-23)
(7.54069e-06 -9.73013e-07 0)
(7.48743e-06 -7.80515e-07 0)
(7.46002e-06 -6.62168e-07 0)
(7.46043e-06 -5.94589e-07 0)
(7.48403e-06 -5.59877e-07 0)
(7.52869e-06 -5.47337e-07 0)
(7.5911e-06 -5.49628e-07 0)
(7.66937e-06 -5.6192e-07 0)
(7.76014e-06 -5.80036e-07 0)
(7.86491e-06 -6.03734e-07 0)
(7.3543e-06 -1.54193e-06 -4.59921e-24)
(7.1969e-06 -1.19157e-06 0)
(7.10263e-06 -9.85056e-07 0)
(7.04876e-06 -8.58473e-07 0)
(7.03159e-06 -7.86975e-07 0)
(7.04317e-06 -7.51145e-07 0)
(7.07911e-06 -7.39478e-07 0)
(7.13479e-06 -7.44022e-07 0)
(7.20744e-06 -7.5948e-07 0)
(7.29295e-06 -7.81428e-07 0)
(7.39316e-06 -8.09135e-07 0)
(7.03121e-06 -1.77669e-06 -7.8101e-24)
(6.80625e-06 -1.41941e-06 0)
(6.67004e-06 -1.20992e-06 0)
(6.5891e-06 -1.08206e-06 0)
(6.55387e-06 -1.01098e-06 0)
(6.55301e-06 -9.76658e-07 0)
(6.57983e-06 -9.67399e-07 0)
(6.62839e-06 -9.75026e-07 0)
(6.69501e-06 -9.94018e-07 0)
(6.77493e-06 -1.01994e-06 0)
(6.87007e-06 -1.05138e-06 0)
(6.66501e-06 -2.00128e-06 3.78891e-22)
(6.37525e-06 -1.65526e-06 0)
(6.19879e-06 -1.45391e-06 0)
(6.09182e-06 -1.3318e-06 0)
(6.03913e-06 -1.26551e-06 0)
(6.02611e-06 -1.23535e-06 0)
(6.04387e-06 -1.23005e-06 0)
(6.08524e-06 -1.24159e-06 0)
(6.14559e-06 -1.26455e-06 0)
(6.21978e-06 -1.29468e-06 0)
(6.30953e-06 -1.32994e-06 0)
(6.25829e-06 -2.21436e-06 2.40309e-22)
(5.91057e-06 -1.89688e-06 0)
(5.69805e-06 -1.71429e-06 0)
(5.56772e-06 -1.60464e-06 0)
(5.49918e-06 -1.54729e-06 0)
(5.47495e-06 -1.52379e-06 0)
(5.4841e-06 -1.52387e-06 0)
(5.51842e-06 -1.54006e-06 0)
(5.57239e-06 -1.56732e-06 0)
(5.64083e-06 -1.60206e-06 0)
(5.72432e-06 -1.64117e-06 0)
(8.27705e-06 0 -1.01007e-22)
(8.37025e-06 0 4.09745e-25)
(8.4314e-06 0 0)
(8.47755e-06 0 0)
(8.52672e-06 0 0)
(8.58345e-06 0 0)
(8.6519e-06 0 0)
(8.73255e-06 0 0)
(8.82585e-06 0 0)
(8.93095e-06 0 0)
(9.04765e-06 0 0)
(8.25113e-06 -2.65598e-07 -4.53368e-23)
(8.33586e-06 -1.84506e-07 0)
(8.39164e-06 -1.36097e-07 0)
(8.4345e-06 -1.06142e-07 0)
(8.48141e-06 -8.87021e-08 0)
(8.53666e-06 -7.93681e-08 0)
(8.60402e-06 -7.54716e-08 0)
(8.68386e-06 -7.51899e-08 0)
(8.77648e-06 -7.73654e-08 0)
(8.88093e-06 -8.08985e-08 0)
(8.99711e-06 -8.59535e-08 0)
(8.17291e-06 -5.2965e-07 -8.8266e-23)
(8.23308e-06 -3.71561e-07 0)
(8.27359e-06 -2.77442e-07 0)
(8.30663e-06 -2.19287e-07 0)
(8.34704e-06 -1.85521e-07 0)
(8.39788e-06 -1.67545e-07 0)
(8.46209e-06 -1.60163e-07 0)
(8.53951e-06 -1.59827e-07 0)
(8.63015e-06 -1.64272e-07 0)
(8.73269e-06 -1.71376e-07 0)
(8.8473e-06 -1.81409e-07 0)
(8.04284e-06 -7.90842e-07 -2.64459e-22)
(8.06379e-06 -5.64042e-07 0)
(8.08003e-06 -4.29279e-07 0)
(8.09742e-06 -3.46119e-07 0)
(8.12748e-06 -2.98014e-07 0)
(8.17129e-06 -2.726e-07 0)
(8.23046e-06 -2.62424e-07 0)
(8.30402e-06 -2.62396e-07 0)
(8.39149e-06 -2.69244e-07 0)
(8.491e-06 -2.79957e-07 0)
(8.60309e-06 -2.94792e-07 0)
(7.86204e-06 -1.04758e-06 -1.86687e-22)
(7.83148e-06 -7.64042e-07 0)
(7.81581e-06 -5.95887e-07 0)
(7.81264e-06 -4.92285e-07 0)
(7.82911e-06 -4.32673e-07 0)
(7.86366e-06 -4.01537e-07 0)
(7.9162e-06 -3.89558e-07 0)
(7.98467e-06 -3.9036e-07 0)
(8.06795e-06 -3.99804e-07 0)
(8.16346e-06 -4.14183e-07 0)
(8.27224e-06 -4.33594e-07 0)
(7.63194e-06 -1.29842e-06 -1.4707e-23)
(7.54069e-06 -9.73013e-07 0)
(7.48743e-06 -7.80515e-07 0)
(7.46002e-06 -6.62168e-07 0)
(7.46043e-06 -5.94589e-07 0)
(7.48403e-06 -5.59877e-07 0)
(7.52869e-06 -5.47337e-07 0)
(7.5911e-06 -5.49628e-07 0)
(7.66937e-06 -5.6192e-07 0)
(7.76014e-06 -5.80036e-07 0)
(7.86491e-06 -6.03734e-07 0)
(7.3543e-06 -1.54193e-06 -4.59921e-24)
(7.1969e-06 -1.19157e-06 0)
(7.10263e-06 -9.85056e-07 0)
(7.04876e-06 -8.58473e-07 0)
(7.03159e-06 -7.86975e-07 0)
(7.04317e-06 -7.51145e-07 0)
(7.07911e-06 -7.39478e-07 0)
(7.13479e-06 -7.44022e-07 0)
(7.20744e-06 -7.5948e-07 0)
(7.29295e-06 -7.81428e-07 0)
(7.39316e-06 -8.09135e-07 0)
(7.03121e-06 -1.77669e-06 -7.8101e-24)
(6.80625e-06 -1.41941e-06 0)
(6.67004e-06 -1.20992e-06 0)
(6.5891e-06 -1.08206e-06 0)
(6.55387e-06 -1.01098e-06 0)
(6.55301e-06 -9.76658e-07 0)
(6.57983e-06 -9.67399e-07 0)
(6.62839e-06 -9.75026e-07 0)
(6.69501e-06 -9.94018e-07 0)
(6.77493e-06 -1.01994e-06 0)
(6.87007e-06 -1.05138e-06 0)
(6.66501e-06 -2.00128e-06 3.78891e-22)
(6.37525e-06 -1.65526e-06 0)
(6.19879e-06 -1.45391e-06 0)
(6.09182e-06 -1.3318e-06 0)
(6.03913e-06 -1.26551e-06 0)
(6.02611e-06 -1.23535e-06 0)
(6.04387e-06 -1.23005e-06 0)
(6.08524e-06 -1.24159e-06 0)
(6.14559e-06 -1.26455e-06 0)
(6.21978e-06 -1.29468e-06 0)
(6.30953e-06 -1.32994e-06 0)
(6.25829e-06 -2.21436e-06 2.40309e-22)
(5.91057e-06 -1.89688e-06 0)
(5.69805e-06 -1.71429e-06 0)
(5.56772e-06 -1.60464e-06 0)
(5.49918e-06 -1.54729e-06 0)
(5.47495e-06 -1.52379e-06 0)
(5.4841e-06 -1.52387e-06 0)
(5.51842e-06 -1.54006e-06 0)
(5.57239e-06 -1.56732e-06 0)
(5.64083e-06 -1.60206e-06 0)
(5.72432e-06 -1.64117e-06 0)
(9.17552e-06 0 0)
(9.31286e-06 0 0)
(9.45855e-06 0 0)
(9.61186e-06 0 0)
(9.77199e-06 0 0)
(9.93824e-06 0 0)
(1.01099e-05 0 0)
(1.02864e-05 0 0)
(1.04671e-05 0 0)
(1.06514e-05 0 0)
(1.08388e-05 0 0)
(1.10286e-05 0 0)
(1.12204e-05 0 0)
(1.14134e-05 0 0)
(1.16071e-05 0 0)
(1.18007e-05 0 0)
(1.19935e-05 0 0)
(1.21849e-05 0 0)
(1.23732e-05 0 -3.02635e-26)
(1.25585e-05 0 -4.94827e-23)
(9.12952e-06 -8.66148e-08 0)
(9.27069e-06 -8.69151e-08 0)
(9.41975e-06 -8.7234e-08 0)
(9.57602e-06 -8.7237e-08 0)
(9.73877e-06 -8.68508e-08 0)
(9.90735e-06 -8.6001e-08 0)
(1.00811e-05 -8.46244e-08 0)
(1.02595e-05 -8.26793e-08 0)
(1.04419e-05 -8.0117e-08 0)
(1.06278e-05 -7.68926e-08 0)
(1.08166e-05 -7.29513e-08 0)
(1.10078e-05 -6.82303e-08 0)
(1.12008e-05 -6.26529e-08 0)
(1.1395e-05 -5.61256e-08 0)
(1.15898e-05 -4.85356e-08 0)
(1.17846e-05 -3.97427e-08 0)
(1.19784e-05 -2.9583e-08 0)
(1.21708e-05 -1.78348e-08 0)
(1.23601e-05 -4.30674e-09 0)
(1.25465e-05 1.15495e-08 -1.02465e-22)
(8.99303e-06 -1.81272e-07 0)
(9.14553e-06 -1.80706e-07 0)
(9.30455e-06 -1.80364e-07 0)
(9.46957e-06 -1.79579e-07 0)
(9.64007e-06 -1.78155e-07 0)
(9.81557e-06 -1.75929e-07 0)
(9.99556e-06 -1.72748e-07 0)
(1.01795e-05 -1.68513e-07 0)
(1.03671e-05 -1.63113e-07 0)
(1.05576e-05 -1.56446e-07 0)
(1.07508e-05 -1.48394e-07 0)
(1.09459e-05 -1.38823e-07 0)
(1.11427e-05 -1.27573e-07 0)
(1.13404e-05 -1.14453e-07 0)
(1.15386e-05 -9.92329e-08 0)
(1.17366e-05 -8.16272e-08 0)
(1.19335e-05 -6.13059e-08 0)
(1.2129e-05 -3.78229e-08 0)
(1.23213e-05 -1.07924e-08 0)
(1.25107e-05 2.08721e-08 -1.73328e-22)
(8.77023e-06 -2.91084e-07 0)
(8.94104e-06 -2.87433e-07 0)
(9.1162e-06 -2.84568e-07 0)
(9.29541e-06 -2.81504e-07 0)
(9.47854e-06 -2.77822e-07 0)
(9.66529e-06 -2.73238e-07 0)
(9.85541e-06 -2.67459e-07 0)
(1.00486e-05 -2.603e-07 0)
(1.02444e-05 -2.51558e-07 0)
(1.04426e-05 -2.41054e-07 0)
(1.06428e-05 -2.28587e-07 0)
(1.08445e-05 -2.13938e-07 0)
(1.10474e-05 -1.96854e-07 0)
(1.1251e-05 -1.77033e-07 0)
(1.14546e-05 -1.5412e-07 0)
(1.16579e-05 -1.27677e-07 0)
(1.18599e-05 -9.72014e-08 0)
(1.20603e-05 -6.20154e-08 0)
(1.22576e-05 -2.15296e-08 0)
(1.2452e-05 2.58734e-08 -2.78326e-23)
(8.46769e-06 -4.22458e-07 0)
(8.66291e-06 -4.1261e-07 0)
(8.85972e-06 -4.0459e-07 0)
(9.05805e-06 -3.97136e-07 0)
(9.25824e-06 -3.89463e-07 0)
(9.46023e-06 -3.81122e-07 0)
(9.66409e-06 -3.71612e-07 0)
(9.86967e-06 -3.60622e-07 0)
(1.00769e-05 -3.47814e-07 0)
(1.02855e-05 -3.32903e-07 0)
(1.04953e-05 -3.15582e-07 0)
(1.07059e-05 -2.95527e-07 0)
(1.09172e-05 -2.72372e-07 0)
(1.11286e-05 -2.45694e-07 0)
(1.13398e-05 -2.15e-07 0)
(1.15502e-05 -1.79691e-07 0)
(1.17592e-05 -1.39079e-07 0)
(1.19664e-05 -9.22491e-08 0)
(1.21704e-05 -3.83948e-08 0)
(1.23715e-05 2.46232e-08 4.34758e-23)
(8.09401e-06 -5.80563e-07 0)
(8.31863e-06 -5.6073e-07 0)
(8.5417e-06 -5.44304e-07 0)
(8.76335e-06 -5.29829e-07 0)
(8.98447e-06 -5.15993e-07 0)
(9.20523e-06 -5.02133e-07 0)
(9.42606e-06 -4.87467e-07 0)
(9.64705e-06 -4.71499e-07 0)
(9.86831e-06 -4.53717e-07 0)
(1.00898e-05 -4.33688e-07 0)
(1.03116e-05 -4.10966e-07 0)
(1.05333e-05 -3.85098e-07 0)
(1.07549e-05 -3.55586e-07 0)
(1.09761e-05 -3.21867e-07 0)
(1.11966e-05 -2.83297e-07 0)
(1.14159e-05 -2.39102e-07 0)
(1.16335e-05 -1.88403e-07 0)
(1.18491e-05 -1.30037e-07 0)
(1.20615e-05 -6.29662e-08 0)
(1.2271e-05 1.54537e-08 9.68908e-23)
(7.65945e-06 -7.68995e-07 0)
(7.91708e-06 -7.35083e-07 0)
(8.16999e-06 -7.06667e-07 0)
(8.41831e-06 -6.82227e-07 0)
(8.66352e-06 -6.59788e-07 0)
(8.90602e-06 -6.38402e-07 0)
(9.14657e-06 -6.16947e-07 0)
(9.38551e-06 -5.94676e-07 0)
(9.62321e-06 -5.70856e-07 0)
(9.85985e-06 -5.44865e-07 0)
(1.00955e-05 -5.16091e-07 0)
(1.03303e-05 -4.83919e-07 0)
(1.05641e-05 -4.477e-07 0)
(1.07967e-05 -4.06714e-07 0)
(1.1028e-05 -3.6015e-07 0)
(1.12578e-05 -3.07051e-07 0)
(1.14854e-05 -2.46333e-07 0)
(1.17109e-05 -1.76584e-07 0)
(1.1933e-05 -9.65262e-08 0)
(1.21523e-05 -3.04183e-09 1.74004e-22)
(7.17518e-06 -9.89359e-07 0)
(7.46792e-06 -9.37192e-07 0)
(7.75305e-06 -8.93067e-07 0)
(8.0305e-06 -8.5551e-07 0)
(8.30225e-06 -8.21861e-07 0)
(8.56885e-06 -7.90775e-07 0)
(8.83139e-06 -7.60771e-07 0)
(9.09043e-06 -7.3077e-07 0)
(9.34657e-06 -6.99783e-07 0)
(9.60019e-06 -6.66945e-07 0)
(9.8516e-06 -6.31442e-07 0)
(1.0101e-05 -5.92469e-07 0)
(1.03484e-05 -5.49202e-07 0)
(1.0594e-05 -5.00741e-07 0)
(1.08375e-05 -4.461e-07 0)
(1.10789e-05 -3.84125e-07 0)
(1.13178e-05 -3.13523e-07 0)
(1.15543e-05 -2.32629e-07 0)
(1.17873e-05 -1.39924e-07 0)
(1.20176e-05 -3.18495e-08 4.3497e-24)
(6.65319e-06 -1.24178e-06 0)
(6.98158e-06 -1.16766e-06 0)
(7.30003e-06 -1.10452e-06 0)
(7.60803e-06 -1.05081e-06 0)
(7.90786e-06 -1.00342e-06 0)
(8.20023e-06 -9.60458e-07 0)
(8.48641e-06 -9.20087e-07 0)
(8.76719e-06 -8.80847e-07 0)
(9.04335e-06 -8.41456e-07 0)
(9.31547e-06 -8.00779e-07 0)
(9.58404e-06 -7.57767e-07 0)
(9.8494e-06 -7.11405e-07 0)
(1.01118e-05 -6.60668e-07 0)
(1.03714e-05 -6.04466e-07 0)
(1.06282e-05 -5.41621e-07 0)
(1.08824e-05 -4.70776e-07 0)
(1.11336e-05 -3.9043e-07 0)
(1.1382e-05 -2.9867e-07 0)
(1.1627e-05 -1.93739e-07 0)
(1.18693e-05 -7.17352e-08 -5.01924e-23)
(6.10464e-06 -1.52319e-06 0)
(6.46775e-06 -1.42368e-06 0)
(6.81935e-06 -1.33871e-06 0)
(7.15865e-06 -1.26601e-06 0)
(7.48756e-06 -1.2025e-06 0)
(7.80694e-06 -1.14563e-06 0)
(8.11804e-06 -1.09324e-06 0)
(8.42183e-06 -1.04342e-06 0)
(8.71924e-06 -9.9457e-07 0)
(9.01104e-06 -9.45232e-07 0)
(9.29787e-06 -8.94092e-07 0)
(9.58023e-06 -8.39895e-07 0)
(9.85854e-06 -7.81399e-07 0)
(1.01331e-05 -7.17309e-07 0)
(1.04041e-05 -6.46249e-07 0)
(1.06717e-05 -5.6666e-07 0)
(1.0936e-05 -4.76833e-07 0)
(1.11971e-05 -3.74621e-07 0)
(1.14548e-05 -2.5804e-07 0)
(1.17098e-05 -1.22861e-07 3.08175e-23)
(5.54443e-06 -1.82984e-06 0)
(5.93973e-06 -1.70213e-06 0)
(6.32281e-06 -1.59399e-06 0)
(6.69239e-06 -1.50053e-06 0)
(7.04993e-06 -1.41913e-06 0)
(7.39626e-06 -1.34671e-06 0)
(7.73254e-06 -1.2808e-06 0)
(8.0598e-06 -1.21913e-06 0)
(8.37904e-06 -1.15974e-06 0)
(8.69116e-06 -1.10086e-06 0)
(8.99691e-06 -1.04089e-06 0)
(9.29696e-06 -9.78328e-07 0)
(9.59184e-06 -9.11692e-07 0)
(9.882e-06 -8.39478e-07 0)
(1.01678e-05 -7.60103e-07 0)
(1.04495e-05 -6.71818e-07 0)
(1.07274e-05 -5.72711e-07 0)
(1.10018e-05 -4.60445e-07 0)
(1.12727e-05 -3.32794e-07 0)
(1.15411e-05 -1.85333e-07 8.97658e-23)
(9.17552e-06 0 0)
(9.31286e-06 0 0)
(9.45855e-06 0 0)
(9.61186e-06 0 0)
(9.77199e-06 0 0)
(9.93824e-06 0 0)
(1.01099e-05 0 0)
(1.02864e-05 0 0)
(1.04671e-05 0 0)
(1.06514e-05 0 0)
(1.08388e-05 0 0)
(1.10286e-05 0 0)
(1.12204e-05 0 0)
(1.14134e-05 0 0)
(1.16071e-05 0 0)
(1.18007e-05 0 0)
(1.19935e-05 0 0)
(1.21849e-05 0 0)
(1.23732e-05 0 -3.02635e-26)
(1.25585e-05 0 -4.94827e-23)
(9.12952e-06 -8.66148e-08 0)
(9.27069e-06 -8.69151e-08 0)
(9.41975e-06 -8.7234e-08 0)
(9.57602e-06 -8.7237e-08 0)
(9.73877e-06 -8.68508e-08 0)
(9.90735e-06 -8.6001e-08 0)
(1.00811e-05 -8.46244e-08 0)
(1.02595e-05 -8.26793e-08 0)
(1.04419e-05 -8.0117e-08 0)
(1.06278e-05 -7.68926e-08 0)
(1.08166e-05 -7.29513e-08 0)
(1.10078e-05 -6.82303e-08 0)
(1.12008e-05 -6.26529e-08 0)
(1.1395e-05 -5.61256e-08 0)
(1.15898e-05 -4.85356e-08 0)
(1.17846e-05 -3.97427e-08 0)
(1.19784e-05 -2.9583e-08 0)
(1.21708e-05 -1.78348e-08 0)
(1.23601e-05 -4.30674e-09 0)
(1.25465e-05 1.15495e-08 -1.02465e-22)
(8.99303e-06 -1.81272e-07 0)
(9.14553e-06 -1.80706e-07 0)
(9.30455e-06 -1.80364e-07 0)
(9.46957e-06 -1.79579e-07 0)
(9.64007e-06 -1.78155e-07 0)
(9.81557e-06 -1.75929e-07 0)
(9.99556e-06 -1.72748e-07 0)
(1.01795e-05 -1.68513e-07 0)
(1.03671e-05 -1.63113e-07 0)
(1.05576e-05 -1.56446e-07 0)
(1.07508e-05 -1.48394e-07 0)
(1.09459e-05 -1.38823e-07 0)
(1.11427e-05 -1.27573e-07 0)
(1.13404e-05 -1.14453e-07 0)
(1.15386e-05 -9.92329e-08 0)
(1.17366e-05 -8.16272e-08 0)
(1.19335e-05 -6.13059e-08 0)
(1.2129e-05 -3.78229e-08 0)
(1.23213e-05 -1.07924e-08 0)
(1.25107e-05 2.08721e-08 -1.73328e-22)
(8.77023e-06 -2.91084e-07 0)
(8.94104e-06 -2.87433e-07 0)
(9.1162e-06 -2.84568e-07 0)
(9.29541e-06 -2.81504e-07 0)
(9.47854e-06 -2.77822e-07 0)
(9.66529e-06 -2.73238e-07 0)
(9.85541e-06 -2.67459e-07 0)
(1.00486e-05 -2.603e-07 0)
(1.02444e-05 -2.51558e-07 0)
(1.04426e-05 -2.41054e-07 0)
(1.06428e-05 -2.28587e-07 0)
(1.08445e-05 -2.13938e-07 0)
(1.10474e-05 -1.96854e-07 0)
(1.1251e-05 -1.77033e-07 0)
(1.14546e-05 -1.5412e-07 0)
(1.16579e-05 -1.27677e-07 0)
(1.18599e-05 -9.72014e-08 0)
(1.20603e-05 -6.20154e-08 0)
(1.22576e-05 -2.15296e-08 0)
(1.2452e-05 2.58734e-08 -2.78326e-23)
(8.46769e-06 -4.22458e-07 0)
(8.66291e-06 -4.1261e-07 0)
(8.85972e-06 -4.0459e-07 0)
(9.05805e-06 -3.97136e-07 0)
(9.25824e-06 -3.89463e-07 0)
(9.46023e-06 -3.81122e-07 0)
(9.66409e-06 -3.71612e-07 0)
(9.86967e-06 -3.60622e-07 0)
(1.00769e-05 -3.47814e-07 0)
(1.02855e-05 -3.32903e-07 0)
(1.04953e-05 -3.15582e-07 0)
(1.07059e-05 -2.95527e-07 0)
(1.09172e-05 -2.72372e-07 0)
(1.11286e-05 -2.45694e-07 0)
(1.13398e-05 -2.15e-07 0)
(1.15502e-05 -1.79691e-07 0)
(1.17592e-05 -1.39079e-07 0)
(1.19664e-05 -9.22491e-08 0)
(1.21704e-05 -3.83948e-08 0)
(1.23715e-05 2.46232e-08 4.34758e-23)
(8.09401e-06 -5.80563e-07 0)
(8.31863e-06 -5.6073e-07 0)
(8.5417e-06 -5.44304e-07 0)
(8.76335e-06 -5.29829e-07 0)
(8.98447e-06 -5.15993e-07 0)
(9.20523e-06 -5.02133e-07 0)
(9.42606e-06 -4.87467e-07 0)
(9.64705e-06 -4.71499e-07 0)
(9.86831e-06 -4.53717e-07 0)
(1.00898e-05 -4.33688e-07 0)
(1.03116e-05 -4.10966e-07 0)
(1.05333e-05 -3.85098e-07 0)
(1.07549e-05 -3.55586e-07 0)
(1.09761e-05 -3.21867e-07 0)
(1.11966e-05 -2.83297e-07 0)
(1.14159e-05 -2.39102e-07 0)
(1.16335e-05 -1.88403e-07 0)
(1.18491e-05 -1.30037e-07 0)
(1.20615e-05 -6.29662e-08 0)
(1.2271e-05 1.54537e-08 9.68908e-23)
(7.65945e-06 -7.68995e-07 0)
(7.91708e-06 -7.35083e-07 0)
(8.16999e-06 -7.06667e-07 0)
(8.41831e-06 -6.82227e-07 0)
(8.66352e-06 -6.59788e-07 0)
(8.90602e-06 -6.38402e-07 0)
(9.14657e-06 -6.16947e-07 0)
(9.38551e-06 -5.94676e-07 0)
(9.62321e-06 -5.70856e-07 0)
(9.85985e-06 -5.44865e-07 0)
(1.00955e-05 -5.16091e-07 0)
(1.03303e-05 -4.83919e-07 0)
(1.05641e-05 -4.477e-07 0)
(1.07967e-05 -4.06714e-07 0)
(1.1028e-05 -3.6015e-07 0)
(1.12578e-05 -3.07051e-07 0)
(1.14854e-05 -2.46333e-07 0)
(1.17109e-05 -1.76584e-07 0)
(1.1933e-05 -9.65262e-08 0)
(1.21523e-05 -3.04183e-09 1.74004e-22)
(7.17518e-06 -9.89359e-07 0)
(7.46792e-06 -9.37192e-07 0)
(7.75305e-06 -8.93067e-07 0)
(8.0305e-06 -8.5551e-07 0)
(8.30225e-06 -8.21861e-07 0)
(8.56885e-06 -7.90775e-07 0)
(8.83139e-06 -7.60771e-07 0)
(9.09043e-06 -7.3077e-07 0)
(9.34657e-06 -6.99783e-07 0)
(9.60019e-06 -6.66945e-07 0)
(9.8516e-06 -6.31442e-07 0)
(1.0101e-05 -5.92469e-07 0)
(1.03484e-05 -5.49202e-07 0)
(1.0594e-05 -5.00741e-07 0)
(1.08375e-05 -4.461e-07 0)
(1.10789e-05 -3.84125e-07 0)
(1.13178e-05 -3.13523e-07 0)
(1.15543e-05 -2.32629e-07 0)
(1.17873e-05 -1.39924e-07 0)
(1.20176e-05 -3.18495e-08 4.3497e-24)
(6.65319e-06 -1.24178e-06 0)
(6.98158e-06 -1.16766e-06 0)
(7.30003e-06 -1.10452e-06 0)
(7.60803e-06 -1.05081e-06 0)
(7.90786e-06 -1.00342e-06 0)
(8.20023e-06 -9.60458e-07 0)
(8.48641e-06 -9.20087e-07 0)
(8.76719e-06 -8.80847e-07 0)
(9.04335e-06 -8.41456e-07 0)
(9.31547e-06 -8.00779e-07 0)
(9.58404e-06 -7.57767e-07 0)
(9.8494e-06 -7.11405e-07 0)
(1.01118e-05 -6.60668e-07 0)
(1.03714e-05 -6.04466e-07 0)
(1.06282e-05 -5.41621e-07 0)
(1.08824e-05 -4.70776e-07 0)
(1.11336e-05 -3.9043e-07 0)
(1.1382e-05 -2.9867e-07 0)
(1.1627e-05 -1.93739e-07 0)
(1.18693e-05 -7.17352e-08 -5.01924e-23)
(6.10464e-06 -1.52319e-06 0)
(6.46775e-06 -1.42368e-06 0)
(6.81935e-06 -1.33871e-06 0)
(7.15865e-06 -1.26601e-06 0)
(7.48756e-06 -1.2025e-06 0)
(7.80694e-06 -1.14563e-06 0)
(8.11804e-06 -1.09324e-06 0)
(8.42183e-06 -1.04342e-06 0)
(8.71924e-06 -9.9457e-07 0)
(9.01104e-06 -9.45232e-07 0)
(9.29787e-06 -8.94092e-07 0)
(9.58023e-06 -8.39895e-07 0)
(9.85854e-06 -7.81399e-07 0)
(1.01331e-05 -7.17309e-07 0)
(1.04041e-05 -6.46249e-07 0)
(1.06717e-05 -5.6666e-07 0)
(1.0936e-05 -4.76833e-07 0)
(1.11971e-05 -3.74621e-07 0)
(1.14548e-05 -2.5804e-07 0)
(1.17098e-05 -1.22861e-07 3.08175e-23)
(5.54443e-06 -1.82984e-06 0)
(5.93973e-06 -1.70213e-06 0)
(6.32281e-06 -1.59399e-06 0)
(6.69239e-06 -1.50053e-06 0)
(7.04993e-06 -1.41913e-06 0)
(7.39626e-06 -1.34671e-06 0)
(7.73254e-06 -1.2808e-06 0)
(8.0598e-06 -1.21913e-06 0)
(8.37904e-06 -1.15974e-06 0)
(8.69116e-06 -1.10086e-06 0)
(8.99691e-06 -1.04089e-06 0)
(9.29696e-06 -9.78328e-07 0)
(9.59184e-06 -9.11692e-07 0)
(9.882e-06 -8.39478e-07 0)
(1.01678e-05 -7.60103e-07 0)
(1.04495e-05 -6.71818e-07 0)
(1.07274e-05 -5.72711e-07 0)
(1.10018e-05 -4.60445e-07 0)
(1.12727e-05 -3.32794e-07 0)
(1.15411e-05 -1.85333e-07 8.97658e-23)
(4.87045e-06 -2.22003e-06 0)
(5.2874e-06 -2.06518e-06 0)
(5.68853e-06 -1.92826e-06 0)
(6.07708e-06 -1.80986e-06 0)
(6.45331e-06 -1.70547e-06 0)
(6.8178e-06 -1.61277e-06 0)
(7.1713e-06 -1.52913e-06 0)
(7.51467e-06 -1.45227e-06 0)
(7.84877e-06 -1.38006e-06 0)
(8.17446e-06 -1.3106e-06 0)
(8.49254e-06 -1.24212e-06 0)
(8.80373e-06 -1.17302e-06 0)
(9.10867e-06 -1.10175e-06 0)
(9.40792e-06 -1.02678e-06 0)
(9.70199e-06 -9.46573e-07 0)
(9.99128e-06 -8.59531e-07 0)
(1.02762e-05 -7.63896e-07 0)
(1.05571e-05 -6.57793e-07 0)
(1.08346e-05 -5.38931e-07 0)
(1.11087e-05 -4.05227e-07 0)
(1.13806e-05 -2.52416e-07 9.36515e-23)
(4.64474e-06 -2.44973e-06 0)
(5.05861e-06 -2.29247e-06 0)
(5.45994e-06 -2.1493e-06 0)
(5.85026e-06 -2.02251e-06 0)
(6.22952e-06 -1.90872e-06 0)
(6.5979e-06 -1.80603e-06 0)
(6.95583e-06 -1.71221e-06 0)
(7.30391e-06 -1.62521e-06 0)
(7.64279e-06 -1.54307e-06 0)
(7.97316e-06 -1.46399e-06 0)
(8.29572e-06 -1.38627e-06 0)
(8.61111e-06 -1.30831e-06 0)
(8.91993e-06 -1.22856e-06 0)
(9.22274e-06 -1.14551e-06 0)
(9.52007e-06 -1.05762e-06 0)
(9.81236e-06 -9.63297e-07 0)
(1.01001e-05 -8.60819e-07 0)
(1.03838e-05 -7.48374e-07 0)
(1.0664e-05 -6.23791e-07 0)
(1.09411e-05 -4.85131e-07 0)
(1.12163e-05 -3.285e-07 1.90664e-22)
(4.44753e-06 -2.67212e-06 0)
(4.85587e-06 -2.51264e-06 0)
(5.25374e-06 -2.36504e-06 0)
(5.64258e-06 -2.23175e-06 0)
(6.02171e-06 -2.11014e-06 0)
(6.39111e-06 -1.99878e-06 0)
(6.75087e-06 -1.89583e-06 0)
(7.10134e-06 -1.79951e-06 0)
(7.44298e-06 -1.70809e-06 0)
(7.7763e-06 -1.61988e-06 0)
(8.10185e-06 -1.53329e-06 0)
(8.4202e-06 -1.44677e-06 0)
(8.73188e-06 -1.35883e-06 0)
(9.03742e-06 -1.26798e-06 0)
(9.33735e-06 -1.1727e-06 0)
(9.63214e-06 -1.07145e-06 0)
(9.92235e-06 -9.62585e-07 0)
(1.02085e-05 -8.44379e-07 0)
(1.04912e-05 -7.14814e-07 0)
(1.07711e-05 -5.72126e-07 0)
(1.10494e-05 -4.12813e-07 2.75157e-22)
(4.274e-06 -2.88509e-06 0)
(4.6749e-06 -2.72491e-06 0)
(5.06717e-06 -2.57441e-06 0)
(5.45217e-06 -2.43608e-06 0)
(5.82885e-06 -2.30802e-06 0)
(6.19703e-06 -2.1892e-06 0)
(6.55652e-06 -2.07817e-06 0)
(6.90749e-06 -1.97344e-06 0)
(7.25015e-06 -1.87347e-06 0)
(7.5849e-06 -1.77676e-06 0)
(7.91213e-06 -1.68183e-06 0)
(8.23231e-06 -1.58723e-06 0)
(8.5459e-06 -1.49151e-06 0)
(8.8534e-06 -1.39326e-06 0)
(9.15529e-06 -1.29102e-06 0)
(9.45207e-06 -1.18333e-06 0)
(9.74431e-06 -1.06861e-06 0)
(1.00326e-05 -9.45271e-07 0)
(1.03176e-05 -8.11475e-07 0)
(1.06e-05 -6.65644e-07 0)
(1.08812e-05 -5.04705e-07 2.41407e-22)
(4.12098e-06 -3.08862e-06 0)
(4.51299e-06 -2.92865e-06 0)
(4.89811e-06 -2.77649e-06 0)
(5.27753e-06 -2.63448e-06 0)
(5.64999e-06 -2.50127e-06 0)
(6.01517e-06 -2.37622e-06 0)
(6.37269e-06 -2.2582e-06 0)
(6.72253e-06 -2.146e-06 0)
(7.06476e-06 -2.03832e-06 0)
(7.3996e-06 -1.93383e-06 0)
(7.72733e-06 -1.83118e-06 0)
(8.04832e-06 -1.72904e-06 0)
(8.36296e-06 -1.62605e-06 0)
(8.67168e-06 -1.52088e-06 0)
(8.97494e-06 -1.41217e-06 0)
(9.27323e-06 -1.29852e-06 0)
(9.56711e-06 -1.17849e-06 0)
(9.85717e-06 -1.05063e-06 0)
(1.01442e-05 -9.13288e-07 0)
(1.04289e-05 -7.65092e-07 0)
(1.07126e-05 -6.03411e-07 2.43576e-22)
(3.98483e-06 -3.28263e-06 0)
(4.3672e-06 -3.12375e-06 0)
(4.74421e-06 -2.97091e-06 0)
(5.11688e-06 -2.82631e-06 0)
(5.48383e-06 -2.68908e-06 0)
(5.84467e-06 -2.55888e-06 0)
(6.19888e-06 -2.4349e-06 0)
(6.5463e-06 -2.31618e-06 0)
(6.88687e-06 -2.20164e-06 0)
(7.22068e-06 -2.09013e-06 0)
(7.54791e-06 -1.98046e-06 0)
(7.86883e-06 -1.8714e-06 0)
(8.18374e-06 -1.76173e-06 0)
(8.49303e-06 -1.6502e-06 0)
(8.79712e-06 -1.53554e-06 0)
(9.09646e-06 -1.41649e-06 0)
(9.39161e-06 -1.29172e-06 0)
(9.68317e-06 -1.15994e-06 0)
(9.9719e-06 -1.01969e-06 0)
(1.02586e-05 -8.69815e-07 0)
(1.05445e-05 -7.08125e-07 2.45486e-22)
(3.86253e-06 -3.46755e-06 0)
(4.2349e-06 -3.31032e-06 0)
(4.60323e-06 -3.15757e-06 0)
(4.96837e-06 -3.01128e-06 0)
(5.32892e-06 -2.87101e-06 0)
(5.68445e-06 -2.73665e-06 0)
(6.03433e-06 -2.60767e-06 0)
(6.37833e-06 -2.48334e-06 0)
(6.71627e-06 -2.36278e-06 0)
(7.04815e-06 -2.24503e-06 0)
(7.37404e-06 -2.12905e-06 0)
(7.69413e-06 -2.01375e-06 0)
(8.00867e-06 -1.89802e-06 0)
(8.31796e-06 -1.78071e-06 0)
(8.62238e-06 -1.66069e-06 0)
(8.92237e-06 -1.53679e-06 0)
(9.21845e-06 -1.40785e-06 0)
(9.51121e-06 -1.2727e-06 0)
(9.80139e-06 -1.13012e-06 0)
(1.00899e-05 -9.79153e-07 0)
(1.03777e-05 -8.18033e-07 2.11493e-22)
(3.75129e-06 -3.6439e-06 0)
(4.11361e-06 -3.48872e-06 0)
(4.47301e-06 -3.3366e-06 0)
(4.83019e-06 -3.18933e-06 0)
(5.18377e-06 -3.04681e-06 0)
(5.53332e-06 -2.90916e-06 0)
(5.87815e-06 -2.77603e-06 0)
(6.21797e-06 -2.64694e-06 0)
(6.55254e-06 -2.52119e-06 0)
(6.88176e-06 -2.39798e-06 0)
(7.20565e-06 -2.27642e-06 0)
(7.52431e-06 -2.15556e-06 0)
(7.83792e-06 -2.03441e-06 0)
(8.14673e-06 -1.91195e-06 0)
(8.45108e-06 -1.78715e-06 0)
(8.75136e-06 -1.65897e-06 0)
(9.04806e-06 -1.52639e-06 0)
(9.34174e-06 -1.38841e-06 0)
(9.63312e-06 -1.24402e-06 0)
(9.92304e-06 -1.09244e-06 0)
(1.02125e-05 -9.32327e-07 2.60147e-23)
(3.6487e-06 -3.81232e-06 0)
(4.00114e-06 -3.65939e-06 0)
(4.35157e-06 -3.50826e-06 0)
(4.70059e-06 -3.36056e-06 0)
(5.04688e-06 -3.21646e-06 0)
(5.39001e-06 -3.07624e-06 0)
(5.72931e-06 -2.93975e-06 0)
(6.06443e-06 -2.80668e-06 0)
(6.39508e-06 -2.6765e-06 0)
(6.72112e-06 -2.54858e-06 0)
(7.04249e-06 -2.42217e-06 0)
(7.35924e-06 -2.29644e-06 0)
(7.67149e-06 -2.17052e-06 0)
(7.97944e-06 -2.04352e-06 0)
(8.28337e-06 -1.91451e-06 0)
(8.58364e-06 -1.78261e-06 0)
(8.88068e-06 -1.64692e-06 0)
(9.17505e-06 -1.50661e-06 0)
(9.46737e-06 -1.36085e-06 0)
(9.75848e-06 -1.20905e-06 0)
(1.00492e-05 -1.05024e-06 1.25357e-22)
(3.55265e-06 -3.97346e-06 0)
(3.89548e-06 -3.82283e-06 0)
(4.23706e-06 -3.67291e-06 0)
(4.5779e-06 -3.52519e-06 0)
(4.91677e-06 -3.38004e-06 0)
(5.25327e-06 -3.23787e-06 0)
(5.58674e-06 -3.0987e-06 0)
(5.91682e-06 -2.96236e-06 0)
(6.24319e-06 -2.82848e-06 0)
(6.56567e-06 -2.69656e-06 0)
(6.88416e-06 -2.56599e-06 0)
(7.19864e-06 -2.43605e-06 0)
(7.5092e-06 -2.30601e-06 0)
(7.81599e-06 -2.17508e-06 0)
(8.11924e-06 -2.04245e-06 0)
(8.41925e-06 -1.90737e-06 0)
(8.71642e-06 -1.76906e-06 0)
(9.01124e-06 -1.62685e-06 0)
(9.30429e-06 -1.48009e-06 0)
(9.59636e-06 -1.32837e-06 0)
(9.8882e-06 -1.17104e-06 1.87648e-22)
(3.46127e-06 -4.12794e-06 0)
(3.79482e-06 -3.97957e-06 0)
(4.12777e-06 -3.83098e-06 0)
(4.46053e-06 -3.68353e-06 0)
(4.792e-06 -3.53775e-06 0)
(5.12181e-06 -3.39416e-06 0)
(5.44932e-06 -3.2529e-06 0)
(5.77419e-06 -3.11393e-06 0)
(6.09608e-06 -2.97701e-06 0)
(6.41477e-06 -2.84176e-06 0)
(6.73013e-06 -2.70768e-06 0)
(7.04212e-06 -2.57419e-06 0)
(7.35077e-06 -2.44065e-06 0)
(7.65618e-06 -2.30637e-06 0)
(7.95853e-06 -2.17067e-06 0)
(8.25809e-06 -2.03291e-06 0)
(8.5552e-06 -1.89244e-06 0)
(8.85029e-06 -1.74872e-06 0)
(9.14389e-06 -1.60128e-06 0)
(9.4367e-06 -1.44986e-06 0)
(9.72938e-06 -1.29408e-06 1.59517e-22)
(3.37284e-06 -4.27634e-06 0)
(3.69748e-06 -4.13012e-06 0)
(4.02208e-06 -3.9829e-06 0)
(4.34697e-06 -3.83591e-06 0)
(4.67119e-06 -3.68985e-06 0)
(4.99437e-06 -3.54527e-06 0)
(5.31594e-06 -3.40244e-06 0)
(5.63556e-06 -3.26141e-06 0)
(5.95288e-06 -3.12206e-06 0)
(6.26769e-06 -2.9841e-06 0)
(6.57981e-06 -2.84715e-06 0)
(6.88917e-06 -2.71071e-06 0)
(7.19577e-06 -2.57425e-06 0)
(7.49966e-06 -2.43719e-06 0)
(7.80099e-06 -2.29895e-06 0)
(8.09996e-06 -2.15897e-06 0)
(8.39686e-06 -2.01675e-06 0)
(8.69208e-06 -1.87187e-06 0)
(8.98605e-06 -1.724e-06 0)
(9.27942e-06 -1.57301e-06 0)
(9.57272e-06 -1.41878e-06 1.89299e-22)
(3.2858e-06 -4.41917e-06 0)
(3.60191e-06 -4.27496e-06 0)
(3.91849e-06 -4.12909e-06 0)
(4.23578e-06 -3.98272e-06 0)
(4.55296e-06 -3.83664e-06 0)
(4.8697e-06 -3.69145e-06 0)
(5.18546e-06 -3.5475e-06 0)
(5.49992e-06 -3.40493e-06 0)
(5.81273e-06 -3.26369e-06 0)
(6.12366e-06 -3.1236e-06 0)
(6.43253e-06 -2.98435e-06 0)
(6.73924e-06 -2.84554e-06 0)
(7.04374e-06 -2.70672e-06 0)
(7.34605e-06 -2.5674e-06 0)
(7.64627e-06 -2.42709e-06 0)
(7.94457e-06 -2.28534e-06 0)
(8.24116e-06 -2.14175e-06 0)
(8.53638e-06 -1.99599e-06 0)
(8.83059e-06 -1.84788e-06 0)
(9.12435e-06 -1.6974e-06 0)
(9.4181e-06 -1.54462e-06 2.97811e-23)
(3.19864e-06 -4.5569e-06 0)
(3.5066e-06 -4.41455e-06 0)
(3.81551e-06 -4.27e-06 0)
(4.12555e-06 -4.12435e-06 0)
(4.436e-06 -3.97847e-06 0)
(4.74657e-06 -3.833e-06 0)
(5.05677e-06 -3.68833e-06 0)
(5.36626e-06 -3.54467e-06 0)
(5.67472e-06 -3.40204e-06 0)
(5.98191e-06 -3.26034e-06 0)
(6.28762e-06 -3.11932e-06 0)
(6.59173e-06 -2.97867e-06 0)
(6.89415e-06 -2.83801e-06 0)
(7.19489e-06 -2.69692e-06 0)
(7.49398e-06 -2.55499e-06 0)
(7.79155e-06 -2.41186e-06 0)
(8.08777e-06 -2.2672e-06 0)
(8.38291e-06 -2.12082e-06 0)
(8.67725e-06 -1.97261e-06 0)
(8.97127e-06 -1.82264e-06 0)
(9.26531e-06 -1.67118e-06 1.58774e-22)
(3.10989e-06 -4.68992e-06 0)
(3.41009e-06 -4.54932e-06 0)
(3.71169e-06 -4.40606e-06 0)
(4.01486e-06 -4.26118e-06 0)
(4.31899e-06 -4.11571e-06 0)
(4.62377e-06 -3.97024e-06 0)
(4.92875e-06 -3.82521e-06 0)
(5.23359e-06 -3.68087e-06 0)
(5.53797e-06 -3.53731e-06 0)
(5.84164e-06 -3.39448e-06 0)
(6.14438e-06 -3.25218e-06 0)
(6.44602e-06 -3.11017e-06 0)
(6.74648e-06 -2.96813e-06 0)
(7.0457e-06 -2.82571e-06 0)
(7.34369e-06 -2.68256e-06 0)
(7.64053e-06 -2.53839e-06 0)
(7.93635e-06 -2.39296e-06 0)
(8.23133e-06 -2.24613e-06 0)
(8.52573e-06 -2.09791e-06 0)
(8.81989e-06 -1.94844e-06 0)
(9.1141e-06 -1.79811e-06 2.20735e-22)
(3.01806e-06 -4.81865e-06 0)
(3.31087e-06 -4.67963e-06 0)
(3.60547e-06 -4.53762e-06 0)
(3.90225e-06 -4.39369e-06 0)
(4.20061e-06 -4.24882e-06 0)
(4.50008e-06 -4.10361e-06 0)
(4.80031e-06 -3.95853e-06 0)
(5.10093e-06 -3.81389e-06 0)
(5.40162e-06 -3.66979e-06 0)
(5.7021e-06 -3.52624e-06 0)
(6.00214e-06 -3.3831e-06 0)
(6.30155e-06 -3.24017e-06 0)
(6.6002e-06 -3.09716e-06 0)
(6.89801e-06 -2.95379e-06 0)
(7.19497e-06 -2.80978e-06 0)
(7.49111e-06 -2.66487e-06 0)
(7.78651e-06 -2.5189e-06 0)
(8.08131e-06 -2.37178e-06 0)
(8.37568e-06 -2.2236e-06 0)
(8.6699e-06 -2.07455e-06 0)
(8.96418e-06 -1.92512e-06 -3.3188e-23)
(2.92135e-06 -4.94333e-06 0)
(3.20721e-06 -4.80574e-06 0)
(3.49549e-06 -4.66505e-06 0)
(3.78649e-06 -4.5223e-06 0)
(4.07961e-06 -4.37823e-06 0)
(4.37438e-06 -4.23353e-06 0)
(4.67042e-06 -4.0887e-06 0)
(4.96736e-06 -3.94407e-06 0)
(5.26485e-06 -3.7998e-06 0)
(5.56258e-06 -3.65591e-06 0)
(5.86029e-06 -3.5123e-06 0)
(6.15776e-06 -3.36881e-06 0)
(6.45483e-06 -3.2252e-06 0)
(6.75141e-06 -3.08122e-06 0)
(7.04743e-06 -2.93664e-06 0)
(7.3429e-06 -2.79125e-06 0)
(7.63788e-06 -2.64492e-06 0)
(7.93245e-06 -2.49763e-06 0)
(8.22675e-06 -2.3495e-06 0)
(8.52097e-06 -2.20078e-06 0)
(8.81524e-06 -2.05201e-06 3.16807e-23)
(2.81789e-06 -5.06445e-06 0)
(3.09735e-06 -4.92848e-06 0)
(3.38012e-06 -4.78922e-06 0)
(3.66605e-06 -4.64769e-06 0)
(3.95462e-06 -4.50457e-06 0)
(4.24542e-06 -4.36059e-06 0)
(4.53802e-06 -4.21627e-06 0)
(4.83198e-06 -4.07195e-06 0)
(5.1269e-06 -3.9278e-06 0)
(5.42245e-06 -3.78387e-06 0)
(5.7183e-06 -3.6401e-06 0)
(6.01421e-06 -3.49635e-06 0)
(6.30999e-06 -3.35243e-06 0)
(6.60551e-06 -3.20811e-06 0)
(6.9007e-06 -3.0632e-06 0)
(7.19555e-06 -2.91751e-06 0)
(7.49009e-06 -2.77097e-06 0)
(7.7844e-06 -2.62359e-06 0)
(8.07857e-06 -2.47551e-06 0)
(8.37272e-06 -2.32701e-06 0)
(8.66695e-06 -2.17863e-06 2.84908e-22)
(2.70612e-06 -5.18215e-06 0)
(2.97981e-06 -5.04802e-06 0)
(3.25768e-06 -4.91038e-06 0)
(3.53937e-06 -4.77023e-06 0)
(3.82435e-06 -4.62832e-06 0)
(4.11214e-06 -4.48533e-06 0)
(4.4022e-06 -4.34178e-06 0)
(4.69404e-06 -4.19801e-06 0)
(4.98719e-06 -4.05423e-06 0)
(5.28123e-06 -3.91051e-06 0)
(5.57579e-06 -3.76681e-06 0)
(5.87059e-06 -3.62302e-06 0)
(6.1654e-06 -3.47899e-06 0)
(6.46007e-06 -3.33452e-06 0)
(6.75454e-06 -3.18944e-06 0)
(7.04877e-06 -3.04362e-06 0)
(7.34283e-06 -2.89698e-06 0)
(7.63679e-06 -2.74956e-06 0)
(7.93074e-06 -2.60151e-06 0)
(8.22479e-06 -2.45314e-06 0)
(8.51894e-06 -2.30489e-06 2.20777e-22)
(2.58276e-06 -5.29748e-06 -1.08359e-22)
(2.85147e-06 -5.16541e-06 -1.61457e-22)
(3.12553e-06 -5.02962e-06 -1.2762e-22)
(3.40422e-06 -4.89112e-06 8.98409e-24)
(3.68689e-06 -4.75061e-06 5.64331e-23)
(3.97294e-06 -4.6088e-06 -5.73383e-23)
(4.26173e-06 -4.46618e-06 -1.37725e-22)
(4.55264e-06 -4.32313e-06 -7.64997e-23)
(4.84507e-06 -4.17986e-06 -2.69324e-23)
(5.13852e-06 -4.03647e-06 -1.42855e-22)
(5.43254e-06 -3.89295e-06 -1.66221e-22)
(5.72679e-06 -3.74923e-06 -1.08378e-22)
(6.02101e-06 -3.60518e-06 -8.12773e-23)
(6.31504e-06 -3.46065e-06 -8.12195e-23)
(6.60882e-06 -3.31548e-06 -8.11832e-23)
(6.90236e-06 -3.16958e-06 -1.8148e-23)
(7.19577e-06 -3.0229e-06 3.59312e-23)
(7.48919e-06 -2.87548e-06 -9.0594e-23)
(7.78278e-06 -2.72748e-06 -1.71721e-22)
(8.0767e-06 -2.57917e-06 -4.45734e-23)
(8.37084e-06 -2.43093e-06 1.44443e-22)
(4.87045e-06 -2.22003e-06 0)
(5.2874e-06 -2.06518e-06 0)
(5.68853e-06 -1.92826e-06 0)
(6.07708e-06 -1.80986e-06 0)
(6.45331e-06 -1.70547e-06 0)
(6.8178e-06 -1.61277e-06 0)
(7.1713e-06 -1.52913e-06 0)
(7.51467e-06 -1.45227e-06 0)
(7.84877e-06 -1.38006e-06 0)
(8.17446e-06 -1.3106e-06 0)
(8.49254e-06 -1.24212e-06 0)
(8.80373e-06 -1.17302e-06 0)
(9.10867e-06 -1.10175e-06 0)
(9.40792e-06 -1.02678e-06 0)
(9.70199e-06 -9.46573e-07 0)
(9.99128e-06 -8.59531e-07 0)
(1.02762e-05 -7.63896e-07 0)
(1.05571e-05 -6.57793e-07 0)
(1.08346e-05 -5.38931e-07 0)
(1.11087e-05 -4.05227e-07 0)
(1.13806e-05 -2.52416e-07 9.36515e-23)
(4.64474e-06 -2.44973e-06 0)
(5.05861e-06 -2.29247e-06 0)
(5.45994e-06 -2.1493e-06 0)
(5.85026e-06 -2.02251e-06 0)
(6.22952e-06 -1.90872e-06 0)
(6.5979e-06 -1.80603e-06 0)
(6.95583e-06 -1.71221e-06 0)
(7.30391e-06 -1.62521e-06 0)
(7.64279e-06 -1.54307e-06 0)
(7.97316e-06 -1.46399e-06 0)
(8.29572e-06 -1.38627e-06 0)
(8.61111e-06 -1.30831e-06 0)
(8.91993e-06 -1.22856e-06 0)
(9.22274e-06 -1.14551e-06 0)
(9.52007e-06 -1.05762e-06 0)
(9.81236e-06 -9.63297e-07 0)
(1.01001e-05 -8.60819e-07 0)
(1.03838e-05 -7.48374e-07 0)
(1.0664e-05 -6.23791e-07 0)
(1.09411e-05 -4.85131e-07 0)
(1.12163e-05 -3.285e-07 1.90664e-22)
(4.44753e-06 -2.67212e-06 0)
(4.85587e-06 -2.51264e-06 0)
(5.25374e-06 -2.36504e-06 0)
(5.64258e-06 -2.23175e-06 0)
(6.02171e-06 -2.11014e-06 0)
(6.39111e-06 -1.99878e-06 0)
(6.75087e-06 -1.89583e-06 0)
(7.10134e-06 -1.79951e-06 0)
(7.44298e-06 -1.70809e-06 0)
(7.7763e-06 -1.61988e-06 0)
(8.10185e-06 -1.53329e-06 0)
(8.4202e-06 -1.44677e-06 0)
(8.73188e-06 -1.35883e-06 0)
(9.03742e-06 -1.26798e-06 0)
(9.33735e-06 -1.1727e-06 0)
(9.63214e-06 -1.07145e-06 0)
(9.92235e-06 -9.62585e-07 0)
(1.02085e-05 -8.44379e-07 0)
(1.04912e-05 -7.14814e-07 0)
(1.07711e-05 -5.72126e-07 0)
(1.10494e-05 -4.12813e-07 2.75157e-22)
(4.274e-06 -2.88509e-06 0)
(4.6749e-06 -2.72491e-06 0)
(5.06717e-06 -2.57441e-06 0)
(5.45217e-06 -2.43608e-06 0)
(5.82885e-06 -2.30802e-06 0)
(6.19703e-06 -2.1892e-06 0)
(6.55652e-06 -2.07817e-06 0)
(6.90749e-06 -1.97344e-06 0)
(7.25015e-06 -1.87347e-06 0)
(7.5849e-06 -1.77676e-06 0)
(7.91213e-06 -1.68183e-06 0)
(8.23231e-06 -1.58723e-06 0)
(8.5459e-06 -1.49151e-06 0)
(8.8534e-06 -1.39326e-06 0)
(9.15529e-06 -1.29102e-06 0)
(9.45207e-06 -1.18333e-06 0)
(9.74431e-06 -1.06861e-06 0)
(1.00326e-05 -9.45271e-07 0)
(1.03176e-05 -8.11475e-07 0)
(1.06e-05 -6.65644e-07 0)
(1.08812e-05 -5.04705e-07 2.41407e-22)
(4.12098e-06 -3.08862e-06 0)
(4.51299e-06 -2.92865e-06 0)
(4.89811e-06 -2.77649e-06 0)
(5.27753e-06 -2.63448e-06 0)
(5.64999e-06 -2.50127e-06 0)
(6.01517e-06 -2.37622e-06 0)
(6.37269e-06 -2.2582e-06 0)
(6.72253e-06 -2.146e-06 0)
(7.06476e-06 -2.03832e-06 0)
(7.3996e-06 -1.93383e-06 0)
(7.72733e-06 -1.83118e-06 0)
(8.04832e-06 -1.72904e-06 0)
(8.36296e-06 -1.62605e-06 0)
(8.67168e-06 -1.52088e-06 0)
(8.97494e-06 -1.41217e-06 0)
(9.27323e-06 -1.29852e-06 0)
(9.56711e-06 -1.17849e-06 0)
(9.85717e-06 -1.05063e-06 0)
(1.01442e-05 -9.13288e-07 0)
(1.04289e-05 -7.65092e-07 0)
(1.07126e-05 -6.03411e-07 2.43576e-22)
(3.98483e-06 -3.28263e-06 0)
(4.3672e-06 -3.12375e-06 0)
(4.74421e-06 -2.97091e-06 0)
(5.11688e-06 -2.82631e-06 0)
(5.48383e-06 -2.68908e-06 0)
(5.84467e-06 -2.55888e-06 0)
(6.19888e-06 -2.4349e-06 0)
(6.5463e-06 -2.31618e-06 0)
(6.88687e-06 -2.20164e-06 0)
(7.22068e-06 -2.09013e-06 0)
(7.54791e-06 -1.98046e-06 0)
(7.86883e-06 -1.8714e-06 0)
(8.18374e-06 -1.76173e-06 0)
(8.49303e-06 -1.6502e-06 0)
(8.79712e-06 -1.53554e-06 0)
(9.09646e-06 -1.41649e-06 0)
(9.39161e-06 -1.29172e-06 0)
(9.68317e-06 -1.15994e-06 0)
(9.9719e-06 -1.01969e-06 0)
(1.02586e-05 -8.69815e-07 0)
(1.05445e-05 -7.08125e-07 2.45486e-22)
(3.86253e-06 -3.46755e-06 0)
(4.2349e-06 -3.31032e-06 0)
(4.60323e-06 -3.15757e-06 0)
(4.96837e-06 -3.01128e-06 0)
(5.32892e-06 -2.87101e-06 0)
(5.68445e-06 -2.73665e-06 0)
(6.03433e-06 -2.60767e-06 0)
(6.37833e-06 -2.48334e-06 0)
(6.71627e-06 -2.36278e-06 0)
(7.04815e-06 -2.24503e-06 0)
(7.37404e-06 -2.12905e-06 0)
(7.69413e-06 -2.01375e-06 0)
(8.00867e-06 -1.89802e-06 0)
(8.31796e-06 -1.78071e-06 0)
(8.62238e-06 -1.66069e-06 0)
(8.92237e-06 -1.53679e-06 0)
(9.21845e-06 -1.40785e-06 0)
(9.51121e-06 -1.2727e-06 0)
(9.80139e-06 -1.13012e-06 0)
(1.00899e-05 -9.79153e-07 0)
(1.03777e-05 -8.18033e-07 2.11493e-22)
(3.75129e-06 -3.6439e-06 0)
(4.11361e-06 -3.48872e-06 0)
(4.47301e-06 -3.3366e-06 0)
(4.83019e-06 -3.18933e-06 0)
(5.18377e-06 -3.04681e-06 0)
(5.53332e-06 -2.90916e-06 0)
(5.87815e-06 -2.77603e-06 0)
(6.21797e-06 -2.64694e-06 0)
(6.55254e-06 -2.52119e-06 0)
(6.88176e-06 -2.39798e-06 0)
(7.20565e-06 -2.27642e-06 0)
(7.52431e-06 -2.15556e-06 0)
(7.83792e-06 -2.03441e-06 0)
(8.14673e-06 -1.91195e-06 0)
(8.45108e-06 -1.78715e-06 0)
(8.75136e-06 -1.65897e-06 0)
(9.04806e-06 -1.52639e-06 0)
(9.34174e-06 -1.38841e-06 0)
(9.63312e-06 -1.24402e-06 0)
(9.92304e-06 -1.09244e-06 0)
(1.02125e-05 -9.32327e-07 2.60147e-23)
(3.6487e-06 -3.81232e-06 0)
(4.00114e-06 -3.65939e-06 0)
(4.35157e-06 -3.50826e-06 0)
(4.70059e-06 -3.36056e-06 0)
(5.04688e-06 -3.21646e-06 0)
(5.39001e-06 -3.07624e-06 0)
(5.72931e-06 -2.93975e-06 0)
(6.06443e-06 -2.80668e-06 0)
(6.39508e-06 -2.6765e-06 0)
(6.72112e-06 -2.54858e-06 0)
(7.04249e-06 -2.42217e-06 0)
(7.35924e-06 -2.29644e-06 0)
(7.67149e-06 -2.17052e-06 0)
(7.97944e-06 -2.04352e-06 0)
(8.28337e-06 -1.91451e-06 0)
(8.58364e-06 -1.78261e-06 0)
(8.88068e-06 -1.64692e-06 0)
(9.17505e-06 -1.50661e-06 0)
(9.46737e-06 -1.36085e-06 0)
(9.75848e-06 -1.20905e-06 0)
(1.00492e-05 -1.05024e-06 1.25357e-22)
(3.55265e-06 -3.97346e-06 0)
(3.89548e-06 -3.82283e-06 0)
(4.23706e-06 -3.67291e-06 0)
(4.5779e-06 -3.52519e-06 0)
(4.91677e-06 -3.38004e-06 0)
(5.25327e-06 -3.23787e-06 0)
(5.58674e-06 -3.0987e-06 0)
(5.91682e-06 -2.96236e-06 0)
(6.24319e-06 -2.82848e-06 0)
(6.56567e-06 -2.69656e-06 0)
(6.88416e-06 -2.56599e-06 0)
(7.19864e-06 -2.43605e-06 0)
(7.5092e-06 -2.30601e-06 0)
(7.81599e-06 -2.17508e-06 0)
(8.11924e-06 -2.04245e-06 0)
(8.41925e-06 -1.90737e-06 0)
(8.71642e-06 -1.76906e-06 0)
(9.01124e-06 -1.62685e-06 0)
(9.30429e-06 -1.48009e-06 0)
(9.59636e-06 -1.32837e-06 0)
(9.8882e-06 -1.17104e-06 1.87648e-22)
(3.46127e-06 -4.12794e-06 0)
(3.79482e-06 -3.97957e-06 0)
(4.12777e-06 -3.83098e-06 0)
(4.46053e-06 -3.68353e-06 0)
(4.792e-06 -3.53775e-06 0)
(5.12181e-06 -3.39416e-06 0)
(5.44932e-06 -3.2529e-06 0)
(5.77419e-06 -3.11393e-06 0)
(6.09608e-06 -2.97701e-06 0)
(6.41477e-06 -2.84176e-06 0)
(6.73013e-06 -2.70768e-06 0)
(7.04212e-06 -2.57419e-06 0)
(7.35077e-06 -2.44065e-06 0)
(7.65618e-06 -2.30637e-06 0)
(7.95853e-06 -2.17067e-06 0)
(8.25809e-06 -2.03291e-06 0)
(8.5552e-06 -1.89244e-06 0)
(8.85029e-06 -1.74872e-06 0)
(9.14389e-06 -1.60128e-06 0)
(9.4367e-06 -1.44986e-06 0)
(9.72938e-06 -1.29408e-06 1.59517e-22)
(3.37284e-06 -4.27634e-06 0)
(3.69748e-06 -4.13012e-06 0)
(4.02208e-06 -3.9829e-06 0)
(4.34697e-06 -3.83591e-06 0)
(4.67119e-06 -3.68985e-06 0)
(4.99437e-06 -3.54527e-06 0)
(5.31594e-06 -3.40244e-06 0)
(5.63556e-06 -3.26141e-06 0)
(5.95288e-06 -3.12206e-06 0)
(6.26769e-06 -2.9841e-06 0)
(6.57981e-06 -2.84715e-06 0)
(6.88917e-06 -2.71071e-06 0)
(7.19577e-06 -2.57425e-06 0)
(7.49966e-06 -2.43719e-06 0)
(7.80099e-06 -2.29895e-06 0)
(8.09996e-06 -2.15897e-06 0)
(8.39686e-06 -2.01675e-06 0)
(8.69208e-06 -1.87187e-06 0)
(8.98605e-06 -1.724e-06 0)
(9.27942e-06 -1.57301e-06 0)
(9.57272e-06 -1.41878e-06 1.89299e-22)
(3.2858e-06 -4.41917e-06 0)
(3.60191e-06 -4.27496e-06 0)
(3.91849e-06 -4.12909e-06 0)
(4.23578e-06 -3.98272e-06 0)
(4.55296e-06 -3.83664e-06 0)
(4.8697e-06 -3.69145e-06 0)
(5.18546e-06 -3.5475e-06 0)
(5.49992e-06 -3.40493e-06 0)
(5.81273e-06 -3.26369e-06 0)
(6.12366e-06 -3.1236e-06 0)
(6.43253e-06 -2.98435e-06 0)
(6.73924e-06 -2.84554e-06 0)
(7.04374e-06 -2.70672e-06 0)
(7.34605e-06 -2.5674e-06 0)
(7.64627e-06 -2.42709e-06 0)
(7.94457e-06 -2.28534e-06 0)
(8.24116e-06 -2.14175e-06 0)
(8.53638e-06 -1.99599e-06 0)
(8.83059e-06 -1.84788e-06 0)
(9.12435e-06 -1.6974e-06 0)
(9.4181e-06 -1.54462e-06 2.97811e-23)
(3.19864e-06 -4.5569e-06 0)
(3.5066e-06 -4.41455e-06 0)
(3.81551e-06 -4.27e-06 0)
(4.12555e-06 -4.12435e-06 0)
(4.436e-06 -3.97847e-06 0)
(4.74657e-06 -3.833e-06 0)
(5.05677e-06 -3.68833e-06 0)
(5.36626e-06 -3.54467e-06 0)
(5.67472e-06 -3.40204e-06 0)
(5.98191e-06 -3.26034e-06 0)
(6.28762e-06 -3.11932e-06 0)
(6.59173e-06 -2.97867e-06 0)
(6.89415e-06 -2.83801e-06 0)
(7.19489e-06 -2.69692e-06 0)
(7.49398e-06 -2.55499e-06 0)
(7.79155e-06 -2.41186e-06 0)
(8.08777e-06 -2.2672e-06 0)
(8.38291e-06 -2.12082e-06 0)
(8.67725e-06 -1.97261e-06 0)
(8.97127e-06 -1.82264e-06 0)
(9.26531e-06 -1.67118e-06 1.58774e-22)
(3.10989e-06 -4.68992e-06 0)
(3.41009e-06 -4.54932e-06 0)
(3.71169e-06 -4.40606e-06 0)
(4.01486e-06 -4.26118e-06 0)
(4.31899e-06 -4.11571e-06 0)
(4.62377e-06 -3.97024e-06 0)
(4.92875e-06 -3.82521e-06 0)
(5.23359e-06 -3.68087e-06 0)
(5.53797e-06 -3.53731e-06 0)
(5.84164e-06 -3.39448e-06 0)
(6.14438e-06 -3.25218e-06 0)
(6.44602e-06 -3.11017e-06 0)
(6.74648e-06 -2.96813e-06 0)
(7.0457e-06 -2.82571e-06 0)
(7.34369e-06 -2.68256e-06 0)
(7.64053e-06 -2.53839e-06 0)
(7.93635e-06 -2.39296e-06 0)
(8.23133e-06 -2.24613e-06 0)
(8.52573e-06 -2.09791e-06 0)
(8.81989e-06 -1.94844e-06 0)
(9.1141e-06 -1.79811e-06 2.20735e-22)
(3.01806e-06 -4.81865e-06 0)
(3.31087e-06 -4.67963e-06 0)
(3.60547e-06 -4.53762e-06 0)
(3.90225e-06 -4.39369e-06 0)
(4.20061e-06 -4.24882e-06 0)
(4.50008e-06 -4.10361e-06 0)
(4.80031e-06 -3.95853e-06 0)
(5.10093e-06 -3.81389e-06 0)
(5.40162e-06 -3.66979e-06 0)
(5.7021e-06 -3.52624e-06 0)
(6.00214e-06 -3.3831e-06 0)
(6.30155e-06 -3.24017e-06 0)
(6.6002e-06 -3.09716e-06 0)
(6.89801e-06 -2.95379e-06 0)
(7.19497e-06 -2.80978e-06 0)
(7.49111e-06 -2.66487e-06 0)
(7.78651e-06 -2.5189e-06 0)
(8.08131e-06 -2.37178e-06 0)
(8.37568e-06 -2.2236e-06 0)
(8.6699e-06 -2.07455e-06 0)
(8.96418e-06 -1.92512e-06 -3.3188e-23)
(2.92135e-06 -4.94333e-06 0)
(3.20721e-06 -4.80574e-06 0)
(3.49549e-06 -4.66505e-06 0)
(3.78649e-06 -4.5223e-06 0)
(4.07961e-06 -4.37823e-06 0)
(4.37438e-06 -4.23353e-06 0)
(4.67042e-06 -4.0887e-06 0)
(4.96736e-06 -3.94407e-06 0)
(5.26485e-06 -3.7998e-06 0)
(5.56258e-06 -3.65591e-06 0)
(5.86029e-06 -3.5123e-06 0)
(6.15776e-06 -3.36881e-06 0)
(6.45483e-06 -3.2252e-06 0)
(6.75141e-06 -3.08122e-06 0)
(7.04743e-06 -2.93664e-06 0)
(7.3429e-06 -2.79125e-06 0)
(7.63788e-06 -2.64492e-06 0)
(7.93245e-06 -2.49763e-06 0)
(8.22675e-06 -2.3495e-06 0)
(8.52097e-06 -2.20078e-06 0)
(8.81524e-06 -2.05201e-06 3.16807e-23)
(2.81789e-06 -5.06445e-06 0)
(3.09735e-06 -4.92848e-06 0)
(3.38012e-06 -4.78922e-06 0)
(3.66605e-06 -4.64769e-06 0)
(3.95462e-06 -4.50457e-06 0)
(4.24542e-06 -4.36059e-06 0)
(4.53802e-06 -4.21627e-06 0)
(4.83198e-06 -4.07195e-06 0)
(5.1269e-06 -3.9278e-06 0)
(5.42245e-06 -3.78387e-06 0)
(5.7183e-06 -3.6401e-06 0)
(6.01421e-06 -3.49635e-06 0)
(6.30999e-06 -3.35243e-06 0)
(6.60551e-06 -3.20811e-06 0)
(6.9007e-06 -3.0632e-06 0)
(7.19555e-06 -2.91751e-06 0)
(7.49009e-06 -2.77097e-06 0)
(7.7844e-06 -2.62359e-06 0)
(8.07857e-06 -2.47551e-06 0)
(8.37272e-06 -2.32701e-06 0)
(8.66695e-06 -2.17863e-06 2.84908e-22)
(2.70612e-06 -5.18215e-06 0)
(2.97981e-06 -5.04802e-06 0)
(3.25768e-06 -4.91038e-06 0)
(3.53937e-06 -4.77023e-06 0)
(3.82435e-06 -4.62832e-06 0)
(4.11214e-06 -4.48533e-06 0)
(4.4022e-06 -4.34178e-06 0)
(4.69404e-06 -4.19801e-06 0)
(4.98719e-06 -4.05423e-06 0)
(5.28123e-06 -3.91051e-06 0)
(5.57579e-06 -3.76681e-06 0)
(5.87059e-06 -3.62302e-06 0)
(6.1654e-06 -3.47899e-06 0)
(6.46007e-06 -3.33452e-06 0)
(6.75454e-06 -3.18944e-06 0)
(7.04877e-06 -3.04362e-06 0)
(7.34283e-06 -2.89698e-06 0)
(7.63679e-06 -2.74956e-06 0)
(7.93074e-06 -2.60151e-06 0)
(8.22479e-06 -2.45314e-06 0)
(8.51894e-06 -2.30489e-06 2.20777e-22)
(2.58276e-06 -5.29748e-06 -1.08359e-22)
(2.85147e-06 -5.16541e-06 -1.61457e-22)
(3.12553e-06 -5.02962e-06 -1.2762e-22)
(3.40422e-06 -4.89112e-06 8.98409e-24)
(3.68689e-06 -4.75061e-06 5.64331e-23)
(3.97294e-06 -4.6088e-06 -5.73383e-23)
(4.26173e-06 -4.46618e-06 -1.37725e-22)
(4.55264e-06 -4.32313e-06 -7.64997e-23)
(4.84507e-06 -4.17986e-06 -2.69324e-23)
(5.13852e-06 -4.03647e-06 -1.42855e-22)
(5.43254e-06 -3.89295e-06 -1.66221e-22)
(5.72679e-06 -3.74923e-06 -1.08378e-22)
(6.02101e-06 -3.60518e-06 -8.12773e-23)
(6.31504e-06 -3.46065e-06 -8.12195e-23)
(6.60882e-06 -3.31548e-06 -8.11832e-23)
(6.90236e-06 -3.16958e-06 -1.8148e-23)
(7.19577e-06 -3.0229e-06 3.59312e-23)
(7.48919e-06 -2.87548e-06 -9.0594e-23)
(7.78278e-06 -2.72748e-06 -1.71721e-22)
(8.0767e-06 -2.57917e-06 -4.45734e-23)
(8.37084e-06 -2.43093e-06 1.44443e-22)
(0 -4.61419e-06 0)
(4.20272e-07 -4.58161e-06 0)
(8.46468e-07 -4.48523e-06 0)
(1.28407e-06 -4.32878e-06 0)
(1.73767e-06 -4.11807e-06 0)
(2.21072e-06 -3.86082e-06 0)
(2.70509e-06 -3.56612e-06 0)
(3.22095e-06 -3.244e-06 0)
(3.7565e-06 -2.9051e-06 0)
(4.30884e-06 -2.55876e-06 0)
(0 -4.68505e-06 0)
(4.0823e-07 -4.65528e-06 0)
(8.21394e-07 -4.56716e-06 0)
(1.24404e-06 -4.4239e-06 0)
(1.68e-06 -4.2305e-06 0)
(2.13224e-06 -3.99355e-06 0)
(2.60242e-06 -3.72083e-06 0)
(3.09091e-06 -3.42088e-06 0)
(3.59621e-06 -3.10295e-06 0)
(4.11619e-06 -2.77438e-06 0)
(0 -4.75774e-06 0)
(3.9764e-07 -4.73043e-06 0)
(7.99373e-07 -4.64956e-06 0)
(1.20894e-06 -4.51795e-06 0)
(1.62954e-06 -4.33993e-06 0)
(2.06362e-06 -4.12124e-06 0)
(2.51261e-06 -3.86865e-06 0)
(2.97699e-06 -3.58949e-06 0)
(3.45573e-06 -3.29189e-06 0)
(3.94723e-06 -2.98169e-06 0)
(0 -4.83228e-06 0)
(3.88063e-07 -4.80712e-06 0)
(7.79544e-07 -4.73259e-06 0)
(1.17756e-06 -4.61115e-06 0)
(1.58475e-06 -4.44666e-06 0)
(2.00318e-06 -4.24415e-06 0)
(2.43403e-06 -4.00958e-06 0)
(2.87769e-06 -3.74936e-06 0)
(3.3334e-06 -3.47075e-06 0)
(3.79958e-06 -3.17885e-06 0)
(0 -4.90861e-06 0)
(3.79205e-07 -4.88534e-06 0)
(7.61276e-07 -4.81637e-06 0)
(1.14881e-06 -4.70394e-06 0)
(1.54402e-06 -4.55145e-06 0)
(1.9486e-06 -4.36341e-06 0)
(2.36356e-06 -4.14514e-06 0)
(2.78919e-06 -3.90228e-06 0)
(3.225e-06 -3.64127e-06 0)
(3.66931e-06 -3.3668e-06 0)
(0 -4.9866e-06 0)
(3.70866e-07 -4.965e-06 0)
(7.44157e-07 -4.90093e-06 0)
(1.12206e-06 -4.79641e-06 0)
(1.50643e-06 -4.65455e-06 0)
(1.89868e-06 -4.47936e-06 0)
(2.29965e-06 -4.27567e-06 0)
(2.70948e-06 -4.04855e-06 0)
(3.12791e-06 -3.80374e-06 0)
(3.55317e-06 -3.54571e-06 0)
(0 -5.06612e-06 0)
(3.62861e-07 -5.04599e-06 0)
(7.27794e-07 -4.98626e-06 0)
(1.09666e-06 -4.88877e-06 0)
(1.47104e-06 -4.75635e-06 0)
(1.8521e-06 -4.59266e-06 0)
(2.24057e-06 -4.40207e-06 0)
(2.63645e-06 -4.1892e-06 0)
(3.03964e-06 -3.95918e-06 0)
(3.44836e-06 -3.71634e-06 0)
(0 -5.14699e-06 0)
(3.55061e-07 -5.12816e-06 0)
(7.11917e-07 -5.07228e-06 0)
(1.07218e-06 -4.98104e-06 0)
(1.43721e-06 -4.85702e-06 0)
(1.80797e-06 -4.7036e-06 0)
(2.18511e-06 -4.52477e-06 0)
(2.56853e-06 -4.32478e-06 0)
(2.95821e-06 -4.10824e-06 0)
(3.35243e-06 -3.87934e-06 0)
(0 -5.22902e-06 0)
(3.47345e-07 -5.21134e-06 0)
(6.9627e-07 -5.1589e-06 0)
(1.04819e-06 -5.07324e-06 0)
(1.40431e-06 -4.95675e-06 0)
(1.76546e-06 -4.81254e-06 0)
(2.13217e-06 -4.64428e-06 0)
(2.50432e-06 -4.45591e-06 0)
(2.8819e-06 -4.25163e-06 0)
(3.2633e-06 -4.03544e-06 0)
(0 -5.31198e-06 0)
(3.39611e-07 -5.29535e-06 0)
(6.80642e-07 -5.24599e-06 0)
(1.02437e-06 -5.16534e-06 0)
(1.37187e-06 -5.0556e-06 0)
(1.72386e-06 -4.91966e-06 0)
(2.08084e-06 -4.76093e-06 0)
(2.44263e-06 -4.58307e-06 0)
(2.80923e-06 -4.3899e-06 0)
(3.17919e-06 -4.18527e-06 0)
(0 -5.39567e-06 0)
(3.31764e-07 -5.37998e-06 0)
(6.64834e-07 -5.3334e-06 0)
(1.00039e-06 -5.25725e-06 0)
(1.33941e-06 -5.15361e-06 0)
(1.68256e-06 -5.02514e-06 0)
(2.03028e-06 -4.87501e-06 0)
(2.3824e-06 -4.70665e-06 0)
(2.7389e-06 -4.52356e-06 0)
(3.09849e-06 -4.32942e-06 0)
(0 -5.47983e-06 0)
(3.23711e-07 -5.46499e-06 0)
(6.48652e-07 -5.42093e-06 0)
(9.75939e-07 -5.34887e-06 0)
(1.3065e-06 -5.25075e-06 0)
(1.64096e-06 -5.12906e-06 0)
(1.97973e-06 -4.98672e-06 0)
(2.32266e-06 -4.82697e-06 0)
(2.66973e-06 -4.65305e-06 0)
(3.01976e-06 -4.46841e-06 0)
(0 -5.56419e-06 0)
(3.15356e-07 -5.55013e-06 0)
(6.319e-07 -5.50836e-06 0)
(9.50718e-07 -5.44004e-06 0)
(1.27271e-06 -5.34694e-06 0)
(1.59849e-06 -5.23142e-06 0)
(1.92846e-06 -5.09619e-06 0)
(2.26251e-06 -4.94427e-06 0)
(2.60059e-06 -4.77867e-06 0)
(2.94168e-06 -4.60268e-06 0)
(0 -5.64846e-06 0)
(3.06598e-07 -5.63511e-06 0)
(6.14371e-07 -5.59545e-06 0)
(9.244e-07 -5.53055e-06 0)
(1.23759e-06 -5.44208e-06 0)
(1.55456e-06 -5.33221e-06 0)
(1.87572e-06 -5.20349e-06 0)
(2.201e-06 -5.05872e-06 0)
(2.53037e-06 -4.90074e-06 0)
(2.86294e-06 -4.7326e-06 0)
(0 -5.73225e-06 0)
(2.97323e-07 -5.71956e-06 0)
(5.95834e-07 -5.68186e-06 0)
(8.96635e-07 -5.62015e-06 0)
(1.20065e-06 -5.53595e-06 0)
(1.50854e-06 -5.43131e-06 0)
(1.82072e-06 -5.30859e-06 0)
(2.13721e-06 -5.17041e-06 0)
(2.45796e-06 -5.01941e-06 0)
(2.78223e-06 -4.85846e-06 0)
(0 -5.81526e-06 0)
(2.87403e-07 -5.80319e-06 0)
(5.76029e-07 -5.76732e-06 0)
(8.67022e-07 -5.70858e-06 0)
(1.16135e-06 -5.62839e-06 0)
(1.45972e-06 -5.52863e-06 0)
(1.7626e-06 -5.41149e-06 0)
(2.07008e-06 -5.27944e-06 0)
(2.38215e-06 -5.13491e-06 0)
(2.69819e-06 -4.9806e-06 0)
(0 -5.89688e-06 0)
(2.76691e-07 -5.8854e-06 0)
(5.54661e-07 -5.85127e-06 0)
(8.35115e-07 -5.79535e-06 0)
(1.11908e-06 -5.71895e-06 0)
(1.40734e-06 -5.62381e-06 0)
(1.70042e-06 -5.51195e-06 0)
(1.9985e-06 -5.38566e-06 0)
(2.30163e-06 -5.24722e-06 0)
(2.60929e-06 -5.09912e-06 0)
(0 -5.97685e-06 0)
(2.65e-07 -5.96594e-06 0)
(5.31354e-07 -5.93348e-06 0)
(8.00344e-07 -5.88028e-06 0)
(1.07308e-06 -5.80752e-06 0)
(1.35043e-06 -5.71682e-06 0)
(1.63301e-06 -5.61002e-06 0)
(1.92111e-06 -5.48925e-06 0)
(2.21483e-06 -5.35661e-06 0)
(2.51384e-06 -5.21442e-06 0)
(-0 -6.05401e-06 -1.35407e-26)
(2.52163e-07 -6.04365e-06 0)
(5.05775e-07 -6.01284e-06 0)
(7.62202e-07 -5.96231e-06 0)
(1.02265e-06 -5.89314e-06 0)
(1.28811e-06 -5.80679e-06 0)
(1.55931e-06 -5.70497e-06 0)
(1.83666e-06 -5.58962e-06 0)
(2.12037e-06 -5.46269e-06 0)
(2.41027e-06 -5.32631e-06 0)
(-0 -6.12864e-06 -2.214e-23)
(2.37746e-07 -6.11884e-06 -3.20254e-23)
(4.77063e-07 -6.08968e-06 -2.0671e-23)
(7.19415e-07 -6.04182e-06 -2.77295e-23)
(9.66129e-07 -5.97624e-06 -6.40343e-24)
(1.21832e-06 -5.89426e-06 9.02672e-23)
(1.4769e-06 -5.79744e-06 -1.43744e-23)
(1.74243e-06 -5.68755e-06 -3.67837e-23)
(2.01531e-06 -5.56636e-06 1.15995e-22)
(2.29547e-06 -5.43584e-06 4.51662e-23)
(0 -4.61419e-06 0)
(4.20272e-07 -4.58161e-06 0)
(8.46468e-07 -4.48523e-06 0)
(1.28407e-06 -4.32878e-06 0)
(1.73767e-06 -4.11807e-06 0)
(2.21072e-06 -3.86082e-06 0)
(2.70509e-06 -3.56612e-06 0)
(3.22095e-06 -3.244e-06 0)
(3.7565e-06 -2.9051e-06 0)
(4.30884e-06 -2.55876e-06 0)
(0 -4.68505e-06 0)
(4.0823e-07 -4.65528e-06 0)
(8.21394e-07 -4.56716e-06 0)
(1.24404e-06 -4.4239e-06 0)
(1.68e-06 -4.2305e-06 0)
(2.13224e-06 -3.99355e-06 0)
(2.60242e-06 -3.72083e-06 0)
(3.09091e-06 -3.42088e-06 0)
(3.59621e-06 -3.10295e-06 0)
(4.11619e-06 -2.77438e-06 0)
(0 -4.75774e-06 0)
(3.9764e-07 -4.73043e-06 0)
(7.99373e-07 -4.64956e-06 0)
(1.20894e-06 -4.51795e-06 0)
(1.62954e-06 -4.33993e-06 0)
(2.06362e-06 -4.12124e-06 0)
(2.51261e-06 -3.86865e-06 0)
(2.97699e-06 -3.58949e-06 0)
(3.45573e-06 -3.29189e-06 0)
(3.94723e-06 -2.98169e-06 0)
(0 -4.83228e-06 0)
(3.88063e-07 -4.80712e-06 0)
(7.79544e-07 -4.73259e-06 0)
(1.17756e-06 -4.61115e-06 0)
(1.58475e-06 -4.44666e-06 0)
(2.00318e-06 -4.24415e-06 0)
(2.43403e-06 -4.00958e-06 0)
(2.87769e-06 -3.74936e-06 0)
(3.3334e-06 -3.47075e-06 0)
(3.79958e-06 -3.17885e-06 0)
(0 -4.90861e-06 0)
(3.79205e-07 -4.88534e-06 0)
(7.61276e-07 -4.81637e-06 0)
(1.14881e-06 -4.70394e-06 0)
(1.54402e-06 -4.55145e-06 0)
(1.9486e-06 -4.36341e-06 0)
(2.36356e-06 -4.14514e-06 0)
(2.78919e-06 -3.90228e-06 0)
(3.225e-06 -3.64127e-06 0)
(3.66931e-06 -3.3668e-06 0)
(0 -4.9866e-06 0)
(3.70866e-07 -4.965e-06 0)
(7.44157e-07 -4.90093e-06 0)
(1.12206e-06 -4.79641e-06 0)
(1.50643e-06 -4.65455e-06 0)
(1.89868e-06 -4.47936e-06 0)
(2.29965e-06 -4.27567e-06 0)
(2.70948e-06 -4.04855e-06 0)
(3.12791e-06 -3.80374e-06 0)
(3.55317e-06 -3.54571e-06 0)
(0 -5.06612e-06 0)
(3.62861e-07 -5.04599e-06 0)
(7.27794e-07 -4.98626e-06 0)
(1.09666e-06 -4.88877e-06 0)
(1.47104e-06 -4.75635e-06 0)
(1.8521e-06 -4.59266e-06 0)
(2.24057e-06 -4.40207e-06 0)
(2.63645e-06 -4.1892e-06 0)
(3.03964e-06 -3.95918e-06 0)
(3.44836e-06 -3.71634e-06 0)
(0 -5.14699e-06 0)
(3.55061e-07 -5.12816e-06 0)
(7.11917e-07 -5.07228e-06 0)
(1.07218e-06 -4.98104e-06 0)
(1.43721e-06 -4.85702e-06 0)
(1.80797e-06 -4.7036e-06 0)
(2.18511e-06 -4.52477e-06 0)
(2.56853e-06 -4.32478e-06 0)
(2.95821e-06 -4.10824e-06 0)
(3.35243e-06 -3.87934e-06 0)
(0 -5.22902e-06 0)
(3.47345e-07 -5.21134e-06 0)
(6.9627e-07 -5.1589e-06 0)
(1.04819e-06 -5.07324e-06 0)
(1.40431e-06 -4.95675e-06 0)
(1.76546e-06 -4.81254e-06 0)
(2.13217e-06 -4.64428e-06 0)
(2.50432e-06 -4.45591e-06 0)
(2.8819e-06 -4.25163e-06 0)
(3.2633e-06 -4.03544e-06 0)
(0 -5.31198e-06 0)
(3.39611e-07 -5.29535e-06 0)
(6.80642e-07 -5.24599e-06 0)
(1.02437e-06 -5.16534e-06 0)
(1.37187e-06 -5.0556e-06 0)
(1.72386e-06 -4.91966e-06 0)
(2.08084e-06 -4.76093e-06 0)
(2.44263e-06 -4.58307e-06 0)
(2.80923e-06 -4.3899e-06 0)
(3.17919e-06 -4.18527e-06 0)
(0 -5.39567e-06 0)
(3.31764e-07 -5.37998e-06 0)
(6.64834e-07 -5.3334e-06 0)
(1.00039e-06 -5.25725e-06 0)
(1.33941e-06 -5.15361e-06 0)
(1.68256e-06 -5.02514e-06 0)
(2.03028e-06 -4.87501e-06 0)
(2.3824e-06 -4.70665e-06 0)
(2.7389e-06 -4.52356e-06 0)
(3.09849e-06 -4.32942e-06 0)
(0 -5.47983e-06 0)
(3.23711e-07 -5.46499e-06 0)
(6.48652e-07 -5.42093e-06 0)
(9.75939e-07 -5.34887e-06 0)
(1.3065e-06 -5.25075e-06 0)
(1.64096e-06 -5.12906e-06 0)
(1.97973e-06 -4.98672e-06 0)
(2.32266e-06 -4.82697e-06 0)
(2.66973e-06 -4.65305e-06 0)
(3.01976e-06 -4.46841e-06 0)
(0 -5.56419e-06 0)
(3.15356e-07 -5.55013e-06 0)
(6.319e-07 -5.50836e-06 0)
(9.50718e-07 -5.44004e-06 0)
(1.27271e-06 -5.34694e-06 0)
(1.59849e-06 -5.23142e-06 0)
(1.92846e-06 -5.09619e-06 0)
(2.26251e-06 -4.94427e-06 0)
(2.60059e-06 -4.77867e-06 0)
(2.94168e-06 -4.60268e-06 0)
(0 -5.64846e-06 0)
(3.06598e-07 -5.63511e-06 0)
(6.14371e-07 -5.59545e-06 0)
(9.244e-07 -5.53055e-06 0)
(1.23759e-06 -5.44208e-06 0)
(1.55456e-06 -5.33221e-06 0)
(1.87572e-06 -5.20349e-06 0)
(2.201e-06 -5.05872e-06 0)
(2.53037e-06 -4.90074e-06 0)
(2.86294e-06 -4.7326e-06 0)
(0 -5.73225e-06 0)
(2.97323e-07 -5.71956e-06 0)
(5.95834e-07 -5.68186e-06 0)
(8.96635e-07 -5.62015e-06 0)
(1.20065e-06 -5.53595e-06 0)
(1.50854e-06 -5.43131e-06 0)
(1.82072e-06 -5.30859e-06 0)
(2.13721e-06 -5.17041e-06 0)
(2.45796e-06 -5.01941e-06 0)
(2.78223e-06 -4.85846e-06 0)
(0 -5.81526e-06 0)
(2.87403e-07 -5.80319e-06 0)
(5.76029e-07 -5.76732e-06 0)
(8.67022e-07 -5.70858e-06 0)
(1.16135e-06 -5.62839e-06 0)
(1.45972e-06 -5.52863e-06 0)
(1.7626e-06 -5.41149e-06 0)
(2.07008e-06 -5.27944e-06 0)
(2.38215e-06 -5.13491e-06 0)
(2.69819e-06 -4.9806e-06 0)
(0 -5.89688e-06 0)
(2.76691e-07 -5.8854e-06 0)
(5.54661e-07 -5.85127e-06 0)
(8.35115e-07 -5.79535e-06 0)
(1.11908e-06 -5.71895e-06 0)
(1.40734e-06 -5.62381e-06 0)
(1.70042e-06 -5.51195e-06 0)
(1.9985e-06 -5.38566e-06 0)
(2.30163e-06 -5.24722e-06 0)
(2.60929e-06 -5.09912e-06 0)
(0 -5.97685e-06 0)
(2.65e-07 -5.96594e-06 0)
(5.31354e-07 -5.93348e-06 0)
(8.00344e-07 -5.88028e-06 0)
(1.07308e-06 -5.80752e-06 0)
(1.35043e-06 -5.71682e-06 0)
(1.63301e-06 -5.61002e-06 0)
(1.92111e-06 -5.48925e-06 0)
(2.21483e-06 -5.35661e-06 0)
(2.51384e-06 -5.21442e-06 0)
(-0 -6.05401e-06 -1.35407e-26)
(2.52163e-07 -6.04365e-06 0)
(5.05775e-07 -6.01284e-06 0)
(7.62202e-07 -5.96231e-06 0)
(1.02265e-06 -5.89314e-06 0)
(1.28811e-06 -5.80679e-06 0)
(1.55931e-06 -5.70497e-06 0)
(1.83666e-06 -5.58962e-06 0)
(2.12037e-06 -5.46269e-06 0)
(2.41027e-06 -5.32631e-06 0)
(-0 -6.12864e-06 -2.214e-23)
(2.37746e-07 -6.11884e-06 -3.20254e-23)
(4.77063e-07 -6.08968e-06 -2.0671e-23)
(7.19415e-07 -6.04182e-06 -2.77295e-23)
(9.66129e-07 -5.97624e-06 -6.40343e-24)
(1.21832e-06 -5.89426e-06 9.02672e-23)
(1.4769e-06 -5.79744e-06 -1.43744e-23)
(1.74243e-06 -5.68755e-06 -3.67837e-23)
(2.01531e-06 -5.56636e-06 1.15995e-22)
(2.29547e-06 -5.43584e-06 4.51662e-23)
)
;

boundaryField
{
    left
    {
        type            symmetryPlane;
    }
    right
    {
        type            calculated;
    }
    down
    {
        type            symmetryPlane;
    }
    up
    {
        type            calculated;
    }
    hole
    {
        type            calculated;
    }
    frontAndBack
    {
        type            empty;
    }
}


// ************************************************************************* //
