Time iteration ExecutionTime CPUTime
1 0 1.46 1 
1 1 2.86 3 
1 2 4.25 4 
1 3 5.53 5 
1 4 6.93 7 
1 5 8.25 8 
1 6 9.54 9 
1 7 10.95 11 
1 8 12.29 12 
1 9 13.46 13 
1 10 14.71 14 
1 11 16.04 16 
1 12 17.27 17 
1 13 18.51 18 
1 14 19.9 20 
1 15 21.2 21 
1 16 22.52 22 
1 17 23.95 24 
1 18 25.25 25 
1 19 26.51 26 
1 20 27.78 28 
1 21 29.08 29 
1 22 30.42 30 
1 23 31.69 31 
1 24 33.09 33 
1 25 34.28 34 
1 26 35.48 35 
1 27 36.88 37 
1 28 38.03 38 
1 29 39.22 39 
1 30 40.44 40 
1 31 41.51 41 
1 32 42.66 42 
1 33 43.93 44 
1 34 45.18 45 
1 35 46.41 46 
1 36 47.67 47 
1 37 49.04 49 
1 38 50.26 50 
1 39 51.56 51 
1 40 52.79 53 
1 41 53.89 54 
1 42 55.01 55 
1 43 56.15 56 
1 44 57.3 57 
1 45 58.7 58 
1 46 59.92 60 
1 47 61.06 61 
1 48 62.2 62 
1 49 63.35 63 
1 50 64.6 64 
1 51 65.93 66 
1 52 67.12 67 
1 53 68.35 68 
1 54 69.58 69 
1 55 70.94 71 
1 56 72.24 72 
1 57 73.6 73 
1 58 74.98 75 
1 59 76.31 76 
1 60 77.54 77 
1 61 78.86 79 
1 62 80.14 80 
1 63 81.36 81 
1 64 82.69 82 
1 65 83.93 84 
1 66 85.27 85 
1 67 86.54 86 
1 68 87.87 88 
1 69 89.04 89 
1 70 90.3 90 
1 71 91.61 91 
1 72 92.88 93 
1 73 94.05 94 
1 74 95.37 95 
1 75 96.71 97 
1 76 98.23 98 
1 77 99.47 99 
1 78 100.84 101 
1 79 102.16 102 
1 80 103.47 103 
1 81 104.79 105 
1 82 106.22 106 
1 83 107.53 107 
1 84 108.91 109 
1 85 110.14 110 
1 86 111.42 111 
1 87 112.93 113 
1 88 114.19 114 
1 89 115.45 115 
1 90 116.58 116 
1 91 118.02 118 
1 92 119.22 119 
1 93 120.48 120 
1 94 121.84 122 
1 95 123.19 123 
1 96 124.47 124 
1 97 125.85 126 
1 98 127.06 127 
1 99 128.26 128 
1 100 129.5 129 
1 101 130.75 131 
1 102 132 132 
1 103 133.2 133 
1 104 134.42 134 
1 105 135.56 135 
1 106 136.84 137 
1 107 138.2 138 
1 108 139.65 139 
1 109 140.87 141 
1 110 142.15 142 
1 111 143.33 143 
1 112 144.53 144 
1 113 145.93 146 
1 114 147.17 147 
1 115 148.34 148 
1 116 149.65 149 
1 117 150.92 151 
1 118 152.28 152 
1 119 153.46 153 
1 120 154.69 155 
1 121 156.02 156 
1 122 157.17 157 
1 123 158.55 158 
1 124 159.84 160 
1 125 161.21 161 
1 126 162.53 162 
1 127 163.78 164 
1 128 165.11 165 
1 129 166.38 166 
1 130 167.63 167 
1 131 168.88 169 
1 132 170.17 170 
1 133 171.51 171 
1 134 172.77 173 
1 135 174.05 174 
1 136 175.29 175 
1 137 176.51 176 
1 138 177.81 178 
1 139 179.17 179 
1 140 180.45 180 
1 141 181.76 182 
1 142 183 183 
1 143 184.26 184 
1 144 185.5 185 
1 145 186.8 187 
1 146 188.11 188 
1 147 189.38 189 
1 148 190.7 191 
1 149 191.99 192 
1 150 193.24 193 
1 151 194.64 194 
1 152 195.96 196 
1 153 197.26 197 
1 154 198.51 198 
1 155 199.79 200 
1 156 201.12 201 
1 157 202.48 202 
1 158 203.88 204 
1 159 205.27 205 
1 160 206.49 206 
1 161 208.04 208 
1 162 209.38 209 
1 163 210.68 211 
1 164 212.09 212 
1 165 213.39 213 
1 166 214.71 215 
1 167 216.03 216 
1 168 217.42 217 
1 169 218.81 219 
1 170 220.14 220 
1 171 221.52 221 
1 172 222.81 223 
1 173 224.12 224 
1 174 225.51 225 
1 175 226.96 227 
1 176 228.27 228 
1 177 229.49 229 
1 178 230.88 231 
1 179 232.17 232 
1 180 233.46 233 
1 181 234.79 235 
1 182 235.93 236 
1 183 237.08 237 
1 184 238.24 238 
1 185 239.43 239 
1 186 240.56 240 
1 187 241.73 242 
1 188 242.89 243 
1 189 244.12 244 
1 190 245.32 245 
1 191 246.55 246 
1 192 247.68 248 
1 193 248.83 249 
1 194 250 250 
1 195 251.14 251 
1 196 252.3 252 
1 197 253.46 253 
1 198 254.61 254 
1 199 255.82 256 
1 200 257.02 257 
1 201 258.22 258 
1 202 259.52 259 
1 203 260.87 261 
1 204 262.11 262 
1 205 263.37 263 
1 206 264.55 264 
1 207 265.72 266 
1 208 266.97 267 
1 209 268.23 268 
1 210 269.46 269 
1 211 270.69 271 
1 212 271.96 272 
1 213 273.19 273 
1 214 274.4 274 
1 215 275.6 275 
1 216 276.8 277 
1 217 277.99 278 
1 218 279.15 279 
1 219 280.09 280 
1 220 281.27 281 
1 221 282.18 282 
1 222 283.42 283 
1 223 284.29 284 
1 224 285.45 285 
1 225 286.37 286 
1 226 287.3 287 
1 227 288.47 288 
1 228 289.36 289 
1 229 290.24 290 
1 230 291.38 291 
1 231 292.31 292 
1 232 293.2 293 
1 233 294.1 294 
1 234 294.96 295 
1 235 295.99 296 
1 236 296.83 297 
1 237 297.48 297 
1 238 298.39 298 
1 239 299.05 299 
1 240 299.98 300 
1 241 300.66 300 
1 242 301.53 301 
1 243 302.16 302 
1 244 302.75 303 
1 245 303.6 303 
1 246 304.19 304 
1 247 304.74 305 
1 248 305.5 305 
1 249 306.06 306 
1 250 306.6 306 
1 251 307.19 307 
1 252 307.92 308 
1 253 308.47 308 
1 254 309.01 309 
1 255 309.54 309 
1 256 309.96 310 
1 257 310.28 310 
1 258 310.78 311 
1 259 311.08 311 
1 260 311.56 311 
1 261 311.86 312 
1 262 312.35 312 
1 263 312.63 312 
1 264 313.07 313 
1 265 313.34 313 
1 266 313.59 313 
1 267 313.86 314 
1 268 313.92 314 
2 0 315.39 315 
2 1 316.72 317 
2 2 318.01 318 
2 3 319.17 319 
2 4 320.48 320 
2 5 321.76 322 
2 6 323 323 
2 7 324.22 324 
2 8 325.47 325 
2 9 326.62 326 
2 10 327.78 328 
2 11 329.01 329 
2 12 330.21 330 
2 13 331.49 331 
2 14 333.03 333 
2 15 334.38 334 
2 16 335.55 335 
2 17 336.71 337 
2 18 337.89 338 
2 19 339.07 339 
2 20 340.22 340 
2 21 341.48 341 
2 22 343.03 343 
2 23 344.22 344 
2 24 345.39 345 
2 25 346.56 346 
2 26 347.71 348 
2 27 348.88 349 
2 28 350.13 350 
2 29 351.32 351 
2 30 352.48 352 
2 31 353.62 353 
2 32 354.79 355 
2 33 355.94 356 
2 34 357.12 357 
2 35 358.27 358 
2 36 359.48 359 
2 37 360.68 361 
2 38 361.81 362 
2 39 362.95 363 
2 40 364.15 364 
2 41 365.31 365 
2 42 366.5 366 
2 43 367.72 368 
2 44 368.92 369 
2 45 370.07 370 
2 46 371.24 371 
2 47 372.46 372 
2 48 373.89 374 
2 49 375.31 375 
2 50 376.67 377 
2 51 377.95 378 
2 52 379.32 379 
2 53 380.52 380 
2 54 381.76 382 
2 55 383.06 383 
2 56 384.67 385 
2 57 386.07 386 
2 58 387.38 387 
2 59 388.5 388 
2 60 389.62 389 
2 61 390.82 391 
2 62 392.01 392 
2 63 393.25 393 
2 64 394.45 394 
2 65 395.65 395 
2 66 396.89 397 
2 67 398.09 398 
2 68 399.27 399 
2 69 400.5 400 
2 70 401.75 402 
2 71 402.95 403 
2 72 404.16 404 
2 73 405.36 405 
2 74 406.56 406 
2 75 407.77 408 
2 76 408.96 409 
2 77 410.14 410 
2 78 411.28 411 
2 79 412.48 412 
2 80 413.65 413 
2 81 414.78 415 
2 82 415.95 416 
2 83 417.07 417 
2 84 418.22 418 
2 85 419.35 419 
2 86 420.54 420 
2 87 421.77 422 
2 88 422.96 423 
2 89 424.13 424 
2 90 425.28 425 
2 91 426.46 426 
2 92 427.66 427 
2 93 428.79 429 
2 94 430.01 430 
2 95 431.19 431 
2 96 432.32 432 
2 97 433.52 433 
2 98 434.71 435 
2 99 435.87 436 
2 100 437.12 437 
2 101 438.35 438 
2 102 439.61 439 
2 103 440.79 441 
2 104 442.03 442 
2 105 443.25 443 
2 106 444.58 444 
2 107 445.86 446 
2 108 447.17 447 
2 109 448.47 448 
2 110 449.88 450 
2 111 451.04 451 
2 112 452.33 452 
2 113 453.59 453 
2 114 454.85 455 
2 115 456.13 456 
2 116 457.42 457 
2 117 458.7 459 
2 118 459.97 460 
2 119 461.26 461 
2 120 462.51 462 
2 121 463.74 464 
2 122 464.94 465 
2 123 466.11 466 
2 124 467.26 467 
2 125 468.47 468 
2 126 469.67 470 
2 127 470.85 471 
2 128 472.04 472 
2 129 473.22 473 
2 130 474.5 474 
2 131 475.69 476 
2 132 476.84 477 
2 133 478.06 478 
2 134 479.22 479 
2 135 480.46 480 
2 136 481.71 482 
2 137 482.9 483 
2 138 484.1 484 
2 139 485.27 485 
2 140 486.43 486 
2 141 487.65 487 
2 142 488.87 489 
2 143 490.11 490 
2 144 491.25 491 
2 145 492.42 492 
2 146 493.58 493 
2 147 494.77 495 
2 148 495.94 496 
2 149 497.14 497 
2 150 498.4 498 
2 151 499.61 499 
2 152 500.79 501 
2 153 501.99 502 
2 154 503.23 503 
2 155 504.42 504 
2 156 505.64 505 
2 157 506.78 507 
2 158 507.96 508 
2 159 509.16 509 
2 160 510.32 510 
2 161 511.56 511 
2 162 512.8 513 
2 163 513.99 514 
2 164 515.2 515 
2 165 516.38 516 
2 166 517.66 517 
2 167 518.9 519 
2 168 520.17 520 
2 169 521.41 521 
2 170 522.64 522 
2 171 523.82 524 
2 172 525.02 525 
2 173 526.21 526 
2 174 527.42 527 
2 175 528.57 528 
2 176 529.74 530 
2 177 530.97 531 
2 178 532.22 532 
2 179 533.46 533 
2 180 534.72 535 
2 181 535.92 536 
2 182 537.18 537 
2 183 538.39 538 
2 184 539.64 539 
2 185 540.86 541 
2 186 542.07 542 
2 187 543.3 543 
2 188 544.54 544 
2 189 545.77 546 
2 190 546.97 547 
2 191 548.2 548 
2 192 549.41 549 
2 193 550.58 550 
2 194 551.82 552 
2 195 553.03 553 
2 196 554.24 554 
2 197 555.43 555 
2 198 556.62 556 
2 199 557.9 558 
2 200 559.15 559 
2 201 560.37 560 
2 202 561.55 561 
2 203 562.65 562 
2 204 563.81 564 
2 205 564.72 565 
2 206 565.8 566 
2 207 566.7 567 
2 208 568.01 568 
2 209 568.93 569 
2 210 570.1 570 
2 211 571.06 571 
2 212 572.08 572 
2 213 573.38 573 
2 214 574.33 574 
2 215 575.24 575 
2 216 576.42 576 
2 217 577.35 577 
2 218 578.28 578 
2 219 579.22 579 
2 220 580.11 580 
2 221 581.18 581 
2 222 582.05 582 
2 223 582.68 583 
2 224 583.52 583 
2 225 584.17 584 
2 226 585.09 585 
2 227 585.7 586 
2 228 586.57 586 
2 229 587.19 587 
2 230 587.82 588 
2 231 588.67 589 
2 232 589.26 589 
2 233 589.83 590 
2 234 590.63 590 
2 235 591.18 591 
2 236 591.71 592 
2 237 592.25 592 
2 238 593 593 
2 239 593.57 593 
2 240 594.08 594 
2 241 594.63 594 
2 242 595.03 595 
2 243 595.35 595 
2 244 595.87 596 
2 245 596.17 596 
2 246 596.71 597 
2 247 597.05 597 
2 248 597.55 597 
2 249 597.87 598 
2 250 598.36 598 
2 251 598.65 598 
2 252 599.11 599 
2 253 599.4 599 
2 254 599.48 599 
2 255 599.55 599 
3 0 600.54 600 
3 1 602.04 602 
3 2 603.36 603 
3 3 604.6 604 
3 4 605.84 606 
3 5 607.13 607 
3 6 608.38 608 
3 7 609.67 610 
3 8 610.97 611 
3 9 612.23 613 
3 10 613.43 614 
3 11 614.63 615 
3 12 615.84 616 
3 13 617.11 618 
3 14 618.36 619 
3 15 619.56 620 
3 16 620.8 621 
3 17 622.02 623 
3 18 623.26 624 
3 19 624.48 625 
3 20 625.67 626 
3 21 626.84 627 
3 22 628.02 629 
3 23 629.18 630 
3 24 630.37 631 
3 25 631.58 632 
3 26 632.9 633 
3 27 634.23 635 
3 28 635.5 636 
3 29 636.75 637 
3 30 637.88 638 
3 31 639.03 640 
3 32 640.21 641 
3 33 641.41 642 
3 34 642.59 643 
3 35 643.74 644 
3 36 645.05 646 
3 37 646.26 647 
3 38 647.48 648 
3 39 648.64 649 
3 40 649.78 650 
3 41 650.91 651 
3 42 652.09 653 
3 43 653.26 654 
3 44 654.54 655 
3 45 655.76 656 
3 46 656.93 657 
3 47 658.06 659 
3 48 659.28 660 
3 49 660.51 661 
3 50 661.75 662 
3 51 662.96 663 
3 52 664.2 665 
3 53 665.34 666 
3 54 666.63 667 
3 55 667.85 668 
3 56 669.09 670 
3 57 670.4 671 
3 58 671.62 672 
3 59 672.88 673 
3 60 674.15 675 
3 61 675.39 676 
3 62 676.64 677 
3 63 677.84 678 
3 64 679.04 680 
3 65 680.25 681 
3 66 681.45 682 
3 67 682.79 683 
3 68 683.99 684 
3 69 685.21 686 
3 70 686.37 687 
3 71 687.52 688 
3 72 688.69 689 
3 73 689.85 690 
3 74 691.07 692 
3 75 692.28 693 
3 76 693.51 694 
3 77 694.69 695 
3 78 695.9 696 
3 79 697.1 698 
3 80 698.42 699 
3 81 699.62 700 
3 82 700.83 701 
3 83 702.04 703 
3 84 703.23 704 
3 85 704.44 705 
3 86 705.69 706 
3 87 706.96 707 
3 88 708.12 709 
3 89 709.31 710 
3 90 710.52 711 
3 91 711.71 712 
3 92 712.87 713 
3 93 714.06 715 
3 94 715.23 716 
3 95 716.42 717 
3 96 717.6 718 
3 97 718.94 719 
3 98 720.2 721 
3 99 721.47 722 
3 100 722.71 723 
3 101 723.93 724 
3 102 725.23 726 
3 103 726.5 727 
3 104 727.68 728 
3 105 728.83 729 
3 106 729.98 730 
3 107 731.15 732 
3 108 732.34 733 
3 109 733.56 734 
3 110 734.77 735 
3 111 735.97 736 
3 112 737.23 738 
3 113 738.42 739 
3 114 739.62 740 
3 115 740.84 741 
3 116 742.05 743 
3 117 743.28 744 
3 118 744.49 745 
3 119 745.76 746 
3 120 746.95 747 
3 121 748.16 749 
3 122 749.32 750 
3 123 750.59 751 
3 124 751.82 752 
3 125 753.1 754 
3 126 754.27 755 
3 127 755.44 756 
3 128 756.63 757 
3 129 757.78 758 
3 130 758.97 759 
3 131 760.16 761 
3 132 761.34 762 
3 133 762.48 763 
3 134 763.64 764 
3 135 764.85 765 
3 136 766.02 767 
3 137 767.19 768 
3 138 768.36 769 
3 139 769.5 770 
3 140 770.63 771 
3 141 771.82 772 
3 142 772.98 773 
3 143 774.12 775 
3 144 775.29 776 
3 145 776.45 777 
3 146 777.68 778 
3 147 778.83 779 
3 148 780.02 781 
3 149 781.25 782 
3 150 782.45 783 
3 151 783.64 784 
3 152 784.88 785 
3 153 786.1 787 
3 154 787.27 788 
3 155 788.45 789 
3 156 789.68 790 
3 157 790.87 791 
3 158 792.07 793 
3 159 793.22 794 
3 160 794.4 795 
3 161 795.71 796 
3 162 796.96 797 
3 163 798.14 799 
3 164 799.31 800 
3 165 800.48 801 
3 166 801.66 802 
3 167 802.85 803 
3 168 804.09 805 
3 169 805.27 806 
3 170 806.43 807 
3 171 807.64 808 
3 172 808.9 809 
3 173 810.2 811 
3 174 811.48 812 
3 175 812.73 813 
3 176 813.98 814 
3 177 815.19 816 
3 178 816.35 817 
3 179 817.57 818 
3 180 818.82 819 
3 181 820.04 821 
3 182 821.29 822 
3 183 822.57 823 
3 184 823.7 824 
3 185 824.87 825 
3 186 826.13 827 
3 187 827.34 828 
3 188 828.62 829 
3 189 829.89 830 
3 190 831.05 832 
3 191 832.23 833 
3 192 833.35 834 
3 193 834.5 835 
3 194 835.75 836 
3 195 836.97 837 
3 196 838.18 839 
3 197 839.11 840 
3 198 840.34 841 
3 199 841.3 842 
3 200 842.51 843 
3 201 843.46 844 
3 202 844.64 845 
3 203 845.57 846 
3 204 846.49 847 
3 205 847.67 848 
3 206 848.61 849 
3 207 849.48 850 
3 208 850.69 851 
3 209 851.59 852 
3 210 852.45 853 
3 211 853.29 854 
3 212 854.15 855 
3 213 855.19 856 
3 214 856.05 857 
3 215 856.69 857 
3 216 857.56 858 
3 217 858.18 859 
3 218 859.04 860 
3 219 859.67 860 
3 220 860.52 861 
3 221 861.22 862 
3 222 861.82 862 
3 223 862.62 863 
3 224 863.22 864 
3 225 863.91 864 
3 226 864.76 865 
3 227 865.35 866 
3 228 865.96 866 
3 229 866.53 867 
3 230 867.33 868 
3 231 867.84 868 
3 232 868.42 869 
3 233 868.94 869 
3 234 869.35 870 
3 235 869.71 870 
3 236 870.27 871 
3 237 870.71 871 
3 238 871.22 872 
3 239 871.51 872 
3 240 872 873 
3 241 872.3 873 
3 242 872.79 873 
3 243 873.09 874 
3 244 873.51 874 
3 245 873.79 874 
3 246 873.88 874 
3 247 873.99 874 
4 0 875.02 876 
4 1 876.35 877 
4 2 877.94 878 
4 3 879.15 880 
4 4 880.51 881 
4 5 881.7 882 
4 6 882.97 883 
4 7 884.21 885 
4 8 885.47 886 
4 9 886.61 887 
4 10 887.75 888 
4 11 888.89 889 
4 12 890.14 891 
4 13 891.46 892 
4 14 892.74 893 
4 15 894.03 895 
4 16 895.25 896 
4 17 896.47 897 
4 18 897.78 898 
4 19 899 900 
4 20 900.18 901 
4 21 901.34 902 
4 22 902.51 903 
4 23 903.68 904 
4 24 904.83 905 
4 25 906.04 907 
4 26 907.28 908 
4 27 908.47 909 
4 28 909.67 910 
4 29 910.96 911 
4 30 912.23 913 
4 31 913.38 914 
4 32 914.54 915 
4 33 915.72 916 
4 34 916.89 917 
4 35 918.07 919 
4 36 919.3 920 
4 37 920.5 921 
4 38 921.79 922 
4 39 923 924 
4 40 924.18 925 
4 41 925.35 926 
4 42 926.51 927 
4 43 927.72 928 
4 44 928.86 929 
4 45 930.04 931 
4 46 931.26 932 
4 47 932.48 933 
4 48 933.67 934 
4 49 934.78 935 
4 50 935.94 936 
4 51 937.07 938 
4 52 938.25 939 
4 53 939.45 940 
4 54 940.6 941 
4 55 941.81 942 
4 56 942.98 943 
4 57 944.15 945 
4 58 945.3 946 
4 59 946.55 947 
4 60 947.71 948 
4 61 948.84 949 
4 62 950.06 951 
4 63 951.26 952 
4 64 952.55 953 
4 65 953.83 954 
4 66 955.08 956 
4 67 956.23 957 
4 68 957.51 958 
4 69 958.85 959 
4 70 960.1 961 
4 71 961.21 962 
4 72 962.39 963 
4 73 963.55 964 
4 74 964.76 965 
4 75 966.03 967 
4 76 967.38 968 
4 77 968.56 969 
4 78 969.76 970 
4 79 971.03 972 
4 80 972.21 973 
4 81 973.46 974 
4 82 974.69 975 
4 83 976.07 977 
4 84 977.34 978 
4 85 978.7 979 
4 86 979.95 980 
4 87 981.13 982 
4 88 982.36 983 
4 89 983.55 984 
4 90 984.79 985 
4 91 986.02 987 
4 92 987.32 988 
4 93 988.52 989 
4 94 989.94 990 
4 95 991.15 992 
4 96 992.37 993 
4 97 993.57 994 
4 98 994.78 995 
4 99 995.99 996 
4 100 997.39 998 
4 101 998.7 999 
4 102 999.98 1000 
4 103 1001.15 1002 
4 104 1002.34 1003 
4 105 1003.52 1004 
4 106 1004.7 1005 
4 107 1005.88 1006 
4 108 1007.03 1008 
4 109 1008.18 1009 
4 110 1009.31 1010 
4 111 1010.52 1011 
4 112 1011.7 1012 
4 113 1012.89 1013 
4 114 1014.07 1015 
4 115 1015.33 1016 
4 116 1016.51 1017 
4 117 1017.7 1018 
4 118 1018.88 1019 
4 119 1020.05 1021 
4 120 1021.24 1022 
4 121 1022.4 1023 
4 122 1023.6 1024 
4 123 1024.78 1025 
4 124 1025.93 1026 
4 125 1027.11 1028 
4 126 1028.3 1029 
4 127 1029.46 1030 
4 128 1030.66 1031 
4 129 1031.82 1032 
4 130 1032.99 1033 
4 131 1034.17 1035 
4 132 1035.36 1036 
4 133 1036.51 1037 
4 134 1037.7 1038 
4 135 1038.91 1039 
4 136 1040.1 1041 
4 137 1041.26 1042 
4 138 1042.41 1043 
4 139 1043.54 1044 
4 140 1044.71 1045 
4 141 1045.86 1046 
4 142 1047.18 1048 
4 143 1048.45 1049 
4 144 1049.68 1050 
4 145 1050.89 1051 
4 146 1052.16 1053 
4 147 1053.31 1054 
4 148 1054.5 1055 
4 149 1055.65 1056 
4 150 1056.85 1057 
4 151 1058.02 1059 
4 152 1059.19 1060 
4 153 1060.47 1061 
4 154 1061.62 1062 
4 155 1062.79 1063 
4 156 1063.97 1064 
4 157 1065.12 1066 
4 158 1066.47 1067 
4 159 1067.95 1068 
4 160 1069.18 1070 
4 161 1070.5 1071 
4 162 1071.67 1072 
4 163 1072.91 1073 
4 164 1074.1 1075 
4 165 1075.3 1076 
4 166 1076.5 1077 
4 167 1077.81 1078 
4 168 1079.08 1080 
4 169 1080.26 1081 
4 170 1081.53 1082 
4 171 1082.7 1083 
4 172 1083.84 1084 
4 173 1085.05 1086 
4 174 1086.28 1087 
4 175 1087.51 1088 
4 176 1088.7 1089 
4 177 1089.9 1090 
4 178 1091.11 1092 
4 179 1092.35 1093 
4 180 1093.69 1094 
4 181 1094.9 1095 
4 182 1096.3 1097 
4 183 1097.53 1098 
4 184 1098.78 1099 
4 185 1099.95 1100 
4 186 1101.2 1102 
4 187 1102.39 1103 
4 188 1103.61 1104 
4 189 1104.79 1105 
4 190 1105.91 1106 
4 191 1106.85 1107 
4 192 1108.04 1109 
4 193 1109.04 1110 
4 194 1110.33 1111 
4 195 1111.34 1112 
4 196 1112.54 1113 
4 197 1113.56 1114 
4 198 1114.77 1115 
4 199 1115.67 1116 
4 200 1116.6 1117 
4 201 1117.87 1118 
4 202 1118.81 1119 
4 203 1119.71 1120 
4 204 1120.58 1121 
4 205 1121.58 1122 
4 206 1122.49 1123 
4 207 1123.36 1124 
4 208 1123.95 1124 
4 209 1124.81 1125 
4 210 1125.41 1126 
4 211 1126.33 1127 
4 212 1126.98 1127 
4 213 1127.89 1128 
4 214 1128.51 1129 
4 215 1129.39 1130 
4 216 1130 1131 
4 217 1130.62 1131 
4 218 1131.51 1132 
4 219 1132.06 1133 
4 220 1132.6 1133 
4 221 1133.43 1134 
4 222 1133.99 1134 
4 223 1134.49 1135 
4 224 1135.02 1136 
4 225 1135.62 1136 
4 226 1136.37 1137 
4 227 1136.9 1137 
4 228 1137.4 1138 
4 229 1137.78 1138 
4 230 1138.35 1139 
4 231 1138.67 1139 
4 232 1139.19 1140 
4 233 1139.64 1140 
4 234 1139.96 1140 
4 235 1140.42 1141 
4 236 1140.7 1141 
4 237 1141.15 1142 
4 238 1141.43 1142 
4 239 1141.6 1142 
4 240 1141.67 1142 
5 0 1142.62 1143 
5 1 1144.19 1145 
5 2 1145.61 1146 
5 3 1146.87 1147 
5 4 1148.21 1149 
5 5 1149.63 1150 
5 6 1151.25 1152 
5 7 1152.61 1153 
5 8 1154 1155 
5 9 1155.27 1156 
5 10 1156.43 1157 
5 11 1157.64 1158 
5 12 1158.85 1159 
5 13 1160.08 1161 
5 14 1161.44 1162 
5 15 1162.73 1163 
5 16 1163.94 1164 
5 17 1165.11 1166 
5 18 1166.32 1167 
5 19 1167.59 1168 
5 20 1168.76 1169 
5 21 1169.96 1170 
5 22 1171.32 1172 
5 23 1172.49 1173 
5 24 1173.66 1174 
5 25 1174.81 1175 
5 26 1176.04 1177 
5 27 1177.22 1178 
5 28 1178.43 1179 
5 29 1179.75 1180 
5 30 1180.96 1181 
5 31 1182.11 1183 
5 32 1183.25 1184 
5 33 1184.42 1185 
5 34 1185.65 1186 
5 35 1186.86 1187 
5 36 1188.03 1189 
5 37 1189.21 1190 
5 38 1190.36 1191 
5 39 1191.57 1192 
5 40 1192.73 1193 
5 41 1193.94 1194 
5 42 1195.08 1196 
5 43 1196.38 1197 
5 44 1197.75 1198 
5 45 1199.1 1200 
5 46 1200.41 1201 
5 47 1201.6 1202 
5 48 1202.77 1203 
5 49 1203.95 1204 
5 50 1205.11 1206 
5 51 1206.27 1207 
5 52 1207.46 1208 
5 53 1208.63 1209 
5 54 1209.8 1210 
5 55 1210.98 1211 
5 56 1212.08 1213 
5 57 1213.29 1214 
5 58 1214.53 1215 
5 59 1215.72 1216 
5 60 1216.93 1217 
5 61 1218.22 1219 
5 62 1219.49 1220 
5 63 1220.71 1221 
5 64 1222.09 1223 
5 65 1223.54 1224 
5 66 1224.78 1225 
5 67 1226.13 1227 
5 68 1227.49 1228 
5 69 1228.87 1229 
5 70 1230.05 1231 
5 71 1231.28 1232 
5 72 1232.47 1233 
5 73 1233.63 1234 
5 74 1234.88 1235 
5 75 1236.06 1237 
5 76 1237.3 1238 
5 77 1238.52 1239 
5 78 1239.72 1240 
5 79 1240.88 1241 
5 80 1242.06 1243 
5 81 1243.23 1244 
5 82 1244.4 1245 
5 83 1245.58 1246 
5 84 1246.75 1247 
5 85 1247.93 1248 
5 86 1249.06 1250 
5 87 1250.22 1251 
5 88 1251.47 1252 
5 89 1252.79 1253 
5 90 1254.27 1255 
5 91 1255.5 1256 
5 92 1256.71 1257 
5 93 1257.96 1258 
5 94 1259.14 1260 
5 95 1260.33 1261 
5 96 1261.52 1262 
5 97 1262.69 1263 
5 98 1263.92 1264 
5 99 1265.11 1266 
5 100 1266.25 1267 
5 101 1267.47 1268 
5 102 1268.66 1269 
5 103 1269.82 1270 
5 104 1271.01 1272 
5 105 1272.19 1273 
5 106 1273.36 1274 
5 107 1274.53 1275 
5 108 1275.76 1276 
5 109 1277.01 1278 
5 110 1278.19 1279 
5 111 1279.43 1280 
5 112 1280.66 1281 
5 113 1281.87 1282 
5 114 1282.98 1283 
5 115 1284.14 1285 
5 116 1285.33 1286 
5 117 1286.54 1287 
5 118 1287.68 1288 
5 119 1288.81 1289 
5 120 1290.04 1291 
5 121 1291.19 1292 
5 122 1292.39 1293 
5 123 1293.59 1294 
5 124 1294.74 1295 
5 125 1295.89 1296 
5 126 1297.07 1298 
5 127 1298.24 1299 
5 128 1299.4 1300 
5 129 1300.58 1301 
5 130 1301.76 1302 
5 131 1302.89 1303 
5 132 1304.02 1305 
5 133 1305.22 1306 
5 134 1306.47 1307 
5 135 1307.69 1308 
5 136 1309.11 1310 
5 137 1310.41 1311 
5 138 1311.6 1312 
5 139 1312.77 1313 
5 140 1314.01 1315 
5 141 1315.21 1316 
5 142 1316.39 1317 
5 143 1317.52 1318 
5 144 1318.68 1319 
5 145 1319.81 1320 
5 146 1320.98 1321 
5 147 1322.15 1323 
5 148 1323.39 1324 
5 149 1324.6 1325 
5 150 1325.74 1326 
5 151 1326.91 1327 
5 152 1328.05 1329 
5 153 1329.24 1330 
5 154 1330.38 1331 
5 155 1331.55 1332 
5 156 1332.74 1333 
5 157 1333.94 1334 
5 158 1335.13 1336 
5 159 1336.28 1337 
5 160 1337.48 1338 
5 161 1338.66 1339 
5 162 1339.96 1340 
5 163 1341.21 1342 
5 164 1342.52 1343 
5 165 1343.9 1344 
5 166 1345.19 1346 
5 167 1346.44 1347 
5 168 1347.74 1348 
5 169 1348.95 1349 
5 170 1350.1 1351 
5 171 1351.3 1352 
5 172 1352.49 1353 
5 173 1353.77 1354 
5 174 1355.02 1356 
5 175 1356.31 1357 
5 176 1357.52 1358 
5 177 1358.76 1359 
5 178 1359.99 1360 
5 179 1361.19 1362 
5 180 1362.39 1363 
5 181 1363.61 1364 
5 182 1364.77 1365 
5 183 1366.01 1367 
5 184 1367.17 1368 
5 185 1368.42 1369 
5 186 1369.74 1370 
5 187 1370.72 1371 
5 188 1372.02 1373 
5 189 1373.14 1374 
5 190 1374.45 1375 
5 191 1375.35 1376 
5 192 1376.56 1377 
5 193 1377.5 1378 
5 194 1378.5 1379 
5 195 1379.95 1380 
5 196 1380.89 1381 
5 197 1381.79 1382 
5 198 1382.96 1383 
5 199 1383.88 1384 
5 200 1384.9 1385 
5 201 1385.86 1386 
5 202 1386.85 1387 
5 203 1387.95 1388 
5 204 1388.78 1389 
5 205 1389.37 1390 
5 206 1390.28 1391 
5 207 1390.87 1391 
5 208 1391.74 1392 
5 209 1392.33 1393 
5 210 1393.25 1394 
5 211 1393.86 1394 
5 212 1394.49 1395 
5 213 1395.36 1396 
5 214 1395.93 1396 
5 215 1396.51 1397 
5 216 1397.32 1398 
5 217 1397.88 1398 
5 218 1398.44 1399 
5 219 1398.98 1399 
5 220 1399.69 1400 
5 221 1400.17 1401 
5 222 1400.67 1401 
5 223 1401.17 1402 
5 224 1401.59 1402 
5 225 1401.9 1402 
5 226 1402.42 1403 
5 227 1402.71 1403 
5 228 1403.17 1404 
5 229 1403.48 1404 
5 230 1403.95 1404 
5 231 1404.25 1405 
5 232 1404.5 1405 
5 233 1404.74 1405 
5 234 1405.05 1406 
5 235 1405.33 1406 
5 236 1405.59 1406 
5 237 1405.84 1406 
5 238 1405.91 1406 
5 239 1405.98 1406 
6 0 1406.91 1407 
6 1 1408.14 1409 
6 2 1409.68 1410 
6 3 1410.92 1411 
6 4 1412.26 1413 
6 5 1413.67 1414 
6 6 1414.97 1415 
6 7 1416.63 1417 
6 8 1418.03 1419 
6 9 1419.35 1420 
6 10 1421.06 1422 
6 11 1422.44 1423 
6 12 1423.78 1424 
6 13 1425.23 1426 
6 14 1426.44 1427 
6 15 1427.62 1428 
6 16 1428.81 1429 
6 17 1430.1 1431 
6 18 1431.45 1432 
6 19 1432.79 1433 
6 20 1433.99 1434 
6 21 1435.24 1436 
6 22 1436.45 1437 
6 23 1437.71 1438 
6 24 1438.99 1439 
6 25 1440.23 1441 
6 26 1441.68 1442 
6 27 1442.93 1443 
6 28 1444.26 1445 
6 29 1445.54 1446 
6 30 1446.82 1447 
6 31 1448.09 1449 
6 32 1449.59 1450 
6 33 1450.95 1451 
6 34 1452.25 1453 
6 35 1453.7 1454 
6 36 1455.02 1456 
6 37 1456.21 1457 
6 38 1457.53 1458 
6 39 1458.76 1459 
6 40 1460.06 1461 
6 41 1461.51 1462 
6 42 1462.92 1463 
6 43 1464.09 1465 
6 44 1465.41 1466 
6 45 1466.76 1467 
6 46 1468.11 1469 
6 47 1469.47 1470 
6 48 1470.69 1471 
6 49 1471.93 1472 
6 50 1473.3 1474 
6 51 1474.66 1475 
6 52 1476.01 1477 
6 53 1477.26 1478 
6 54 1478.46 1479 
6 55 1479.65 1480 
6 56 1480.84 1481 
6 57 1481.98 1482 
6 58 1483.21 1484 
6 59 1484.42 1485 
6 60 1485.56 1486 
6 61 1486.74 1487 
6 62 1487.94 1488 
6 63 1489.13 1490 
6 64 1490.3 1491 
6 65 1491.48 1492 
6 66 1492.58 1493 
6 67 1493.73 1494 
6 68 1494.92 1495 
6 69 1496.14 1497 
6 70 1497.49 1498 
6 71 1498.96 1499 
6 72 1500.47 1501 
6 73 1501.78 1502 
6 74 1502.97 1503 
6 75 1504.18 1505 
6 76 1505.42 1506 
6 77 1506.61 1507 
6 78 1507.81 1508 
6 79 1509 1510 
6 80 1510.45 1511 
6 81 1511.69 1512 
6 82 1512.91 1513 
6 83 1514.17 1515 
6 84 1515.52 1516 
6 85 1516.8 1517 
6 86 1518.05 1519 
6 87 1519.2 1520 
6 88 1520.51 1521 
6 89 1521.78 1522 
6 90 1522.98 1523 
6 91 1524.23 1525 
6 92 1525.44 1526 
6 93 1526.68 1527 
6 94 1527.91 1528 
6 95 1529.12 1530 
6 96 1530.44 1531 
6 97 1531.64 1532 
6 98 1532.81 1533 
6 99 1534.01 1535 
6 100 1535.22 1536 
6 101 1536.43 1537 
6 102 1537.68 1538 
6 103 1538.85 1539 
6 104 1540.1 1541 
6 105 1541.34 1542 
6 106 1542.6 1543 
6 107 1543.94 1544 
6 108 1545.28 1546 
6 109 1546.59 1547 
6 110 1547.9 1548 
6 111 1549.18 1550 
6 112 1550.45 1551 
6 113 1551.71 1552 
6 114 1553.05 1554 
6 115 1554.33 1555 
6 116 1555.67 1556 
6 117 1556.98 1557 
6 118 1558.35 1559 
6 119 1559.54 1560 
6 120 1560.76 1561 
6 121 1561.95 1562 
6 122 1563.14 1564 
6 123 1564.3 1565 
6 124 1565.5 1566 
6 125 1566.72 1567 
6 126 1567.89 1568 
6 127 1569.08 1570 
6 128 1570.29 1571 
6 129 1571.67 1572 
6 130 1572.98 1573 
6 131 1574.36 1575 
6 132 1575.63 1576 
6 133 1576.89 1577 
6 134 1578.15 1579 
6 135 1579.49 1580 
6 136 1580.72 1581 
6 137 1582.01 1583 
6 138 1583.34 1584 
6 139 1584.71 1585 
6 140 1585.93 1586 
6 141 1587.21 1588 
6 142 1588.45 1589 
6 143 1589.67 1590 
6 144 1590.87 1591 
6 145 1592.23 1593 
6 146 1593.54 1594 
6 147 1594.79 1595 
6 148 1595.98 1596 
6 149 1597.19 1598 
6 150 1598.48 1599 
6 151 1599.78 1600 
6 152 1601.03 1602 
6 153 1602.35 1603 
6 154 1603.63 1604 
6 155 1604.96 1605 
6 156 1606.18 1607 
6 157 1607.43 1608 
6 158 1608.63 1609 
6 159 1609.85 1610 
6 160 1611.22 1612 
6 161 1612.41 1613 
6 162 1613.62 1614 
6 163 1614.76 1615 
6 164 1616.1 1617 
6 165 1617.37 1618 
6 166 1618.62 1619 
6 167 1619.89 1620 
6 168 1621.28 1622 
6 169 1622.63 1623 
6 170 1624.15 1625 
6 171 1625.63 1626 
6 172 1627.12 1628 
6 173 1628.42 1629 
6 174 1629.83 1630 
6 175 1631.08 1632 
6 176 1632.44 1633 
6 177 1633.8 1634 
6 178 1635.08 1636 
6 179 1636.4 1637 
6 180 1637.92 1638 
6 181 1639.26 1640 
6 182 1640.55 1641 
6 183 1641.87 1642 
6 184 1642.8 1643 
6 185 1644.02 1645 
6 186 1645.02 1646 
6 187 1646.27 1647 
6 188 1647.18 1648 
6 189 1648.53 1649 
6 190 1649.58 1650 
6 191 1650.6 1651 
6 192 1652 1653 
6 193 1652.94 1653 
6 194 1653.92 1654 
6 195 1654.9 1655 
6 196 1656.06 1657 
6 197 1656.98 1657 
6 198 1657.99 1659 
6 199 1658.98 1659 
6 200 1659.78 1660 
6 201 1660.81 1661 
6 202 1661.56 1662 
6 203 1662.52 1663 
6 204 1663.26 1664 
6 205 1664.33 1665 
6 206 1665 1666 
6 207 1665.96 1666 
6 208 1666.59 1667 
6 209 1667.22 1668 
6 210 1668.13 1669 
6 211 1668.75 1669 
6 212 1669.43 1670 
6 213 1670.49 1671 
6 214 1671.23 1672 
6 215 1671.82 1672 
6 216 1672.38 1673 
6 217 1673.02 1674 
6 218 1673.76 1674 
6 219 1674.28 1675 
6 220 1674.84 1675 
6 221 1675.24 1676 
6 222 1675.54 1676 
6 223 1676.06 1677 
6 224 1676.37 1677 
6 225 1676.87 1677 
6 226 1677.16 1678 
6 227 1677.64 1678 
6 228 1677.93 1678 
6 229 1678.45 1679 
6 230 1678.78 1679 
6 231 1678.86 1679 
6 232 1678.93 1679 
7 0 1679.94 1680 
7 1 1681.39 1682 
7 2 1682.87 1683 
7 3 1684.12 1685 
7 4 1685.54 1686 
7 5 1686.89 1687 
7 6 1688.37 1689 
7 7 1689.71 1690 
7 8 1691.05 1692 
7 9 1692.45 1693 
7 10 1693.9 1694 
7 11 1695.21 1696 
7 12 1696.54 1697 
7 13 1697.96 1698 
7 14 1699.44 1700 
7 15 1700.64 1701 
7 16 1701.97 1703 
7 17 1703.34 1704 
7 18 1704.65 1705 
7 19 1705.97 1707 
7 20 1707.44 1708 
7 21 1708.73 1709 
7 22 1710 1711 
7 23 1711.24 1712 
7 24 1712.51 1713 
7 25 1713.81 1714 
7 26 1715.15 1716 
7 27 1716.47 1717 
7 28 1717.69 1718 
7 29 1719.09 1720 
7 30 1720.35 1721 
7 31 1721.72 1722 
7 32 1723.03 1724 
7 33 1724.36 1725 
7 34 1725.68 1726 
7 35 1726.99 1728 
7 36 1728.34 1729 
7 37 1729.61 1730 
7 38 1730.95 1731 
7 39 1732.25 1733 
7 40 1733.56 1734 
7 41 1734.95 1735 
7 42 1736.27 1737 
7 43 1737.62 1738 
7 44 1739.06 1740 
7 45 1740.5 1741 
7 46 1741.78 1742 
7 47 1743.16 1744 
7 48 1744.52 1745 
7 49 1745.88 1746 
7 50 1747.29 1748 
7 51 1748.68 1749 
7 52 1750.04 1751 
7 53 1751.36 1752 
7 54 1752.73 1753 
7 55 1754.13 1755 
7 56 1755.53 1756 
7 57 1756.88 1757 
7 58 1758.25 1759 
7 59 1759.66 1760 
7 60 1760.97 1762 
7 61 1762.18 1763 
7 62 1763.54 1764 
7 63 1764.86 1765 
7 64 1766.18 1767 
7 65 1767.48 1768 
7 66 1768.87 1769 
7 67 1770.26 1771 
7 68 1771.53 1772 
7 69 1772.88 1773 
7 70 1774.28 1775 
7 71 1775.73 1776 
7 72 1777.14 1778 
7 73 1778.5 1779 
7 74 1779.78 1780 
7 75 1781.08 1782 
7 76 1782.41 1783 
7 77 1783.72 1784 
7 78 1785.12 1786 
7 79 1786.46 1787 
7 80 1787.83 1788 
7 81 1789.29 1790 
7 82 1790.65 1791 
7 83 1791.94 1792 
7 84 1793.26 1794 
7 85 1794.67 1795 
7 86 1796.02 1797 
7 87 1797.55 1798 
7 88 1798.9 1799 
7 89 1800.38 1801 
7 90 1801.82 1802 
7 91 1803.08 1804 
7 92 1804.44 1805 
7 93 1805.77 1806 
7 94 1807.04 1808 
7 95 1808.57 1809 
7 96 1809.96 1811 
7 97 1811.29 1812 
7 98 1812.63 1813 
7 99 1813.92 1814 
7 100 1815.14 1816 
7 101 1816.49 1817 
7 102 1817.91 1818 
7 103 1819.32 1820 
7 104 1820.61 1821 
7 105 1821.87 1822 
7 106 1823.27 1824 
7 107 1824.71 1825 
7 108 1826.11 1827 
7 109 1827.42 1828 
7 110 1828.77 1829 
7 111 1830.08 1831 
7 112 1831.35 1832 
7 113 1832.83 1833 
7 114 1834.18 1835 
7 115 1835.55 1836 
7 116 1836.99 1838 
7 117 1838.3 1839 
7 118 1839.71 1840 
7 119 1841.22 1842 
7 120 1842.57 1843 
7 121 1843.9 1844 
7 122 1845.26 1846 
7 123 1846.49 1847 
7 124 1847.85 1848 
7 125 1849.25 1850 
7 126 1850.56 1851 
7 127 1851.9 1852 
7 128 1853.12 1854 
7 129 1854.29 1855 
7 130 1855.46 1856 
7 131 1857.05 1858 
7 132 1858.55 1859 
7 133 1859.68 1860 
7 134 1860.79 1861 
7 135 1861.9 1862 
7 136 1863.2 1864 
7 137 1864.58 1865 
7 138 1866.15 1867 
7 139 1867.56 1868 
7 140 1868.9 1869 
7 141 1870.28 1871 
7 142 1871.61 1872 
7 143 1873.03 1874 
7 144 1874.39 1875 
7 145 1875.72 1876 
7 146 1877.15 1878 
7 147 1878.45 1879 
7 148 1879.68 1880 
7 149 1881.04 1882 
7 150 1882.36 1883 
7 151 1883.75 1884 
7 152 1885.1 1886 
7 153 1886.42 1887 
7 154 1887.75 1888 
7 155 1889.18 1890 
7 156 1890.67 1891 
7 157 1891.99 1893 
7 158 1893.26 1894 
7 159 1894.78 1895 
7 160 1896.2 1897 
7 161 1897.43 1898 
7 162 1898.7 1899 
7 163 1900.16 1901 
7 164 1901.51 1902 
7 165 1902.83 1903 
7 166 1904.11 1905 
7 167 1905.49 1906 
7 168 1906.7 1907 
7 169 1907.94 1909 
7 170 1909.25 1910 
7 171 1910.44 1911 
7 172 1911.81 1912 
7 173 1913.03 1914 
7 174 1914.38 1915 
7 175 1915.61 1916 
7 176 1916.91 1917 
7 177 1918.12 1919 
7 178 1919.49 1920 
7 179 1920.92 1922 
7 180 1922.13 1923 
7 181 1923.16 1924 
7 182 1924.32 1925 
7 183 1925.25 1926 
7 184 1926.49 1927 
7 185 1927.44 1928 
7 186 1928.73 1929 
7 187 1929.79 1930 
7 188 1930.77 1931 
7 189 1931.93 1933 
7 190 1932.88 1933 
7 191 1933.74 1934 
7 192 1934.59 1935 
7 193 1935.73 1936 
7 194 1936.69 1937 
7 195 1937.7 1938 
7 196 1938.71 1939 
7 197 1939.38 1940 
7 198 1940.37 1941 
7 199 1940.98 1942 
7 200 1941.93 1943 
7 201 1942.59 1943 
7 202 1943.55 1944 
7 203 1944.21 1945 
7 204 1945.12 1946 
7 205 1945.79 1946 
7 206 1946.45 1947 
7 207 1947.38 1948 
7 208 1947.94 1949 
7 209 1948.57 1949 
7 210 1949.36 1950 
7 211 1949.99 1951 
7 212 1950.58 1951 
7 213 1951.17 1952 
7 214 1951.68 1952 
7 215 1952.36 1953 
7 216 1952.9 1953 
7 217 1953.44 1954 
7 218 1953.79 1954 
7 219 1954.34 1955 
7 220 1954.66 1955 
7 221 1955.15 1956 
7 222 1955.53 1956 
7 223 1955.85 1956 
7 224 1956.35 1957 
7 225 1956.65 1957 
7 226 1957.08 1958 
7 227 1957.34 1958 
7 228 1957.41 1958 
7 229 1957.47 1958 
8 0 1958.39 1959 
8 1 1959.78 1960 
8 2 1961.11 1962 
8 3 1962.28 1963 
8 4 1963.68 1964 
8 5 1965.05 1966 
8 6 1966.35 1967 
8 7 1967.71 1968 
8 8 1968.99 1970 
8 9 1970.23 1971 
8 10 1971.53 1972 
8 11 1972.77 1973 
8 12 1974.02 1975 
8 13 1975.37 1976 
8 14 1976.65 1977 
8 15 1978.02 1979 
8 16 1979.3 1980 
8 17 1980.65 1981 
8 18 1981.94 1983 
8 19 1983.18 1984 
8 20 1984.32 1985 
8 21 1985.5 1986 
8 22 1986.9 1988 
8 23 1988.12 1989 
8 24 1989.32 1990 
8 25 1990.6 1991 
8 26 1991.84 1992 
8 27 1993.12 1994 
8 28 1994.38 1995 
8 29 1995.66 1996 
8 30 1996.91 1998 
8 31 1998.15 1999 
8 32 1999.44 2000 
8 33 2000.67 2001 
8 34 2001.95 2003 
8 35 2003.26 2004 
8 36 2004.45 2005 
8 37 2005.81 2006 
8 38 2007.01 2008 
8 39 2008.3 2009 
8 40 2009.47 2010 
8 41 2010.89 2011 
8 42 2012.42 2013 
8 43 2013.74 2014 
8 44 2015.07 2016 
8 45 2016.34 2017 
8 46 2017.6 2018 
8 47 2018.88 2019 
8 48 2020.14 2021 
8 49 2021.41 2022 
8 50 2022.76 2023 
8 51 2024.09 2025 
8 52 2025.35 2026 
8 53 2026.63 2027 
8 54 2027.81 2028 
8 55 2029.06 2030 
8 56 2030.42 2031 
8 57 2031.7 2032 
8 58 2032.91 2034 
8 59 2034.26 2035 
8 60 2035.53 2036 
8 61 2036.81 2037 
8 62 2038.17 2039 
8 63 2039.5 2040 
8 64 2040.87 2041 
8 65 2042.13 2043 
8 66 2043.52 2044 
8 67 2044.89 2046 
8 68 2046.21 2047 
8 69 2047.51 2048 
8 70 2048.83 2049 
8 71 2050.05 2051 
8 72 2051.44 2052 
8 73 2052.67 2053 
8 74 2053.95 2055 
8 75 2055.34 2056 
8 76 2056.57 2057 
8 77 2057.76 2058 
8 78 2059.01 2060 
8 79 2060.26 2061 
8 80 2061.55 2062 
8 81 2062.79 2063 
8 82 2064.1 2065 
8 83 2065.39 2066 
8 84 2066.72 2067 
8 85 2068.1 2069 
8 86 2069.37 2070 
8 87 2070.57 2071 
8 88 2071.88 2073 
8 89 2073.12 2074 
8 90 2074.37 2075 
8 91 2075.75 2076 
8 92 2077.06 2078 
8 93 2078.3 2079 
8 94 2079.58 2080 
8 95 2080.8 2081 
8 96 2082 2083 
8 97 2083.29 2084 
8 98 2084.58 2085 
8 99 2085.9 2087 
8 100 2087.19 2088 
8 101 2088.59 2089 
8 102 2089.78 2090 
8 103 2090.99 2092 
8 104 2092.21 2093 
8 105 2093.5 2094 
8 106 2094.79 2095 
8 107 2096.1 2097 
8 108 2097.46 2098 
8 109 2098.75 2099 
8 110 2100.08 2101 
8 111 2101.39 2102 
8 112 2102.65 2103 
8 113 2103.92 2105 
8 114 2105.11 2106 
8 115 2106.36 2107 
8 116 2107.68 2108 
8 117 2108.85 2109 
8 118 2109.98 2111 
8 119 2111.13 2112 
8 120 2112.39 2113 
8 121 2113.7 2114 
8 122 2114.95 2116 
8 123 2116.23 2117 
8 124 2117.58 2118 
8 125 2118.87 2120 
8 126 2120.23 2121 
8 127 2121.5 2122 
8 128 2122.85 2123 
8 129 2124.13 2125 
8 130 2125.4 2126 
8 131 2126.65 2127 
8 132 2127.9 2129 
8 133 2129.17 2130 
8 134 2130.39 2131 
8 135 2131.66 2132 
8 136 2132.96 2134 
8 137 2134.19 2135 
8 138 2135.46 2136 
8 139 2136.66 2137 
8 140 2137.96 2139 
8 141 2139.27 2140 
8 142 2140.53 2141 
8 143 2141.67 2142 
8 144 2142.91 2144 
8 145 2144.15 2145 
8 146 2145.36 2146 
8 147 2146.76 2147 
8 148 2148 2149 
8 149 2149.23 2150 
8 150 2150.51 2151 
8 151 2151.81 2152 
8 152 2153.01 2154 
8 153 2154.25 2155 
8 154 2155.48 2156 
8 155 2156.73 2157 
8 156 2157.87 2159 
8 157 2159.03 2160 
8 158 2160.13 2161 
8 159 2161.23 2162 
8 160 2162.36 2163 
8 161 2163.53 2164 
8 162 2164.68 2165 
8 163 2165.83 2166 
8 164 2166.97 2168 
8 165 2168.08 2169 
8 166 2169.27 2170 
8 167 2170.56 2171 
8 168 2172 2173 
8 169 2173.31 2174 
8 170 2174.71 2175 
8 171 2176.08 2177 
8 172 2177.4 2178 
8 173 2178.63 2179 
8 174 2179.86 2181 
8 175 2181.21 2182 
8 176 2182.6 2183 
8 177 2183.83 2184 
8 178 2184.89 2186 
8 179 2186.19 2187 
8 180 2187.11 2188 
8 181 2188.31 2189 
8 182 2189.51 2190 
8 183 2190.8 2191 
8 184 2191.96 2193 
8 185 2192.95 2194 
8 186 2194.33 2195 
8 187 2195.38 2196 
8 188 2196.35 2197 
8 189 2197.65 2198 
8 190 2198.8 2199 
8 191 2199.86 2201 
8 192 2200.94 2202 
8 193 2201.98 2203 
8 194 2202.67 2203 
8 195 2203.64 2204 
8 196 2204.54 2205 
8 197 2205.5 2206 
8 198 2206.17 2207 
8 199 2207.08 2208 
8 200 2207.78 2208 
8 201 2208.67 2209 
8 202 2209.34 2210 
8 203 2210.22 2211 
8 204 2211.27 2212 
8 205 2211.9 2213 
8 206 2212.48 2213 
8 207 2213.39 2214 
8 208 2213.96 2215 
8 209 2214.54 2215 
8 210 2215.16 2216 
8 211 2215.75 2216 
8 212 2216.55 2217 
8 213 2217.07 2218 
8 214 2217.59 2218 
8 215 2217.94 2219 
8 216 2218.48 2219 
8 217 2218.81 2219 
8 218 2219.41 2220 
8 219 2219.9 2221 
8 220 2220.22 2221 
8 221 2220.73 2221 
8 222 2221.03 2222 
8 223 2221.54 2222 
8 224 2221.89 2223 
8 225 2222.26 2223 
8 226 2222.37 2223 
8 227 2222.44 2223 
9 0 2223.45 2224 
9 1 2224.86 2226 
9 2 2226.27 2227 
9 3 2227.51 2228 
9 4 2228.98 2230 
9 5 2230.3 2231 
9 6 2231.63 2232 
9 7 2232.93 2234 
9 8 2234.19 2235 
9 9 2235.62 2236 
9 10 2236.98 2238 
9 11 2238.21 2239 
9 12 2239.49 2240 
9 13 2240.79 2241 
9 14 2242.14 2243 
9 15 2243.38 2244 
9 16 2244.72 2245 
9 17 2246 2247 
9 18 2247.28 2248 
9 19 2248.54 2249 
9 20 2249.89 2251 
9 21 2251.13 2252 
9 22 2252.42 2253 
9 23 2253.89 2255 
9 24 2255.2 2256 
9 25 2256.54 2257 
9 26 2257.8 2258 
9 27 2259.12 2260 
9 28 2260.32 2261 
9 29 2261.57 2262 
9 30 2262.71 2263 
9 31 2263.93 2265 
9 32 2265.19 2266 
9 33 2266.47 2267 
9 34 2267.72 2268 
9 35 2269.04 2270 
9 36 2270.44 2271 
9 37 2271.75 2272 
9 38 2273.07 2274 
9 39 2274.38 2275 
9 40 2275.62 2276 
9 41 2276.82 2278 
9 42 2278.28 2279 
9 43 2279.61 2280 
9 44 2280.93 2282 
9 45 2282.28 2283 
9 46 2283.49 2284 
9 47 2284.85 2286 
9 48 2286.1 2287 
9 49 2287.39 2288 
9 50 2288.63 2289 
9 51 2290.02 2291 
9 52 2291.29 2292 
9 53 2292.63 2293 
9 54 2293.88 2295 
9 55 2295.2 2296 
9 56 2296.52 2297 
9 57 2297.88 2299 
9 58 2299.18 2300 
9 59 2300.47 2301 
9 60 2301.74 2302 
9 61 2303.06 2304 
9 62 2304.29 2305 
9 63 2305.58 2306 
9 64 2306.87 2308 
9 65 2308.26 2309 
9 66 2309.68 2310 
9 67 2310.89 2312 
9 68 2312.1 2313 
9 69 2313.24 2314 
9 70 2314.64 2315 
9 71 2315.91 2317 
9 72 2317.11 2318 
9 73 2318.4 2319 
9 74 2319.76 2320 
9 75 2321.01 2322 
9 76 2322.27 2323 
9 77 2323.65 2324 
9 78 2324.87 2326 
9 79 2326.16 2327 
9 80 2327.56 2328 
9 81 2328.88 2330 
9 82 2330.15 2331 
9 83 2331.39 2332 
9 84 2332.65 2333 
9 85 2333.98 2335 
9 86 2335.22 2336 
9 87 2336.52 2337 
9 88 2337.92 2339 
9 89 2339.36 2340 
9 90 2340.65 2341 
9 91 2341.87 2343 
9 92 2343.13 2344 
9 93 2344.38 2345 
9 94 2345.82 2347 
9 95 2347.01 2348 
9 96 2348.25 2349 
9 97 2349.46 2350 
9 98 2350.68 2351 
9 99 2351.96 2353 
9 100 2353.24 2354 
9 101 2354.62 2355 
9 102 2355.98 2357 
9 103 2357.21 2358 
9 104 2358.44 2359 
9 105 2359.85 2361 
9 106 2361.11 2362 
9 107 2362.33 2363 
9 108 2363.64 2364 
9 109 2364.98 2366 
9 110 2366.32 2367 
9 111 2367.68 2368 
9 112 2369 2370 
9 113 2370.3 2371 
9 114 2371.53 2372 
9 115 2372.85 2374 
9 116 2374.11 2375 
9 117 2375.56 2376 
9 118 2376.84 2378 
9 119 2378.15 2379 
9 120 2379.52 2380 
9 121 2380.95 2382 
9 122 2382.18 2383 
9 123 2383.61 2384 
9 124 2384.93 2386 
9 125 2386.28 2387 
9 126 2387.42 2388 
9 127 2388.62 2389 
9 128 2390.1 2391 
9 129 2391.49 2392 
9 130 2392.8 2394 
9 131 2394.11 2395 
9 132 2395.33 2396 
9 133 2396.69 2397 
9 134 2398.43 2399 
9 135 2399.87 2401 
9 136 2401.29 2402 
9 137 2402.75 2403 
9 138 2404 2405 
9 139 2405.28 2406 
9 140 2406.65 2407 
9 141 2408.14 2409 
9 142 2409.46 2410 
9 143 2410.81 2412 
9 144 2412.11 2413 
9 145 2413.41 2414 
9 146 2414.69 2415 
9 147 2415.97 2417 
9 148 2417.29 2418 
9 149 2418.61 2419 
9 150 2419.83 2421 
9 151 2421.18 2422 
9 152 2422.62 2423 
9 153 2424.04 2425 
9 154 2425.43 2426 
9 155 2426.84 2428 
9 156 2428.16 2429 
9 157 2429.55 2430 
9 158 2430.89 2432 
9 159 2432.23 2433 
9 160 2433.51 2434 
9 161 2434.8 2436 
9 162 2436.05 2437 
9 163 2437.31 2438 
9 164 2438.57 2439 
9 165 2439.78 2440 
9 166 2441.05 2442 
9 167 2442.33 2443 
9 168 2443.69 2444 
9 169 2444.93 2446 
9 170 2446.07 2447 
9 171 2447.27 2448 
9 172 2448.57 2449 
9 173 2449.72 2450 
9 174 2450.83 2452 
9 175 2451.99 2453 
9 176 2453.03 2454 
9 177 2454.29 2455 
9 178 2455.31 2456 
9 179 2456.57 2457 
9 180 2457.78 2459 
9 181 2459.11 2460 
9 182 2460.04 2461 
9 183 2460.9 2462 
9 184 2461.99 2463 
9 185 2462.87 2464 
9 186 2463.87 2465 
9 187 2465.02 2466 
9 188 2466.01 2467 
9 189 2466.91 2468 
9 190 2467.97 2469 
9 191 2468.89 2470 
9 192 2469.81 2471 
9 193 2470.78 2472 
9 194 2471.37 2472 
9 195 2472.32 2473 
9 196 2472.95 2474 
9 197 2473.87 2475 
9 198 2474.52 2475 
9 199 2475.48 2476 
9 200 2476.13 2477 
9 201 2476.84 2478 
9 202 2477.68 2478 
9 203 2478.25 2479 
9 204 2478.9 2480 
9 205 2479.76 2480 
9 206 2480.36 2481 
9 207 2481 2482 
9 208 2481.59 2482 
9 209 2482.36 2483 
9 210 2483.12 2484 
9 211 2483.62 2484 
9 212 2484.13 2485 
9 213 2484.44 2485 
9 214 2484.98 2486 
9 215 2485.34 2486 
9 216 2485.85 2487 
9 217 2486.3 2487 
9 218 2486.63 2487 
9 219 2487.11 2488 
9 220 2487.41 2488 
9 221 2487.71 2488 
9 222 2488 2489 
9 223 2488.26 2489 
9 224 2488.52 2489 
9 225 2488.78 2490 
9 226 2489.12 2490 
9 227 2489.19 2490 
9 228 2489.25 2490 
10 0 2490.23 2491 
10 1 2491.66 2492 
10 2 2493.1 2494 
10 3 2494.44 2495 
10 4 2495.82 2497 
10 5 2497.11 2498 
10 6 2498.47 2499 
10 7 2499.9 2501 
10 8 2501.25 2502 
10 9 2502.58 2503 
10 10 2503.82 2505 
10 11 2505.04 2506 
10 12 2506.23 2507 
10 13 2507.51 2508 
10 14 2508.83 2510 
10 15 2510.15 2511 
10 16 2511.56 2512 
10 17 2512.95 2514 
10 18 2514.27 2515 
10 19 2515.78 2517 
10 20 2517.28 2518 
10 21 2518.58 2519 
10 22 2519.98 2521 
10 23 2521.29 2522 
10 24 2522.65 2523 
10 25 2523.87 2525 
10 26 2525.12 2526 
10 27 2526.28 2527 
10 28 2527.46 2528 
10 29 2528.75 2530 
10 30 2529.99 2531 
10 31 2531.36 2532 
10 32 2532.63 2533 
10 33 2533.87 2535 
10 34 2535.23 2536 
10 35 2536.58 2537 
10 36 2538.03 2539 
10 37 2539.3 2540 
10 38 2540.63 2541 
10 39 2541.99 2543 
10 40 2543.34 2544 
10 41 2544.59 2545 
10 42 2545.99 2547 
10 43 2547.42 2548 
10 44 2548.92 2550 
10 45 2550.2 2551 
10 46 2551.63 2552 
10 47 2553.08 2554 
10 48 2554.58 2555 
10 49 2555.93 2557 
10 50 2557.31 2558 
10 51 2558.64 2559 
10 52 2560.1 2561 
10 53 2561.46 2562 
10 54 2562.8 2564 
10 55 2564.19 2565 
10 56 2565.6 2566 
10 57 2567.08 2568 
10 58 2568.46 2569 
10 59 2569.93 2571 
10 60 2571.27 2572 
10 61 2572.52 2573 
10 62 2573.95 2575 
10 63 2575.34 2576 
10 64 2576.77 2578 
10 65 2578.19 2579 
10 66 2579.53 2580 
10 67 2580.96 2582 
10 68 2582.37 2583 
10 69 2583.89 2585 
10 70 2585.18 2586 
10 71 2586.51 2587 
10 72 2587.71 2588 
10 73 2589 2590 
10 74 2590.23 2591 
10 75 2591.66 2592 
10 76 2592.95 2594 
10 77 2594.17 2595 
10 78 2595.61 2596 
10 79 2596.93 2598 
10 80 2598.27 2599 
10 81 2599.54 2600 
10 82 2600.81 2602 
10 83 2602.06 2603 
10 84 2603.27 2604 
10 85 2604.63 2605 
10 86 2606.05 2607 
10 87 2607.41 2608 
10 88 2608.9 2610 
10 89 2610.25 2611 
10 90 2611.65 2612 
10 91 2612.91 2614 
10 92 2614.11 2615 
10 93 2615.48 2616 
10 94 2616.86 2618 
10 95 2618.09 2619 
10 96 2619.39 2620 
10 97 2620.67 2621 
10 98 2621.9 2623 
10 99 2623.14 2624 
10 100 2624.51 2625 
10 101 2625.93 2627 
10 102 2627.2 2628 
10 103 2628.58 2629 
10 104 2629.98 2631 
10 105 2631.58 2632 
10 106 2632.83 2634 
10 107 2634.2 2635 
10 108 2635.47 2636 
10 109 2636.97 2638 
10 110 2638.23 2639 
10 111 2639.54 2640 
10 112 2640.9 2642 
10 113 2642.22 2643 
10 114 2643.45 2644 
10 115 2644.64 2645 
10 116 2645.87 2647 
10 117 2647.11 2648 
10 118 2648.44 2649 
10 119 2649.83 2651 
10 120 2651.12 2652 
10 121 2652.35 2653 
10 122 2653.56 2654 
10 123 2654.79 2656 
10 124 2656.03 2657 
10 125 2657.33 2658 
10 126 2658.6 2659 
10 127 2660.02 2661 
10 128 2661.27 2662 
10 129 2662.58 2663 
10 130 2663.93 2665 
10 131 2665.19 2666 
10 132 2666.55 2667 
10 133 2667.9 2669 
10 134 2669.31 2670 
10 135 2670.56 2671 
10 136 2671.81 2673 
10 137 2673.1 2674 
10 138 2674.46 2675 
10 139 2675.74 2677 
10 140 2677.15 2678 
10 141 2678.45 2679 
10 142 2679.77 2681 
10 143 2681.09 2682 
10 144 2682.45 2683 
10 145 2683.82 2685 
10 146 2685.34 2686 
10 147 2686.62 2687 
10 148 2687.85 2689 
10 149 2689.21 2690 
10 150 2690.63 2691 
10 151 2691.95 2693 
10 152 2693.28 2694 
10 153 2694.6 2695 
10 154 2696.17 2697 
10 155 2697.59 2698 
10 156 2698.93 2700 
10 157 2700.21 2701 
10 158 2701.54 2702 
10 159 2702.86 2704 
10 160 2704.2 2705 
10 161 2705.57 2706 
10 162 2706.82 2708 
10 163 2708.14 2709 
10 164 2709.4 2710 
10 165 2710.79 2712 
10 166 2712.2 2713 
10 167 2713.51 2714 
10 168 2714.78 2716 
10 169 2716.12 2717 
10 170 2717.48 2718 
10 171 2718.86 2720 
10 172 2720.31 2721 
10 173 2721.62 2722 
10 174 2722.63 2723 
10 175 2723.87 2725 
10 176 2724.76 2726 
10 177 2726.17 2727 
10 178 2727.2 2728 
10 179 2728.5 2729 
10 180 2729.52 2730 
10 181 2730.46 2731 
10 182 2731.67 2732 
10 183 2732.65 2733 
10 184 2733.54 2734 
10 185 2734.79 2736 
10 186 2735.73 2737 
10 187 2736.66 2737 
10 188 2737.59 2738 
10 189 2738.58 2739 
10 190 2739.24 2740 
10 191 2740.22 2741 
10 192 2741.1 2742 
10 193 2741.98 2743 
10 194 2742.66 2743 
10 195 2743.6 2744 
10 196 2744.29 2745 
10 197 2745.23 2746 
10 198 2745.9 2747 
10 199 2746.52 2747 
10 200 2747.47 2748 
10 201 2748.19 2749 
10 202 2748.85 2750 
10 203 2749.75 2751 
10 204 2750.32 2751 
10 205 2750.88 2752 
10 206 2751.43 2752 
10 207 2751.99 2753 
10 208 2752.75 2754 
10 209 2753.31 2754 
10 210 2753.85 2755 
10 211 2754.18 2755 
10 212 2754.74 2756 
10 213 2755.04 2756 
10 214 2755.54 2756 
10 215 2755.84 2757 
10 216 2756.41 2757 
10 217 2756.68 2758 
10 218 2757.19 2758 
10 219 2757.52 2758 
10 220 2758 2759 
10 221 2758.25 2759 
10 222 2758.31 2759 
10 223 2758.38 2759 
