Time Iteration ExecutionTime Residual Res_x Res_y Res_z
1 0 1.89 1 
1 1 2.91 0.306954 
1 2 4.06 0.156481 
1 3 5.27 0.0855437 
1 4 6.36 0.053182 
1 5 7.51 0.0361385 
1 6 8.48 0.025715 
1 7 9.47 0.0200902 
1 8 10.48 0.0169294 
1 9 11.43 0.0146219 
1 10 12.54 0.0128456 
1 11 13.61 0.0114463 
1 12 14.65 0.0102931 
1 13 15.68 0.00932219 
1 14 16.67 0.00848846 
1 15 17.73 0.00776219 
1 16 18.79 0.00712048 
1 17 19.86 0.00655324 
1 18 20.94 0.00604595 
1 19 21.96 0.0055902 
1 20 22.96 0.00518045 
1 21 24.09 0.00480549 
1 22 25.32 0.0044652 
1 23 26.62 0.00414872 
1 24 27.68 0.00385954 
1 25 28.89 0.0035947 
1 26 30.24 0.00343835 
1 27 31.23 0.00331653 
1 28 32.14 0.00319564 
1 29 33.05 0.00307633 
1 30 34.04 0.00295919 
1 31 35.14 0.00284458 
1 32 36.18 0.00273278 
1 33 37.2 0.00262407 
1 34 38.31 0.00251851 
1 35 39.36 0.00241626 
1 36 40.39 0.00231729 
1 37 41.52 0.00222166 
1 38 42.51 0.00212933 
1 39 43.61 0.00204028 
1 40 44.85 0.00195446 
1 41 46.12 0.00187182 
1 42 47.3 0.00179208 
1 43 48.61 0.00171565 
1 44 49.92 0.00164214 
1 45 50.97 0.00157151 
1 46 51.92 0.00150364 
1 47 52.86 0.00143849 
1 48 53.78 0.00137594 
1 49 54.84 0.00131593 
1 50 55.79 0.00125836 
1 51 56.73 0.00120315 
1 52 57.77 0.00115023 
1 53 58.85 0.00109949 
1 54 59.78 0.00105089 
1 55 60.71 0.00100432 
1 56 61.62 0.000959709 
1 57 62.55 0.000916992 
1 58 63.49 0.000876087 
1 59 64.4 0.000836931 
1 60 65.31 0.000799456 
1 61 66.2 0.000763588 
1 62 67.12 0.00072927 
1 63 68.03 0.000696433 
1 64 68.95 0.000665028 
1 65 69.85 0.000634987 
1 66 70.79 0.000606252 
1 67 71.69 0.000578791 
1 68 72.57 0.000552524 
1 69 73.49 0.000527418 
1 70 74.47 0.000503415 
1 71 75.42 0.000480478 
1 72 76.33 0.000458554 
1 73 77.26 0.000437605 
1 74 78.15 0.000417588 
1 75 79.04 0.000398465 
1 76 79.96 0.000380194 
1 77 80.86 0.000362742 
1 78 81.83 0.000346071 
1 79 82.72 0.000330152 
1 80 83.65 0.000314945 
1 81 84.54 0.000300419 
1 82 85.43 0.000286555 
1 83 86.35 0.00027332 
1 84 87.24 0.000260684 
1 85 88.16 0.000248621 
1 86 89.04 0.000237106 
1 87 89.97 0.000226115 
1 88 90.89 0.000215624 
1 89 91.77 0.000205611 
1 90 92.72 0.000196054 
1 91 93.71 0.000186935 
1 92 94.69 0.000178232 
1 93 95.59 0.000169928 
1 94 96.84 0.000162005 
1 95 98.12 0.000154445 
1 96 99.37 0.000147232 
1 97 100.8 0.000140352 
1 98 102.03 0.000133789 
1 99 103.35 0.000127528 
1 100 104.47 0.000121556 
1 101 105.58 0.00011586 
1 102 106.69 0.000110427 
1 103 107.99 0.000105246 
1 104 109.27 0.000100304 
1 105 110.48 9.55923e-05 
1 106 111.68 9.10993e-05 
1 107 112.82 8.6814e-05 
1 108 113.84 8.27288e-05 
1 109 114.85 7.88333e-05 
1 110 115.85 7.51192e-05 
1 111 116.77 7.15783e-05 
1 112 117.73 6.82024e-05 
1 113 118.7 6.49839e-05 
1 114 119.6 6.19162e-05 
1 115 120.54 5.89913e-05 
1 116 121.5 5.62035e-05 
1 117 122.43 5.35463e-05 
1 118 123.33 5.10132e-05 
1 119 124.22 4.85991e-05 
1 120 125.17 4.6298e-05 
1 121 126.08 4.41048e-05 
1 122 126.99 4.20148e-05 
1 123 127.89 4.0023e-05 
1 124 128.79 3.81246e-05 
1 125 129.67 3.63156e-05 
1 126 130.56 3.45918e-05 
1 127 131.48 3.29491e-05 
1 128 132.4 3.13839e-05 
1 129 133.32 2.98923e-05 
1 130 134.22 2.84712e-05 
1 131 135.15 2.7117e-05 
1 132 136.09 2.58268e-05 
1 133 137.13 2.45976e-05 
1 134 138.07 2.34265e-05 
1 135 139.05 2.23107e-05 
1 136 140.09 2.12477e-05 
1 137 141.13 2.0235e-05 
1 138 142.18 1.92702e-05 
1 139 143.23 1.83512e-05 
1 140 144.27 1.74757e-05 
1 141 145.26 1.66417e-05 
1 142 146.28 1.58473e-05 
1 143 147.34 1.50905e-05 
1 144 148.34 1.43697e-05 
1 145 149.37 1.36831e-05 
1 146 150.33 1.30291e-05 
1 147 151.3 1.24062e-05 
1 148 152.23 1.18129e-05 
1 149 153.15 1.12479e-05 
1 150 154.13 1.07097e-05 
1 151 155.05 1.01971e-05 
1 152 155.98 9.7089e-06 
1 153 156.89 9.24398e-06 
1 154 157.81 8.80123e-06 
1 155 158.71 8.37955e-06 
1 156 159.61 7.97798e-06 
1 157 160.53 7.59557e-06 
1 158 161.42 7.23138e-06 
1 159 162.31 6.88459e-06 
1 160 163.23 6.55435e-06 
1 161 164.14 6.23988e-06 
1 162 165.09 5.94042e-06 
1 163 166.23 5.65529e-06 
1 164 167.37 5.38375e-06 
1 165 168.4 5.12523e-06 
1 166 169.51 4.87904e-06 
1 167 170.56 4.64464e-06 
1 168 171.72 4.42146e-06 
1 169 172.84 4.20895e-06 
1 170 173.87 4.00662e-06 
1 171 174.9 3.81398e-06 
1 172 175.91 3.63056e-06 
1 173 176.95 3.45593e-06 
1 174 178.13 3.28967e-06 
1 175 179.26 3.13138e-06 
1 176 180.48 2.98067e-06 
1 177 181.67 2.8372e-06 
1 178 182.81 2.7006e-06 
1 179 183.97 2.57056e-06 
1 180 185.13 2.44676e-06 
1 181 186.33 2.3289e-06 
1 182 187.4 2.2167e-06 
1 183 188.55 2.10989e-06 
1 184 189.69 2.0082e-06 
1 185 190.96 1.9114e-06 
1 186 192.15 1.81926e-06 
1 187 193.36 1.73154e-06 
1 188 194.61 1.64803e-06 
1 189 195.78 1.56855e-06 
1 190 197.02 1.49288e-06 
1 191 198.2 1.42086e-06 
1 192 199.4 1.3523e-06 
1 193 200.59 1.28703e-06 
1 194 201.76 1.22491e-06 
1 195 202.87 1.16578e-06 
1 196 204.03 1.10949e-06 
1 197 205.27 1.05592e-06 
1 198 206.45 1.00492e-06 
1 199 207.65 9.5637e-07 
1 200 208.78 9.1019e-07 
1 201 209.88 8.66211e-07 
1 202 210.96 8.24355e-07 
1 203 211.98 7.84518e-07 
1 204 213.03 7.46598e-07 
1 205 214.07 7.10512e-07 
1 206 215.24 6.76162e-07 
1 207 216.33 6.43469e-07 
1 208 217.35 6.12355e-07 
1 209 218.43 5.82742e-07 
1 210 219.42 5.54548e-07 
1 211 220.47 5.27728e-07 
1 212 221.48 5.02211e-07 
1 213 222.45 4.77924e-07 
1 214 223.4 4.54829e-07 
1 215 224.45 4.32916e-07 
1 216 225.53 4.12091e-07 
1 217 226.61 3.92268e-07 
1 218 227.69 3.73288e-07 
1 219 228.49 3.7452e-07 
1 220 229.52 3.27673e-07 
1 221 230.3 3.37274e-07 
1 222 231.23 2.93799e-07 
1 223 231.98 3.04483e-07 
1 224 232.89 2.64951e-07 
1 225 233.63 2.75231e-07 
1 226 234.34 2.62631e-07 
1 227 235.26 2.22118e-07 
1 228 235.94 2.35235e-07 
1 229 236.62 2.25065e-07 
1 230 237.5 1.90182e-07 
1 231 238.18 2.0188e-07 
1 232 238.91 1.93358e-07 
1 233 239.65 1.83032e-07 
1 234 240.4 1.72879e-07 
1 235 241.27 1.44583e-07 
1 236 241.98 1.55347e-07 
1 237 242.46 1.56938e-07 
1 238 243.12 1.36923e-07 
1 239 243.58 1.39989e-07 
1 240 244.25 1.21449e-07 
1 241 244.75 1.25258e-07 
1 242 245.39 1.08493e-07 
1 243 245.88 1.12627e-07 
1 244 246.35 1.07041e-07 
1 245 246.97 9.02542e-08 
1 246 247.41 9.61426e-08 
1 247 247.85 9.16397e-08 
1 248 248.47 7.69924e-08 
1 249 248.9 8.26591e-08 
1 250 249.32 7.85625e-08 
1 251 249.75 7.40815e-08 
1 252 250.32 6.24048e-08 
1 253 250.69 6.72444e-08 
1 254 251.11 6.42646e-08 
1 255 251.49 6.06014e-08 
1 256 251.81 5.13545e-08 
1 257 252.06 3.80065e-08 
1 258 252.45 5.54287e-08 
1 259 252.69 3.16769e-08 
1 260 253.07 5.26642e-08 
1 261 253.3 2.82141e-08 
1 262 253.65 4.86543e-08 
1 263 253.88 2.49876e-08 
1 264 254.21 4.58066e-08 
1 265 254.46 2.23697e-08 
1 266 254.7 3.53336e-08 
1 267 254.93 1.99768e-08 
1 268 254.98 0 
