Time iteration ExecutionTime CPUTime
1 0 1.17 1 
1 1 1.27 0.0429885 
1 2 1.34 0.0154142 
1 3 1.42 0.00797775 
1 4 1.49 0.00591831 
1 5 1.56 0.00481226 
1 6 1.64 0.00423084 
1 7 1.99 1.4982 
1 8 2.08 0.00770875 
1 9 2.15 0.00449207 
1 10 2.24 0.00372997 
1 11 2.31 0.00297612 
1 12 2.38 0.00244595 
1 13 2.45 0.00275607 
1 14 2.53 0.00226639 
1 15 2.7 0.0895976 
1 16 2.77 0.00144215 
1 17 3.17 0.992682 
1 18 3.27 0.013033 
1 19 3.38 0.00222346 
1 20 3.47 0.00199514 
1 21 3.54 0.00179874 
1 22 3.61 0.00162739 
1 23 3.69 0.0014763 
1 24 3.82 0.031602 
1 25 3.89 0.00123687 
1 26 3.97 0.00112354 
1 27 4.06 0.0010225 
1 28 4.45 0.664771 
1 29 4.63 0.124558 
1 30 4.7 0.00144548 
1 31 4.77 0.00129716 
1 32 4.85 0.00117077 
1 33 4.91 0.00106122 
1 34 4.98 0.000964918 
1 35 5.06 0.000879412 
1 36 5.23 0.0866099 
1 37 5.57 0.369716 
1 38 5.77 0.0647278 
1 39 5.84 0.000818973 
1 40 5.92 0.000721987 
1 41 5.99 0.00065216 
1 42 6.05 0.000592113 
1 43 6.25 0.0718242 
1 44 6.37 0.0208551 
1 45 6.44 0.000466724 
1 46 6.51 0.000424102 
1 47 6.58 0.000420294 
1 48 7.13 0.181008 
1 49 7.35 0.0329316 
1 50 7.41 0.000431892 
1 51 7.61 0.0397098 
1 52 7.72 0.00949485 
1 53 7.8 0.000356919 
1 54 7.87 0.000358866 
1 55 8.09 0.0555104 
1 56 8.44 0.037679 
1 57 8.51 0.000326569 
1 58 8.87 0.0862384 
1 59 9.12 0.0157821 
1 60 9.23 0.00399926 
1 61 9.42 0.026136 
1 62 9.8 0.0265338 
1 63 9.86 0.000288632 
1 64 9.93 0.000288922 
1 65 10.18 0.0310549 
1 66 10.52 0.0160068 
1 67 10.96 0.0275471 
1 68 11.24 0.0104818 
1 69 11.7 0.0397852 
1 70 12.12 0.0201823 
1 71 12.51 0.0158854 
1 72 12.78 0.00815058 
1 73 13.17 0.0151619 
1 74 13.46 0.00735035 
1 75 13.89 0.0145967 
1 76 14.31 0.013718 
1 77 14.61 0.00680396 
1 78 15.18 0.0222683 
1 79 15.74 0.0109151 
1 80 16.14 0.00896755 
1 81 16.62 0.00809287 
1 82 17.23 0.00890166 
1 83 17.71 0.00791057 
1 84 18.18 0.00698645 
1 85 18.66 0.00629168 
1 86 19.22 0.00754773 
1 87 19.69 0.00615348 
1 88 20.28 0.00588287 
1 89 20.97 0.0062085 
1 90 21.51 0.00488921 
1 91 22.17 0.00517104 
1 92 22.72 0.00408901 
1 93 23.27 0.00383433 
1 94 24.04 0.00433152 
1 95 24.56 0.00333686 
1 96 25.09 0.00316647 
1 97 25.8 0.00369862 
1 98 26.26 0.00278678 
1 99 26.8 0.00262383 
1 100 27.51 0.00301233 
1 101 27.96 0.00242132 
1 102 28.45 0.0022479 
1 103 29.11 0.00252589 
1 104 29.61 0.00212781 
1 105 30.37 0.00217611 
1 106 31 0.00279952 
1 107 31.64 0.00206604 
1 108 32.12 0.00191635 
1 109 32.64 0.00179128 
1 110 33.36 0.00163287 
1 111 33.84 0.00163855 
1 112 34.33 0.00153204 
1 113 35.31 0.00179965 
1 114 35.81 0.00135668 
1 115 36.56 0.00117406 
1 116 37.05 0.00133887 
1 117 37.7 0.00137514 
1 118 38.4 0.00105798 
1 119 38.9 0.00119256 
1 120 39.45 0.00112177 
1 121 40.13 0.000868388 
1 122 40.96 0.00102203 
1 123 41.77 0.000780929 
1 124 42.37 0.000959513 
1 125 43.22 0.000724525 
1 126 43.93 0.000776328 
1 127 44.73 0.000673933 
1 128 45.29 0.000785408 
1 129 46.07 0.000638787 
1 130 46.77 0.000614208 
1 131 47.48 0.000572136 
1 132 48.03 0.000666648 
1 133 48.81 0.000530763 
1 134 49.56 0.000485059 
1 135 50.34 0.000486803 
1 136 50.9 0.000554693 
1 137 51.74 0.000446734 
1 138 52.49 0.000406929 
1 139 53.27 0.000410081 
1 140 53.89 0.0004628 
1 141 54.7 0.000375863 
1 142 55.43 0.000342645 
1 143 56.19 0.000342848 
1 144 56.78 0.000384291 
1 145 57.57 0.000310491 
1 146 58.35 0.000288811 
1 147 59.16 0.000285264 
1 148 59.76 0.000318087 
1 149 60.64 0.000259802 
1 150 61.38 0.000242199 
1 151 62.12 0.0002374 
1 152 62.7 0.000264126 
1 153 63.59 0.000216404 
1 154 64.39 0.000202512 
1 155 65.16 0.000198022 
1 156 65.77 0.000219126 
1 157 66.86 0.000146908 
1 158 67.68 0.000181563 
1 159 68.27 0.000191612 
1 160 69.33 0.000131699 
1 161 70.17 0.000158807 
1 162 70.96 0.00014784 
1 163 71.84 0.000140629 
1 164 72.72 0.000140159 
1 165 73.54 0.000124973 
1 166 74.42 0.000122628 
1 167 75.29 0.000122279 
1 168 76.19 0.000108799 
1 169 77.16 0.00010679 
1 170 78.25 9.16781e-05 
1 171 79.21 0.000102241 
1 172 80.12 9.84673e-05 
1 173 80.95 8.69288e-05 
1 174 81.83 8.52831e-05 
1 175 82.95 7.33759e-05 
1 176 83.84 8.08931e-05 
1 177 84.99 6.81425e-05 
1 178 85.87 7.41063e-05 
1 179 87.03 6.25858e-05 
1 180 87.88 6.7578e-05 
1 181 89.03 5.71044e-05 
1 182 89.9 6.14988e-05 
1 183 91.03 5.19643e-05 
1 184 91.96 5.59432e-05 
1 185 93.16 4.7305e-05 
1 186 94.07 5.08537e-05 
1 187 95.26 4.30125e-05 
1 188 96.2 4.62415e-05 
1 189 97.34 3.91535e-05 
1 190 98.29 4.20207e-05 
1 191 99.48 3.5584e-05 
1 192 100.49 3.81728e-05 
1 193 101.65 3.23889e-05 
1 194 102.61 3.46693e-05 
1 195 103.8 2.94068e-05 
1 196 104.72 3.14818e-05 
1 197 105.85 2.6721e-05 
1 198 106.82 2.85912e-05 
1 199 108.05 2.42746e-05 
1 200 108.98 2.59639e-05 
1 201 110.24 2.20528e-05 
1 202 111.46 2.17441e-05 
1 203 112.41 2.25877e-05 
1 204 113.64 1.92716e-05 
1 205 114.86 1.89031e-05 
1 206 116.05 1.82106e-05 
1 207 117.22 1.74363e-05 
1 208 118.38 1.66677e-05 
1 209 119.58 1.5913e-05 
1 210 121.02 1.51714e-05 
1 211 122.23 1.44686e-05 
1 212 123.32 1.37859e-05 
1 213 124.42 1.31478e-05 
1 214 125.56 1.25207e-05 
1 215 126.68 1.19381e-05 
1 216 127.9 1.13612e-05 
1 217 129.2 1.08257e-05 
1 218 130.42 1.031e-05 
1 219 131.51 9.82346e-06 
1 220 132.65 9.35524e-06 
1 221 133.87 8.91288e-06 
1 222 135.14 8.49709e-06 
1 223 136.31 8.09575e-06 
1 224 137.21 8.1956e-06 
1 225 138.42 7.09117e-06 
1 226 139.54 7.38532e-06 
1 227 141.28 6.36167e-06 
1 228 142.2 6.67458e-06 
1 229 143.34 5.74462e-06 
1 230 144.22 6.04044e-06 
1 231 145.15 5.76834e-06 
1 232 146.27 4.82508e-06 
1 233 147.15 5.16761e-06 
1 234 148 4.94919e-06 
1 235 149.11 4.12632e-06 
1 236 149.95 4.44385e-06 
1 237 150.82 4.26339e-06 
1 238 151.68 4.03521e-06 
1 239 152.28 4.01271e-06 
1 240 153.1 3.4724e-06 
1 241 153.85 3.16097e-06 
1 242 154.67 3.10211e-06 
1 243 155.23 3.29697e-06 
1 244 156.01 2.82311e-06 
1 245 156.59 2.94672e-06 
1 246 157.14 2.78858e-06 
1 247 157.95 2.32647e-06 
1 248 158.56 2.49474e-06 
1 249 159.15 2.37677e-06 
1 250 159.93 1.97393e-06 
1 251 160.53 2.13628e-06 
1 252 161.06 2.03416e-06 
1 253 161.64 1.91566e-06 
1 254 162.44 1.56841e-06 
1 255 162.95 1.73897e-06 
1 256 163.47 1.65832e-06 
1 257 163.98 1.56437e-06 
1 258 164.52 1.4791e-06 
1 259 165.03 1.39965e-06 
1 260 165.41 9.58648e-07 
1 261 165.97 1.31992e-06 
1 262 166.28 7.79632e-07 
1 263 166.78 1.27192e-06 
1 264 167.07 6.74333e-07 
1 265 167.49 1.2046e-06 
1 266 167.77 6.00495e-07 
1 267 168.2 1.13193e-06 
1 268 168.47 5.46729e-07 
1 269 168.63 8.05384e-07 
1 270 168.9 5.65867e-07 
1 271 168.97 7.21697e-08 
1 272 169.04 0 
