Time Iteration ExecutionTime Residual Res_x Res_y Res_z
1 0 2.22 1 
1 1 3.3 0.306954 
1 2 4.33 0.156481 
1 3 5.43 0.0855437 
1 4 6.45 0.053182 
1 5 7.47 0.0361385 
1 6 8.42 0.025715 
1 7 9.38 0.0200902 
1 8 10.31 0.0169294 
1 9 11.26 0.0146219 
1 10 12.19 0.0128456 
1 11 13.14 0.0114463 
1 12 14.08 0.0102931 
1 13 14.99 0.00932219 
1 14 15.92 0.00848846 
1 15 16.82 0.00776219 
1 16 17.75 0.00712048 
1 17 18.66 0.00655324 
1 18 19.61 0.00604595 
1 19 20.52 0.0055902 
1 20 26.28 0.00627919 
1 21 26.4 0.0020315 
1 22 26.52 0.000833488 
1 23 26.68 0.000663432 
1 24 26.79 0.000367102 
1 25 26.89 0.000366573 
1 26 27 0.000310644 
1 27 27.11 0.000364151 
1 28 27.22 0.000285866 
1 29 27.33 0.000312183 
1 30 27.44 0.000263583 
1 31 27.53 0.000109624 
1 32 27.68 0.000508162 
1 33 27.83 0.00029586 
1 34 27.94 6.46208e-05 
1 35 28.03 7.29354e-05 
1 36 28.2 0.000460173 
1 37 28.35 0.000247608 
1 38 28.43 4.50927e-05 
1 39 28.53 6.31877e-05 
1 40 28.63 6.78789e-05 
1 41 28.74 6.0897e-05 
1 42 28.92 0.000329 
1 43 29.07 0.000146525 
1 44 29.15 3.13786e-05 
1 45 29.26 4.10258e-05 
1 46 29.43 0.000240049 
1 47 29.53 4.08627e-05 
1 48 29.64 2.94428e-05 
1 49 29.92 0.000185836 
1 50 30.05 1.70662e-05 
1 51 30.16 9.28778e-06 
1 52 30.42 0.00018911 
1 53 30.56 3.56323e-05 
1 54 30.75 0.000140295 
1 55 31.01 0.000167828 
1 56 31.23 0.000134632 
1 57 31.34 2.8259e-05 
1 58 31.43 9.64799e-06 
1 59 31.55 2.42792e-05 
1 60 31.76 9.8785e-05 
1 61 31.89 2.65424e-05 
1 62 32.02 2.31703e-05 
1 63 32.1 3.54783e-06 
1 64 32.19 6.48271e-06 
1 65 32.41 7.99586e-05 
1 66 32.68 8.69558e-05 
1 67 33.07 9.64055e-05 
1 68 33.2 1.62179e-05 
1 69 33.33 1.98566e-05 
1 70 33.45 1.47502e-05 
1 71 33.62 3.10553e-05 
1 72 33.89 5.07732e-05 
1 73 34.13 3.40155e-05 
1 74 34.25 9.5459e-06 
1 75 34.45 2.61472e-05 
1 76 34.6 1.00445e-05 
1 77 34.76 8.57207e-06 
1 78 34.84 2.31507e-06 
1 79 35.03 2.34488e-05 
1 80 35.16 9.23212e-06 
1 81 35.41 1.9499e-05 
1 82 35.65 2.06412e-05 
1 83 35.9 1.88964e-05 
1 84 36.07 7.58329e-06 
1 85 36.18 5.5525e-06 
1 86 36.42 1.52031e-05 
1 87 36.56 5.82113e-06 
1 88 36.75 1.01178e-05 
1 89 37 1.20956e-05 
1 90 37.23 1.06578e-05 
1 91 37.41 5.27502e-06 
1 92 37.63 8.25142e-06 
1 93 37.89 7.21804e-06 
1 94 38.09 7.35441e-06 
1 95 38.21 3.60517e-06 
1 96 38.33 3.42459e-06 
1 97 38.48 3.68531e-06 
1 98 38.79 6.54263e-06 
1 99 39.06 5.51288e-06 
1 100 39.31 5.38465e-06 
1 101 39.56 4.29222e-06 
1 102 39.81 4.38057e-06 
1 103 40.03 3.17085e-06 
1 104 40.26 3.94534e-06 
1 105 40.56 3.7323e-06 
1 106 40.8 2.45956e-06 
1 107 41.06 3.14059e-06 
1 108 41.29 2.40203e-06 
1 109 41.56 2.76095e-06 
1 110 41.84 2.58312e-06 
1 111 42.11 2.39067e-06 
1 112 42.36 1.81613e-06 
1 113 42.64 2.11093e-06 
1 114 42.94 1.96435e-06 
1 115 43.22 1.83325e-06 
1 116 43.48 1.69892e-06 
1 117 43.76 1.59393e-06 
1 118 44.04 1.49761e-06 
1 119 44.32 1.40476e-06 
1 120 44.61 1.31722e-06 
1 121 44.89 1.23408e-06 
1 122 45.2 1.15713e-06 
1 123 45.49 1.08513e-06 
1 124 45.78 1.01634e-06 
1 125 46.08 9.51415e-07 
1 126 46.37 8.90976e-07 
1 127 46.67 8.31717e-07 
1 128 46.99 7.74661e-07 
1 129 47.32 7.2079e-07 
1 130 47.65 6.74478e-07 
1 131 48 6.3204e-07 
1 132 48.33 5.93378e-07 
1 133 48.81 4.62799e-07 
1 134 49.15 5.21631e-07 
1 135 49.62 4.62633e-07 
1 136 49.97 4.84946e-07 
1 137 50.45 3.77342e-07 
1 138 50.8 4.50339e-07 
1 139 51.14 4.42238e-07 
1 140 51.7 3.24672e-07 
1 141 52.23 3.05746e-07 
1 142 52.57 3.82913e-07 
1 143 52.96 3.67342e-07 
1 144 53.49 2.69408e-07 
1 145 54.03 2.63296e-07 
1 146 54.41 3.18862e-07 
1 147 54.9 2.90487e-07 
1 148 55.39 2.70775e-07 
1 149 55.9 2.54481e-07 
1 150 56.47 1.99063e-07 
1 151 57.01 1.97728e-07 
1 152 57.44 2.31243e-07 
1 153 57.88 2.2182e-07 
1 154 58.45 1.74091e-07 
1 155 59.02 1.69135e-07 
1 156 59.48 1.94022e-07 
1 157 59.98 1.85395e-07 
1 158 60.55 1.46727e-07 
1 159 61.11 1.42123e-07 
1 160 61.55 1.61224e-07 
1 161 62.16 1.33094e-07 
1 162 62.83 1.26811e-07 
1 163 63.42 1.41019e-07 
1 164 64.37 1.16958e-07 
1 165 65.12 1.11031e-07 
1 166 65.71 1.22585e-07 
1 167 66.49 1.01858e-07 
1 168 67.17 9.67334e-08 
1 169 67.71 1.06527e-07 
1 170 68.48 8.89781e-08 
1 171 69.04 9.5977e-08 
1 172 69.68 9.11328e-08 
1 173 70.49 7.52446e-08 
1 174 71.04 8.12589e-08 
1 175 71.6 7.77421e-08 
1 176 72.24 6.34551e-08 
1 177 72.74 6.96774e-08 
1 178 73.18 6.75285e-08 
1 179 73.79 5.48302e-08 
1 180 74.23 6.11756e-08 
1 181 74.73 5.81718e-08 
1 182 75.21 5.47775e-08 
1 183 75.93 4.49416e-08 
1 184 76.42 4.9931e-08 
1 185 76.93 4.78801e-08 
1 186 77.34 4.50831e-08 
1 187 77.81 4.25847e-08 
1 188 78.23 4.01387e-08 
1 189 78.59 3.35952e-08 
1 190 78.94 2.86115e-08 
1 191 79.45 3.66279e-08 
1 192 79.85 2.43167e-08 
1 193 80.37 3.41282e-08 
1 194 80.69 2.17982e-08 
1 195 80.99 1.74448e-08 
1 196 81.28 3.07286e-08 
1 197 81.5 1.72061e-08 
1 198 81.75 1.79086e-08 
1 199 81.87 7.37163e-09 
1 200 81.94 6.25742e-09 
1 201 82.01 4.67179e-09 
1 202 82.08 5.57199e-09 
1 203 82.15 4.61149e-09 
1 204 82.23 2.48717e-09 
1 205 82.28 1.44569e-09 
1 206 82.35 1.25422e-09 
1 207 82.41 2.34339e-09 
1 208 82.51 7.33793e-10 
1 209 82.57 7.35853e-10 
1 210 82.66 3.09802e-09 
1 211 82.77 0 
