Time Iteration ExecutionTime Residual Res_x Res_y Res_z
1 0 12.1 1 
1 1 27.94 0.306793 
1 2 44.16 0.15655 
1 3 60.13 0.0856512 
1 4 78.86 0.053169 
1 5 96.22 0.0361954 
1 6 114.93 0.0258399 
1 7 129.75 0.0199597 
1 8 145.27 0.016937 
1 9 161.34 0.0146344 
1 10 176.57 0.0128645 
1 11 190.06 0.0114562 
1 12 204.64 0.010301 
1 13 218.43 0.00932793 
1 14 231.11 0.00849463 
1 15 243.56 0.00777455 
1 16 256.55 0.00713148 
1 17 268.93 0.00656023 
1 18 282.03 0.00605083 
1 19 295.41 0.00559421 
1 20 309.04 0.0209689 
1 21 310.66 0.00425133 
1 22 312.29 0.00238501 
1 23 313.95 0.00196294 
1 24 315.58 0.00168415 
1 25 317.19 0.00144031 
1 26 318.7 0.00126458 
1 27 320.28 0.00111435 
1 28 321.69 0.000970113 
1 29 322.76 0.000622514 
1 30 324.12 0.000863963 
1 31 325.41 0.000767842 
1 32 326.53 0.000404015 
1 33 327.87 0.000657583 
1 34 329.07 0.000308628 
1 35 330.25 0.000585404 
1 36 331.41 0.000219158 
1 37 332.64 0.000523753 
1 38 333.98 0.000191748 
1 39 335.17 0.000465695 
1 40 336.67 0.000242606 
1 41 337.84 0.000424046 
1 42 342.01 0.000663525 
1 43 342.87 9.60552e-05 
1 44 343.58 6.73083e-05 
1 45 347.51 0.000909081 
1 46 349.11 0.000227981 
1 47 349.65 4.15112e-05 
1 48 351.74 0.000229183 
1 49 352.68 6.55722e-05 
1 50 353.73 0.00021376 
1 51 356.12 0.000230644 
1 52 356.78 3.13842e-05 
1 53 358.32 0.000238064 
1 54 361.01 0.00020217 
1 55 364.19 0.000198666 
1 56 366.18 0.00012108 
1 57 369.05 0.000213863 
1 58 371.06 0.000121863 
1 59 373.55 9.63765e-05 
1 60 374.8 3.71154e-05 
1 61 376.19 0.000101898 
1 62 378.69 9.29469e-05 
1 63 380.34 8.7546e-05 
1 64 382.86 8.48915e-05 
1 65 386.84 0.000118189 
1 66 389.2 5.75808e-05 
1 67 391.23 7.3251e-05 
1 68 393.64 5.62992e-05 
1 69 397.5 9.48284e-05 
1 70 399.53 4.0837e-05 
1 71 401.72 8.06514e-05 
1 72 403.84 4.14098e-05 
1 73 407.45 6.19521e-05 
1 74 411.03 5.66983e-05 
1 75 413.3 2.93397e-05 
1 76 415.89 6.07371e-05 
1 77 418.86 3.06683e-05 
1 78 421.79 2.4437e-05 
1 79 424.88 5.69854e-05 
1 80 429.09 2.60522e-05 
1 81 440.79 5.18948e-05 
1 82 455.83 4.47273e-05 
1 83 470.84 4.03321e-05 
1 84 486.11 3.39241e-05 
1 85 500.25 3.28729e-05 
1 86 514.06 3.1754e-05 
1 87 533.85 2.68429e-05 
1 88 554.3 2.92775e-05 
1 89 568.22 2.83205e-05 
1 90 572.98 2.64122e-05 
1 91 578.74 2.27298e-05 
1 92 585.43 2.01293e-05 
1 93 590 2.15457e-05 
1 94 595.08 2.07647e-05 
1 95 601.92 1.68021e-05 
1 96 608.41 2.07697e-05 
1 97 615.23 1.52386e-05 
1 98 619.94 1.83406e-05 
1 99 624.76 1.75896e-05 
1 100 630.45 1.60698e-05 
1 101 639.4 1.24171e-05 
1 102 647.23 1.48305e-05 
1 103 655.62 1.37824e-05 
1 104 664.1 1.06925e-05 
1 105 670.41 1.34455e-05 
1 106 676.66 1.27062e-05 
1 107 685.35 1.0022e-05 
1 108 695.5 9.7811e-06 
1 109 706.48 9.22749e-06 
1 110 713.47 1.08211e-05 
1 111 723.89 9.53083e-06 
1 112 736.03 7.76276e-06 
1 113 745.89 7.21923e-06 
1 114 755.06 7.46203e-06 
1 115 762.08 8.50777e-06 
1 116 769.44 7.91075e-06 
1 117 779.73 6.3208e-06 
1 118 790.67 5.9508e-06 
1 119 800.83 5.98806e-06 
1 120 807.72 6.75362e-06 
1 121 815.25 6.33242e-06 
1 122 825.42 5.04699e-06 
1 123 834.53 4.81892e-06 
1 124 845.05 4.79253e-06 
1 125 851.91 5.34982e-06 
1 126 859.37 5.04737e-06 
1 127 868.72 4.04066e-06 
1 128 877.99 3.8673e-06 
1 129 890.01 3.81962e-06 
1 130 902.4 4.23842e-06 
1 131 912.84 3.99998e-06 
1 132 926.57 2.57143e-06 
1 133 935.06 3.66336e-06 
1 134 947.41 3.06028e-06 
1 135 961.73 2.90165e-06 
1 136 975.68 2.81468e-06 
1 137 984.71 3.08158e-06 
1 138 997.64 2.5761e-06 
1 139 1012.76 2.3657e-06 
1 140 1028.25 2.3497e-06 
1 141 1039.25 2.55946e-06 
1 142 1054.85 1.81676e-06 
1 143 1065.92 2.32557e-06 
1 144 1080.05 1.96546e-06 
1 145 1094.47 1.82518e-06 
1 146 1108.29 1.79046e-06 
1 147 1119 1.9348e-06 
1 148 1132.97 1.37564e-06 
1 149 1148.71 1.61983e-06 
1 150 1159.8 1.68174e-06 
1 151 1176.52 1.20992e-06 
1 152 1190.31 1.41035e-06 
1 153 1200.36 1.29856e-06 
1 154 1211.84 1.25356e-06 
1 155 1219.83 1.33085e-06 
1 156 1230.94 9.66886e-07 
1 157 1239.1 1.11479e-06 
1 158 1247.37 1.02715e-06 
1 159 1256.48 9.90487e-07 
1 160 1265.76 9.42234e-07 
1 161 1281.88 8.99434e-07 
1 162 1298.14 8.58887e-07 
1 163 1310.98 8.17872e-07 
1 164 1324.2 7.81613e-07 
1 165 1338.81 7.43173e-07 
1 166 1358.38 6.53011e-07 
1 167 1373.99 7.04724e-07 
1 168 1385.73 6.48691e-07 
1 169 1397.14 6.2099e-07 
1 170 1416.8 5.44281e-07 
1 171 1430.69 5.8333e-07 
1 172 1443.47 5.36127e-07 
1 173 1456.97 5.13575e-07 
1 174 1470.83 4.49752e-07 
1 175 1481.48 4.81472e-07 
1 176 1498.68 4.12839e-07 
1 177 1512.44 4.38845e-07 
1 178 1525.74 3.76491e-07 
1 179 1538 3.99087e-07 
1 180 1556.75 3.42432e-07 
1 181 1572.8 3.6263e-07 
1 182 1590.24 3.11566e-07 
1 183 1605.61 3.2929e-07 
1 184 1616.84 3.1497e-07 
1 185 1631.16 2.6286e-07 
1 186 1641.79 2.82465e-07 
1 187 1652.44 2.70881e-07 
1 188 1663.45 2.56329e-07 
1 189 1677.94 2.10538e-07 
1 190 1689.67 2.3019e-07 
1 191 1703.48 2.21705e-07 
1 192 1712.82 2.21303e-07 
1 193 1724.17 1.91877e-07 
1 194 1731.1 1.97324e-07 
1 195 1741.22 1.6967e-07 
1 196 1750.72 1.76902e-07 
1 197 1766.02 1.51446e-07 
1 198 1775.96 1.59191e-07 
1 199 1789.98 1.36067e-07 
1 200 1797.91 1.43689e-07 
1 201 1804.86 1.36764e-07 
1 202 1814.46 1.14231e-07 
1 203 1821.14 1.23176e-07 
1 204 1828.24 1.17836e-07 
1 205 1838.93 9.82323e-08 
1 206 1845.69 1.06683e-07 
1 207 1851.71 1.01389e-07 
1 208 1858.13 9.56686e-08 
1 209 1865.61 9.04792e-08 
1 210 1874.12 7.52621e-08 
1 211 1880.25 8.25653e-08 
1 212 1886.83 7.91008e-08 
1 213 1894.13 7.45402e-08 
1 214 1899.12 5.7897e-08 
1 215 1903.83 4.44846e-08 
1 216 1909.41 6.99563e-08 
1 217 1914.49 6.39183e-08 
1 218 1917.97 3.90102e-08 
1 219 1920.91 2.95519e-08 
1 220 1925.53 6.37787e-08 
1 221 1928.36 2.91944e-08 
1 222 1932.13 5.67893e-08 
1 223 1935.77 2.90669e-08 
1 224 1936.46 2.59461e-09 
1 225 1937.11 2.42046e-09 
1 226 1937.7 0 
