/*--------------------------------*- C++ -*----------------------------------*\
| =========                 |                                                 |
| \\      /  F ield         | foam-extend: Open Source CFD                    |
|  \\    /   O peration     | Version:     4.1                                |
|   \\  /    A nd           | Web:         http://www.foam-extend.org         |
|    \\/     M anipulation  |                                                 |
\*---------------------------------------------------------------------------*/
FoamFile
{
    version     2.0;
    format      ascii;
    class       volSymmTensorField;
    location    "8";
    object      epsilon;
}
// * * * * * * * * * * * * * * * * * * * * * * * * * * * * * * * * * * * * * //

dimensions      [0 0 0 0 0 0 0];

internalField   nonuniform List<symmTensor> 
1000
(
(2.60843e-06 -2.8176e-06 -1.39709e-21 1.41413e-08 -2.65258e-21 -5.50457e-36)
(4.07374e-06 -2.18753e-06 7.89859e-21 -1.56322e-06 1.70881e-21 0)
(4.77094e-06 -1.73631e-06 -8.58598e-21 -2.2898e-06 -6.12467e-21 0)
(5.18048e-06 -1.41803e-06 -3.29179e-21 -2.75244e-06 -7.57328e-22 0)
(5.37977e-06 -1.17584e-06 -5.52532e-22 -2.97833e-06 1.47437e-22 0)
(5.46421e-06 -9.93974e-07 3.46596e-21 -3.09304e-06 2.21004e-21 0)
(5.47877e-06 -8.49472e-07 -6.20436e-21 -3.12695e-06 -3.4857e-21 0)
(5.44766e-06 -7.37182e-07 1.35967e-21 -3.11596e-06 8.15753e-22 0)
(5.40144e-06 -6.42442e-07 -2.48379e-21 -3.07926e-06 -1.46046e-21 0)
(5.32038e-06 -5.6125e-07 -3.06605e-21 -3.02606e-06 -1.93069e-21 0)
(3.57252e-06 -3.38596e-06 3.92193e-21 -2.02399e-07 -2.29678e-21 1.51573e-36)
(4.76099e-06 -2.32897e-06 -7.93136e-21 -1.64607e-06 -2.09938e-21 0)
(5.28533e-06 -1.64484e-06 -7.3333e-21 -2.28754e-06 -1.96587e-21 0)
(5.57088e-06 -1.19347e-06 -5.71471e-21 -2.70803e-06 -3.93545e-21 0)
(5.68423e-06 -8.78216e-07 -1.25004e-21 -2.90774e-06 -1.11426e-21 0)
(5.70555e-06 -6.60007e-07 4.97035e-21 -3.01206e-06 2.92225e-21 0)
(5.67271e-06 -5.00362e-07 -5.81448e-21 -3.04078e-06 -3.97305e-21 0)
(5.60736e-06 -3.87758e-07 2.35812e-21 -3.03302e-06 1.99536e-21 0)
(5.52557e-06 -2.99316e-07 -4.39199e-21 -2.99202e-06 -3.40598e-21 0)
(5.43135e-06 -2.36223e-07 -1.62408e-21 -2.95588e-06 -1.81611e-21 0)
(4.69299e-06 -3.80025e-06 4.84322e-21 -6.03426e-07 2.95632e-22 -9.28648e-37)
(5.48223e-06 -2.39151e-06 -6.19454e-21 -1.78555e-06 -2.70237e-21 0)
(5.7669e-06 -1.51852e-06 5.67942e-21 -2.27163e-06 2.55928e-21 0)
(5.89062e-06 -9.60943e-07 -5.1263e-21 -2.6089e-06 -2.46309e-21 0)
(5.89729e-06 -5.89361e-07 -1.25215e-21 -2.75911e-06 -9.46957e-22 0)
(5.84467e-06 -3.44886e-07 -4.78129e-21 -2.84009e-06 -2.79701e-21 0)
(5.7601e-06 -1.76394e-07 8.80701e-27 -2.85703e-06 -2.38167e-26 0)
(5.6577e-06 -6.5561e-08 -1.64573e-23 -2.84867e-06 2.18362e-23 0)
(5.5468e-06 1.45163e-08 -3.38378e-22 -2.80734e-06 -1.6053e-21 0)
(5.4319e-06 7.2775e-08 5.25247e-22 -2.78115e-06 -3.98231e-22 0)
(5.91378e-06 -4.01126e-06 1.67369e-20 -1.1504e-06 -3.33404e-21 3.59759e-35)
(6.21093e-06 -2.36157e-06 3.55739e-21 -1.96951e-06 2.65213e-21 0)
(6.20595e-06 -1.36327e-06 2.67194e-21 -2.24509e-06 2.47584e-21 0)
(6.14056e-06 -7.37432e-07 1.55142e-21 -2.46698e-06 1.08034e-21 0)
(6.02621e-06 -3.3222e-07 1.12083e-20 -2.55006e-06 6.70902e-21 0)
(5.89353e-06 -7.4079e-08 -8.43296e-23 -2.59836e-06 -1.93763e-22 0)
(5.75529e-06 9.62131e-08 -4.0147e-23 -2.59975e-06 1.89011e-22 0)
(5.61765e-06 2.03028e-07 -1.06254e-22 -2.58931e-06 1.88358e-22 0)
(5.48103e-06 2.73626e-07 2.44083e-21 -2.55064e-06 1.21137e-21 0)
(5.35204e-06 3.25294e-07 -2.29495e-22 -2.53341e-06 -4.9024e-22 0)
(7.16553e-06 -3.98546e-06 -1.26323e-20 -1.79036e-06 3.2403e-22 -3.81596e-43)
(6.91676e-06 -2.23115e-06 5.73362e-21 -2.18077e-06 2.33503e-21 0)
(6.59425e-06 -1.18497e-06 4.7137e-21 -2.2107e-06 2.29928e-21 0)
(6.32568e-06 -5.3682e-07 4.90521e-21 -2.29633e-06 2.53637e-21 0)
(6.08397e-06 -1.25074e-07 -2.94717e-21 -2.30094e-06 -1.5625e-21 0)
(5.86952e-06 1.31535e-07 4.21083e-21 -2.31044e-06 1.90054e-21 0)
(5.67896e-06 2.95391e-07 1.33102e-21 -2.29409e-06 8.03611e-22 0)
(5.50844e-06 3.94676e-07 -2.5968e-21 -2.28071e-06 -9.57298e-22 0)
(5.35133e-06 4.54715e-07 6.00096e-21 -2.24744e-06 2.32176e-21 0)
(5.21114e-06 4.99267e-07 5.59537e-22 -2.2388e-06 -6.81272e-23 0)
(8.37136e-06 -3.70857e-06 -1.83258e-22 -2.4614e-06 -1.43712e-24 8.2436e-39)
(7.56814e-06 -1.99889e-06 -1.49596e-21 -2.39992e-06 -4.53072e-22 0)
(6.92562e-06 -9.89047e-07 7.39931e-21 -2.17275e-06 3.19546e-21 0)
(6.45504e-06 -3.68276e-07 1.93943e-21 -2.11487e-06 5.78625e-22 0)
(6.08841e-06 2.09998e-08 -2.75409e-21 -2.03739e-06 -1.08536e-21 0)
(5.79551e-06 2.59976e-07 -6.99385e-21 -2.00594e-06 -3.4159e-21 0)
(5.55625e-06 4.08874e-07 5.76123e-23 -1.97129e-06 -9.59259e-22 0)
(5.35639e-06 4.96836e-07 -3.70823e-22 -1.95444e-06 1.20501e-21 0)
(5.18285e-06 5.45609e-07 1.90733e-21 -1.92785e-06 1.4646e-21 0)
(5.03428e-06 5.82466e-07 4.89544e-21 -1.92676e-06 2.0079e-21 0)
(9.45299e-06 -3.18749e-06 4.76719e-21 -3.09846e-06 -6.19569e-22 -1.47317e-36)
(8.13388e-06 -1.67072e-06 -2.59775e-21 -2.60642e-06 3.68458e-22 0)
(7.19521e-06 -7.80493e-07 2.17933e-21 -2.13548e-06 1.61472e-21 0)
(6.53936e-06 -2.36109e-07 6.74266e-22 -1.94099e-06 -4.74581e-22 0)
(6.05932e-06 1.02246e-07 3.91362e-21 -1.78572e-06 7.34024e-22 0)
(5.69625e-06 3.07816e-07 -1.50043e-22 -1.71527e-06 -6.3379e-22 0)
(5.41453e-06 4.33601e-07 1.16714e-21 -1.6635e-06 1.89212e-21 0)
(5.18971e-06 5.06593e-07 4.06489e-21 -1.6431e-06 3.22214e-21 0)
(5.00373e-06 5.44002e-07 -1.94455e-21 -1.6236e-06 -9.72231e-22 0)
(4.8487e-06 5.73025e-07 5.59186e-22 -1.62867e-06 -1.03495e-21 0)
(1.03376e-05 -2.45e-06 0 -3.63975e-06 0 0)
(8.5861e-06 -1.25928e-06 1.25521e-20 -2.78113e-06 3.80237e-21 0)
(7.40009e-06 -5.63278e-07 -1.32401e-20 -2.10327e-06 -3.62738e-21 0)
(6.59044e-06 -1.39092e-07 -5.02125e-22 -1.79252e-06 -8.29328e-22 0)
(6.01685e-06 1.22998e-07 -1.26139e-21 -1.57122e-06 1.31575e-22 0)
(5.59652e-06 2.8114e-07 6.55354e-21 -1.46755e-06 2.45426e-21 0)
(5.28074e-06 3.76674e-07 2.30514e-21 -1.40136e-06 8.87444e-22 0)
(5.03626e-06 4.31452e-07 -3.17888e-21 -1.37777e-06 -5.91536e-22 0)
(4.84138e-06 4.5776e-07 1.34577e-22 -1.3647e-06 -5.66876e-22 0)
(4.68166e-06 4.7875e-07 -1.51987e-21 -1.37438e-06 -1.24526e-21 0)
(1.09641e-05 -1.54302e-06 8.58018e-21 -4.03281e-06 8.73127e-22 3.96019e-36)
(8.90125e-06 -7.83762e-07 -7.05004e-22 -2.90775e-06 -1.41274e-21 0)
(7.5375e-06 -3.40773e-07 -4.40746e-21 -2.07971e-06 -8.80353e-22 0)
(6.61775e-06 -7.12392e-08 3.6765e-21 -1.68446e-06 1.16859e-21 0)
(5.97748e-06 9.47127e-08 -1.47765e-21 -1.41525e-06 -3.38525e-22 0)
(5.51661e-06 1.94446e-07 -3.77351e-21 -1.28742e-06 -5.4175e-22 0)
(5.17702e-06 2.54217e-07 2.43351e-24 -1.21082e-06 -8.9275e-22 0)
(4.91896e-06 2.88246e-07 -4.44755e-23 -1.18484e-06 5.3388e-22 0)
(4.71843e-06 3.03881e-07 -4.02685e-23 -1.17667e-06 2.91359e-22 0)
(4.55565e-06 3.16639e-07 -1.54721e-21 -1.18947e-06 -9.78622e-22 0)
(1.12877e-05 -5.27309e-07 -7.21541e-21 -4.238e-06 1.28427e-21 2.35505e-36)
(9.06234e-06 -2.66656e-07 -5.85662e-21 -2.97156e-06 -1.968e-21 0)
(7.6054e-06 -1.14475e-07 4.48084e-21 -2.06316e-06 1.43654e-21 0)
(6.62797e-06 -2.18674e-08 -7.00084e-21 -1.62265e-06 -9.06146e-22 0)
(5.95282e-06 3.50954e-08 2.82545e-21 -1.32773e-06 -8.78893e-22 0)
(5.47083e-06 6.92907e-08 -1.23805e-21 -1.18696e-06 1.88932e-22 0)
(5.11893e-06 8.97208e-08 -2.43712e-25 -1.10482e-06 9.07783e-22 0)
(4.85393e-06 1.01327e-07 -9.98541e-22 -1.07762e-06 5.39515e-22 0)
(4.65065e-06 1.06558e-07 -3.50211e-21 -1.07216e-06 -1.46794e-21 0)
(4.48649e-06 1.10878e-07 1.73476e-21 -1.08678e-06 1.28874e-22 0)
(1.53101e-06 1.38502e-07 -9.92575e-22 -4.13278e-06 4.49314e-21 -5.6497e-36)
(1.02386e-06 -6.19185e-08 1.47589e-21 -2.73291e-06 2.11288e-21 0)
(7.8183e-07 -1.64074e-07 1.94819e-23 -1.9046e-06 -9.51821e-22 0)
(8.26713e-07 -2.18687e-07 -7.8242e-23 -1.42965e-06 6.74834e-22 0)
(9.44172e-07 -2.44158e-07 -8.88676e-22 -1.15576e-06 -6.13482e-22 0)
(1.12832e-06 -2.53108e-07 1.17645e-21 -1.00232e-06 4.85401e-22 0)
(1.32063e-06 -2.52444e-07 1.64864e-22 -9.2113e-07 1.97485e-22 0)
(1.52027e-06 -2.46648e-07 -2.17878e-22 -8.82399e-07 3.61343e-22 0)
(1.7071e-06 -2.36795e-07 1.17175e-21 -8.70125e-07 3.16713e-22 0)
(1.88566e-06 -2.29616e-07 -1.08821e-22 -8.6659e-07 -1.56611e-22 0)
(1.44959e-06 3.8517e-07 5.48792e-23 -3.92989e-06 1.96382e-22 -3.27121e-38)
(1.06474e-06 -1.94275e-07 -2.59534e-21 -2.6739e-06 -3.71536e-21 0)
(8.88403e-07 -4.88008e-07 1.97842e-21 -1.92385e-06 1.95007e-21 0)
(9.66322e-07 -6.43996e-07 1.43634e-21 -1.49478e-06 1.03967e-21 0)
(1.09935e-06 -7.16104e-07 -3.65758e-22 -1.24594e-06 -4.76177e-22 0)
(1.28806e-06 -7.40638e-07 -3.91578e-21 -1.10559e-06 -1.44577e-21 0)
(1.47883e-06 -7.37649e-07 -6.46296e-23 -1.02994e-06 -5.46706e-25 0)
(1.6738e-06 -7.1991e-07 -6.61019e-22 -9.92567e-07 -4.02133e-22 0)
(1.85263e-06 -6.9071e-07 4.14674e-22 -9.78051e-07 -2.01499e-23 0)
(2.02561e-06 -6.69248e-07 1.02903e-21 -9.72324e-07 -8.44575e-23 0)
(1.29571e-06 5.49958e-07 -8.04018e-22 -3.53953e-06 -3.72178e-21 -2.25822e-36)
(1.14077e-06 -3.4454e-07 -1.97895e-21 -2.55943e-06 -1.74065e-21 0)
(1.0837e-06 -7.95338e-07 3.08067e-21 -1.95692e-06 8.0673e-22 0)
(1.22211e-06 -1.03284e-06 6.65742e-22 -1.61448e-06 7.49222e-22 0)
(1.38306e-06 -1.14097e-06 1.80389e-21 -1.41275e-06 8.47091e-22 0)
(1.57973e-06 -1.17578e-06 -1.75744e-21 -1.29711e-06 -8.78849e-22 0)
(1.76726e-06 -1.16847e-06 -2.84837e-21 -1.23199e-06 -8.18487e-22 0)
(1.95336e-06 -1.13841e-06 -9.70354e-22 -1.19726e-06 -2.19541e-22 0)
(2.11718e-06 -1.09137e-06 4.89985e-23 -1.17868e-06 -4.09983e-24 0)
(2.27998e-06 -1.05612e-06 1.39909e-21 -1.16911e-06 6.25618e-22 0)
(1.10647e-06 5.91266e-07 -2.88837e-21 -3.00199e-06 -4.09715e-23 1.33498e-35)
(1.26401e-06 -5.18923e-07 1.30827e-21 -2.40194e-06 -1.79197e-21 0)
(1.36805e-06 -1.07361e-06 -7.81639e-21 -2.002e-06 -5.99045e-21 0)
(1.58731e-06 -1.36276e-06 -1.76597e-21 -1.77879e-06 1.15836e-22 0)
(1.78486e-06 -1.49085e-06 -1.07209e-22 -1.64179e-06 2.30306e-22 0)
(1.99096e-06 -1.52806e-06 2.31997e-21 -1.56018e-06 1.04394e-21 0)
(2.17292e-06 -1.51354e-06 -6.40383e-22 -1.50963e-06 -3.43732e-24 0)
(2.34571e-06 -1.47074e-06 1.94369e-21 -1.47854e-06 1.30794e-21 0)
(2.48833e-06 -1.40826e-06 -3.45052e-21 -1.45467e-06 -6.64239e-22 0)
(2.63616e-06 -1.36015e-06 3.10439e-21 -1.43964e-06 4.73221e-22 0)
(9.26016e-07 4.78936e-07 7.80523e-22 -2.37115e-06 -2.83713e-21 -5.85183e-37)
(1.44292e-06 -7.22186e-07 6.52062e-21 -2.21781e-06 6.0103e-21 0)
(1.73111e-06 -1.31389e-06 -6.21016e-21 -2.05571e-06 -4.1628e-21 0)
(2.04108e-06 -1.61703e-06 -2.90416e-21 -1.97284e-06 -1.57253e-21 0)
(2.27834e-06 -1.74496e-06 2.56145e-21 -1.91192e-06 1.08158e-21 0)
(2.49272e-06 -1.77479e-06 3.43581e-21 -1.87039e-06 1.41183e-21 0)
(2.66605e-06 -1.74952e-06 1.95358e-21 -1.83712e-06 1.26666e-21 0)
(2.82111e-06 -1.69366e-06 3.44985e-21 -1.81025e-06 1.05178e-21 0)
(2.93778e-06 -1.61877e-06 -7.6465e-22 -1.78057e-06 -8.44004e-22 0)
(3.06596e-06 -1.55924e-06 -4.70881e-21 -1.75871e-06 -4.69987e-22 0)
(8.05145e-07 2.00854e-07 -7.63003e-23 -1.7093e-06 1.86997e-22 -1.24636e-39)
(1.68676e-06 -9.53992e-07 4.09903e-21 -2.02533e-06 2.05462e-21 0)
(2.15984e-06 -1.50924e-06 3.32681e-21 -2.11243e-06 2.99517e-21 0)
(2.55799e-06 -1.78505e-06 -1.63264e-21 -2.17729e-06 -1.09585e-21 0)
(2.83161e-06 -1.89083e-06 -2.99286e-21 -2.19635e-06 -1.32257e-21 0)
(3.05009e-06 -1.90273e-06 -1.88853e-21 -2.19713e-06 -7.54229e-22 0)
(3.21089e-06 -1.86293e-06 3.04667e-21 -2.18236e-06 1.55493e-21 0)
(3.3439e-06 -1.79391e-06 -3.64999e-21 -2.15993e-06 -1.95939e-21 0)
(3.43149e-06 -1.70976e-06 6.06287e-21 -2.12494e-06 1.84265e-21 0)
(3.53572e-06 -1.64071e-06 2.06896e-22 -2.0954e-06 -8.38088e-22 0)
(7.95626e-07 -2.35783e-07 3.57211e-21 -1.08211e-06 -6.55058e-21 -3.83508e-37)
(2.00439e-06 -1.20898e-06 -1.13078e-20 -1.8445e-06 -6.20067e-21 0)
(2.64003e-06 -1.65533e-06 3.86271e-21 -2.16736e-06 2.59511e-21 0)
(3.11108e-06 -1.86322e-06 -3.53305e-22 -2.37301e-06 1.00341e-21 0)
(3.411e-06 -1.9254e-06 1.66628e-21 -2.46798e-06 7.97662e-22 0)
(3.62637e-06 -1.90937e-06 -6.9399e-22 -2.50925e-06 -2.58113e-22 0)
(3.76997e-06 -1.85162e-06 -4.25037e-21 -2.51234e-06 -1.79672e-21 0)
(3.87689e-06 -1.76992e-06 2.45212e-21 -2.49438e-06 1.08294e-21 0)
(3.93402e-06 -1.67971e-06 -2.23038e-21 -2.45513e-06 -9.78827e-22 0)
(4.01066e-06 -1.60318e-06 4.64994e-21 -2.41815e-06 1.16239e-21 0)
(9.43774e-07 -8.04771e-07 -1.33079e-21 -5.51449e-07 1.91376e-21 5.70978e-38)
(2.40198e-06 -1.4765e-06 -3.68857e-21 -1.69404e-06 -4.32112e-21 0)
(3.15608e-06 -1.75007e-06 -5.4232e-21 -2.21563e-06 -5.19028e-21 0)
(3.67263e-06 -1.85438e-06 2.0142e-21 -2.54137e-06 9.86294e-22 0)
(3.9823e-06 -1.8543e-06 5.36791e-21 -2.70064e-06 2.62358e-21 0)
(4.18424e-06 -1.8019e-06 4.88957e-21 -2.77649e-06 2.38558e-21 0)
(4.30503e-06 -1.72356e-06 -7.61869e-22 -2.79539e-06 1.45201e-22 0)
(4.38192e-06 -1.63021e-06 2.80574e-21 -2.78119e-06 1.19002e-21 0)
(4.40909e-06 -1.53677e-06 -2.75937e-21 -2.74078e-06 -1.98089e-21 0)
(4.45473e-06 -1.45463e-06 9.79929e-22 -2.6966e-06 9.48298e-22 0)
(1.28518e-06 -1.46313e-06 3.83704e-21 -1.69779e-07 5.16688e-21 -1.37713e-35)
(2.88234e-06 -1.74138e-06 5.30199e-21 -1.5902e-06 6.77702e-21 0)
(3.69322e-06 -1.79356e-06 5.63881e-21 -2.25368e-06 1.5818e-21 0)
(4.21842e-06 -1.76756e-06 8.18057e-22 -2.66727e-06 -8.49928e-22 0)
(4.51655e-06 -1.69162e-06 1.7046e-22 -2.87259e-06 -2.5175e-22 0)
(4.69298e-06 -1.59757e-06 -1.23467e-22 -2.97394e-06 -3.54395e-23 0)
(4.78503e-06 -1.49748e-06 4.46119e-21 -3.00415e-06 2.35812e-21 0)
(4.82871e-06 -1.39554e-06 -5.95709e-21 -2.99385e-06 -3.86076e-21 0)
(4.82793e-06 -1.30171e-06 5.50525e-21 -2.95343e-06 2.27888e-21 0)
(4.84067e-06 -1.21685e-06 5.92525e-22 -2.90883e-06 3.13955e-22 0)
(1.83962e-06 -2.1552e-06 5.75078e-21 2.52452e-08 -9.60882e-21 -1.56881e-35)
(3.44232e-06 -1.98523e-06 5.64202e-21 -1.54453e-06 2.7818e-21 0)
(4.23573e-06 -1.788e-06 7.54453e-21 -2.2787e-06 3.79053e-21 0)
(4.72566e-06 -1.61671e-06 3.63173e-21 -2.73922e-06 2.84526e-21 0)
(4.98663e-06 -1.45788e-06 -5.73644e-21 -2.96741e-06 -3.18339e-21 0)
(5.12283e-06 -1.31969e-06 -5.14754e-21 -3.08153e-06 -2.82436e-21 0)
(5.17777e-06 -1.19817e-06 1.35112e-22 -3.11713e-06 -8.01657e-23 0)
(5.18315e-06 -1.08985e-06 -2.70679e-21 -3.10628e-06 -1.55059e-21 0)
(5.15633e-06 -1.00045e-06 2.81442e-21 -3.07176e-06 2.58852e-21 0)
(5.12521e-06 -9.15842e-07 3.8329e-21 -3.01435e-06 8.75652e-22 0)
(2.05211e-06 -2.12136e-07 5.69134e-22 -8.85141e-07 -2.07669e-24 0)
(2.19864e-06 -1.89711e-07 1.05815e-21 -8.90646e-07 -3.19176e-22 0)
(2.33201e-06 -1.7185e-07 5.70115e-23 -8.99763e-07 -7.4784e-25 0)
(2.45383e-06 -1.55386e-07 -9.03762e-22 -9.06215e-07 -4.87873e-22 0)
(2.56268e-06 -1.4072e-07 -3.60344e-21 -9.08806e-07 -1.66619e-22 0)
(2.66061e-06 -1.27731e-07 -5.48415e-22 -9.07184e-07 6.5746e-22 0)
(2.74758e-06 -1.16049e-07 3.18882e-21 -9.00064e-07 3.39778e-22 0)
(2.82447e-06 -1.05613e-07 -3.19916e-21 -8.87213e-07 -1.79225e-22 0)
(2.89164e-06 -9.61384e-08 2.83662e-22 -8.67836e-07 9.60568e-22 0)
(2.94949e-06 -8.74999e-08 1.7556e-21 -8.41486e-07 3.26457e-22 0)
(2.99814e-06 -7.94912e-08 2.9836e-22 -8.07447e-07 9.03925e-22 0)
(3.03775e-06 -7.19593e-08 3.47529e-21 -7.65019e-07 3.28709e-22 0)
(3.06791e-06 -6.47304e-08 3.18461e-21 -7.13292e-07 -6.23537e-22 0)
(3.08879e-06 -5.76312e-08 -3.45773e-21 -6.51224e-07 -3.03402e-22 0)
(3.09877e-06 -5.04924e-08 -5.1355e-21 -5.77499e-07 8.89197e-24 0)
(3.09903e-06 -4.30971e-08 2.71944e-21 -4.90601e-07 4.34563e-22 0)
(3.0845e-06 -3.52752e-08 -6.74651e-23 -3.88544e-07 -1.49806e-22 0)
(3.06132e-06 -2.6662e-08 1.89383e-21 -2.69214e-07 3.65512e-22 0)
(3.01253e-06 -1.7309e-08 1.58461e-21 -1.29247e-07 -1.54743e-23 0)
(2.96552e-06 -5.63191e-09 3.95377e-22 3.29163e-08 4.11284e-23 -4.36219e-37)
(2.17665e-06 -6.18324e-07 1.61786e-23 -9.81504e-07 1.78111e-23 0)
(2.30257e-06 -5.54051e-07 -1.528e-21 -9.73542e-07 -1.6997e-22 0)
(2.42066e-06 -5.02642e-07 7.89914e-22 -9.71463e-07 1.76092e-22 0)
(2.52866e-06 -4.55273e-07 2.53326e-21 -9.68475e-07 8.64569e-22 0)
(2.62631e-06 -4.12891e-07 -1.48063e-21 -9.62805e-07 -5.57972e-24 0)
(2.71452e-06 -3.75329e-07 -2.16863e-21 -9.54312e-07 -7.05527e-22 0)
(2.79343e-06 -3.4143e-07 1.45439e-21 -9.41307e-07 6.97119e-22 0)
(2.86341e-06 -3.11095e-07 3.75485e-22 -9.23542e-07 3.39736e-22 0)
(2.92478e-06 -2.83484e-07 -3.36132e-21 -9.00036e-07 -1.05107e-21 0)
(2.97768e-06 -2.5826e-07 -2.00393e-21 -8.70268e-07 -3.68395e-22 0)
(3.02217e-06 -2.34823e-07 -4.45066e-23 -8.33427e-07 -1.25287e-24 0)
(3.05825e-06 -2.12737e-07 6.14627e-21 -7.88754e-07 5.14585e-22 0)
(3.08546e-06 -1.91496e-07 2.83058e-22 -7.3529e-07 2.81175e-22 0)
(3.1039e-06 -1.70596e-07 -1.43491e-21 -6.71965e-07 2.9583e-22 0)
(3.11191e-06 -1.49541e-07 -3.11848e-22 -5.97449e-07 -3.43753e-22 0)
(3.11065e-06 -1.2769e-07 -3.32542e-22 -5.10228e-07 -2.97979e-22 0)
(3.09505e-06 -1.04548e-07 -1.18796e-21 -4.08336e-07 2.66966e-22 0)
(3.07122e-06 -7.90284e-08 -8.60049e-22 -2.89701e-07 -7.8398e-23 0)
(3.02236e-06 -5.13016e-08 4.78726e-21 -1.51051e-07 6.54537e-22 0)
(2.97569e-06 -1.66915e-08 1.23133e-21 9.0976e-09 3.09554e-22 -4.06867e-36)
(2.40208e-06 -9.77552e-07 8.90817e-22 -1.16103e-06 -1.88748e-22 0)
(2.49064e-06 -8.80544e-07 1.92805e-21 -1.12847e-06 5.94917e-22 0)
(2.58086e-06 -8.01433e-07 -4.92717e-21 -1.10543e-06 -4.24945e-22 0)
(2.66377e-06 -7.28648e-07 5.32276e-22 -1.08503e-06 3.94541e-22 0)
(2.74114e-06 -6.62619e-07 2.70575e-21 -1.06396e-06 -1.5299e-22 0)
(2.81171e-06 -6.03983e-07 -4.1671e-21 -1.04269e-06 -2.56053e-22 0)
(2.87606e-06 -5.50632e-07 -2.22205e-21 -1.01872e-06 -4.08185e-22 0)
(2.93352e-06 -5.02721e-07 5.01695e-21 -9.91795e-07 3.24367e-22 0)
(2.98442e-06 -4.58886e-07 2.84258e-21 -9.60595e-07 -2.37839e-22 0)
(3.02838e-06 -4.18694e-07 -3.71602e-21 -9.24461e-07 -4.89602e-22 0)
(3.06535e-06 -3.81208e-07 -4.25474e-21 -8.82419e-07 -8.42455e-22 0)
(3.0951e-06 -3.45765e-07 1.69231e-21 -8.33599e-07 1.02823e-22 0)
(3.11705e-06 -3.11573e-07 2.92437e-21 -7.76958e-07 4.77406e-22 0)
(3.13115e-06 -2.7783e-07 1.01445e-22 -7.11373e-07 -4.81209e-22 0)
(3.13574e-06 -2.43746e-07 1.89876e-22 -6.35493e-07 1.25259e-22 0)
(3.13186e-06 -2.08281e-07 -4.24272e-21 -5.47808e-07 -4.65841e-22 0)
(3.11454e-06 -1.70635e-07 -2.09364e-21 -4.46405e-07 -6.32042e-23 0)
(3.08977e-06 -1.29036e-07 -7.74714e-22 -3.29273e-07 -3.31545e-22 0)
(3.04113e-06 -8.37737e-08 1.64556e-21 -1.93318e-07 2.85902e-22 0)
(2.99531e-06 -2.72874e-08 1.49968e-21 -3.71452e-08 6.54113e-22 -6.51728e-36)
(2.71904e-06 -1.26295e-06 9.41115e-22 -1.4087e-06 3.09976e-22 0)
(2.75629e-06 -1.14765e-06 -8.62079e-22 -1.3446e-06 -1.21974e-23 0)
(2.80833e-06 -1.04989e-06 4.77584e-22 -1.29318e-06 -4.08471e-22 0)
(2.85621e-06 -9.60358e-07 -6.56869e-23 -1.24941e-06 -4.3031e-22 0)
(2.90535e-06 -8.77064e-07 3.37024e-22 -1.20733e-06 -1.93836e-22 0)
(2.95106e-06 -8.0286e-07 -1.19406e-21 -1.16848e-06 -2.37698e-22 0)
(2.99486e-06 -7.3444e-07 -1.49719e-21 -1.12934e-06 -4.45829e-22 0)
(3.03453e-06 -6.72634e-07 -7.03066e-22 -1.08962e-06 -4.04232e-22 0)
(3.07051e-06 -6.15635e-07 3.06059e-22 -1.04763e-06 1.95613e-22 0)
(3.10168e-06 -5.63061e-07 1.31092e-21 -1.00249e-06 7.61545e-22 0)
(3.12787e-06 -5.13742e-07 -2.28475e-21 -9.53058e-07 -4.86231e-22 0)
(3.14848e-06 -4.66866e-07 1.45989e-21 -8.98299e-07 4.21739e-22 0)
(3.16281e-06 -4.21426e-07 3.42716e-21 -8.37084e-07 3.32348e-22 0)
(3.17064e-06 -3.76375e-07 -1.38505e-21 -7.68222e-07 -4.00209e-22 0)
(3.17024e-06 -3.30679e-07 -3.16941e-21 -6.9035e-07 -3.04004e-22 0)
(3.16255e-06 -2.82941e-07 -1.98343e-21 -6.01978e-07 -3.83144e-22 0)
(3.14272e-06 -2.32095e-07 1.40661e-21 -5.01276e-07 -7.30736e-23 0)
(3.11656e-06 -1.75718e-07 1.69768e-21 -3.86337e-07 3.42537e-22 0)
(3.06824e-06 -1.14199e-07 4.61594e-22 -2.54328e-07 7.35132e-23 0)
(3.02368e-06 -3.73171e-08 -1.03379e-21 -1.03991e-07 -6.32974e-22 -3.29788e-36)
(3.10377e-06 -1.45431e-06 1.81077e-21 -1.70217e-06 -3.15624e-22 0)
(3.08124e-06 -1.33867e-06 8.58305e-22 -1.60492e-06 -1.13356e-21 0)
(3.08879e-06 -1.23363e-06 -1.9463e-21 -1.52078e-06 3.38627e-22 0)
(3.09464e-06 -1.1383e-06 -8.82788e-22 -1.45019e-06 -3.55432e-23 0)
(3.10996e-06 -1.04592e-06 3.07055e-21 -1.38336e-06 3.67674e-22 0)
(3.12532e-06 -9.63099e-07 -1.73104e-21 -1.32348e-06 5.52602e-22 0)
(3.14397e-06 -8.85215e-07 -1.89336e-21 -1.26606e-06 -5.12694e-22 0)
(3.16168e-06 -8.14144e-07 1.56431e-21 -1.21074e-06 -2.97772e-22 0)
(3.17912e-06 -7.47849e-07 -7.56685e-22 -1.15555e-06 3.22272e-22 0)
(3.19435e-06 -6.86142e-07 -4.44711e-23 -1.09935e-06 3.53742e-22 0)
(3.20703e-06 -6.27789e-07 -1.69502e-21 -1.04082e-06 -1.56353e-22 0)
(3.21616e-06 -5.71913e-07 -1.96056e-21 -9.78746e-07 -9.78995e-22 0)
(3.22088e-06 -5.17397e-07 5.93192e-21 -9.11904e-07 7.2005e-22 0)
(3.22076e-06 -4.63015e-07 7.05199e-22 -8.39029e-07 3.45932e-22 0)
(3.21401e-06 -4.07551e-07 -1.17268e-21 -7.58755e-07 -2.93161e-22 0)
(3.20145e-06 -3.49305e-07 8.95091e-22 -6.69629e-07 1.66766e-22 0)
(3.17839e-06 -2.86988e-07 -3.89875e-21 -5.69938e-07 -9.52602e-22 0)
(3.15043e-06 -2.17593e-07 1.6186e-21 -4.57928e-07 4.93655e-22 0)
(3.10253e-06 -1.41594e-07 -7.45859e-22 -3.31115e-07 -2.08682e-22 0)
(3.05954e-06 -4.64493e-08 3.4809e-22 -1.88442e-07 1.13272e-22 5.31462e-40)
(3.52737e-06 -1.53914e-06 -8.43399e-22 -2.01396e-06 -1.08614e-21 0)
(3.44305e-06 -1.44238e-06 -1.31103e-21 -1.8886e-06 8.34288e-22 0)
(3.40473e-06 -1.34226e-06 -1.31602e-21 -1.77227e-06 4.02642e-22 0)
(3.36529e-06 -1.25314e-06 -9.91254e-22 -1.67504e-06 -1.05953e-21 0)
(3.34416e-06 -1.1611e-06 2.17215e-21 -1.58304e-06 1.58798e-21 0)
(3.32602e-06 -1.0776e-06 2.25582e-21 -1.50095e-06 4.07006e-22 0)
(3.31664e-06 -9.96946e-07 3.54843e-21 -1.42403e-06 2.62792e-22 0)
(3.30961e-06 -9.22119e-07 -4.4837e-21 -1.35163e-06 -7.91622e-22 0)
(3.30594e-06 -8.51243e-07 -2.96197e-21 -1.28178e-06 -6.25932e-23 0)
(3.30287e-06 -7.84351e-07 -3.24357e-22 -1.21305e-06 -7.8391e-22 0)
(3.29991e-06 -7.20362e-07 4.24923e-21 -1.14406e-06 4.75584e-22 0)
(3.29567e-06 -6.58417e-07 -8.11747e-22 -1.07344e-06 -7.44079e-22 0)
(3.28912e-06 -5.97411e-07 -2.51734e-21 -9.99918e-07 -3.6213e-22 0)
(3.27963e-06 -5.3602e-07 1.17027e-21 -9.22196e-07 5.69361e-22 0)
(3.26535e-06 -4.7293e-07 -1.66281e-21 -8.38939e-07 -3.1288e-22 0)
(3.24699e-06 -4.06206e-07 -8.87627e-22 -7.48769e-07 -1.93676e-22 0)
(3.22006e-06 -3.34402e-07 -3.52132e-22 -6.50148e-07 -1.43379e-22 0)
(3.18993e-06 -2.54e-07 1.81912e-21 -5.41531e-07 4.80745e-22 0)
(3.14256e-06 -1.65546e-07 2.21416e-21 -4.20906e-07 7.30397e-22 0)
(3.10151e-06 -5.45577e-08 -1.74364e-21 -2.87521e-07 -1.18305e-21 -5.32652e-36)
(3.95974e-06 -1.51556e-06 -3.69317e-22 -2.31509e-06 3.44449e-22 0)
(3.81792e-06 -1.45668e-06 7.49231e-22 -2.17103e-06 4.17272e-22 0)
(3.73714e-06 -1.37374e-06 3.83952e-21 -2.02708e-06 4.85313e-22 0)
(3.65283e-06 -1.30222e-06 -6.10591e-21 -1.9052e-06 -1.22714e-21 0)
(3.59527e-06 -1.22028e-06 -4.23275e-22 -1.78978e-06 4.72341e-22 0)
(3.54292e-06 -1.14366e-06 4.10336e-22 -1.68566e-06 -4.48683e-22 0)
(3.50426e-06 -1.06692e-06 4.33994e-21 -1.58931e-06 1.3794e-21 0)
(3.47128e-06 -9.93645e-07 1.73564e-21 -1.49953e-06 1.80224e-22 0)
(3.44509e-06 -9.2279e-07 -2.38866e-21 -1.41469e-06 -1.10787e-21 0)
(3.42245e-06 -8.54592e-07 -1.04937e-21 -1.33311e-06 -5.23461e-22 0)
(3.40256e-06 -7.88373e-07 -1.6979e-21 -1.25338e-06 -2.23081e-22 0)
(3.3838e-06 -7.23371e-07 4.49607e-22 -1.17402e-06 2.32822e-22 0)
(3.3649e-06 -6.58599e-07 1.46557e-21 -1.09371e-06 6.90106e-22 0)
(3.34506e-06 -5.9271e-07 0 -1.01113e-06 0 0)
(3.32242e-06 -5.24361e-07 3.1066e-22 -9.25013e-07 -2.55178e-22 0)
(3.29755e-06 -4.51451e-07 1.69836e-21 -8.3409e-07 4.16725e-22 0)
(3.26627e-06 -3.72434e-07 -8.23651e-22 -7.3705e-07 -1.26254e-22 0)
(3.23364e-06 -2.83395e-07 -3.05378e-21 -6.32614e-07 -1.07854e-21 0)
(3.18685e-06 -1.84953e-07 2.58946e-21 -5.19308e-07 9.36113e-22 0)
(3.14787e-06 -6.12233e-08 -7.87447e-22 -3.96744e-07 -6.97972e-22 -1.54523e-36)
(4.36896e-06 -1.38674e-06 3.68222e-21 -2.58022e-06 4.59087e-22 0)
(4.18045e-06 -1.38057e-06 -2.9285e-21 -2.43231e-06 -6.38619e-22 0)
(4.06615e-06 -1.3267e-06 2.64832e-21 -2.27419e-06 1.26982e-21 0)
(3.94249e-06 -1.28213e-06 8.69105e-22 -2.13416e-06 3.93758e-22 0)
(3.85148e-06 -1.22075e-06 -6.77109e-21 -2.00165e-06 -2.50719e-21 0)
(3.76733e-06 -1.15889e-06 1.58162e-21 -1.87899e-06 7.1113e-22 0)
(3.69998e-06 -1.09363e-06 1.78216e-21 -1.76543e-06 2.26636e-22 0)
(3.64136e-06 -1.02811e-06 6.37932e-21 -1.65928e-06 1.74902e-21 0)
(3.5922e-06 -9.62637e-07 -1.66628e-21 -1.55957e-06 -2.22019e-22 0)
(3.54939e-06 -8.97615e-07 -4.65573e-22 -1.46471e-06 3.55486e-22 0)
(3.51178e-06 -8.32944e-07 4.5212e-22 -1.37344e-06 -3.19976e-22 0)
(3.47766e-06 -7.681e-07 -4.46525e-22 -1.28439e-06 2.80127e-22 0)
(3.44559e-06 -7.02343e-07 5.18123e-22 -1.19629e-06 7.23059e-22 0)
(3.41466e-06 -6.34432e-07 5.96928e-21 -1.10792e-06 1.50545e-21 0)
(3.38301e-06 -5.63092e-07 -2.54171e-21 -1.01814e-06 -8.15801e-22 0)
(3.35108e-06 -4.86159e-07 -4.88548e-21 -9.2584e-07 -1.31136e-21 0)
(3.31508e-06 -4.02062e-07 4.00653e-21 -8.30007e-07 1.33946e-21 0)
(3.27971e-06 -3.0658e-07 7.8057e-22 -7.2969e-07 2.41169e-22 0)
(3.23362e-06 -2.00411e-07 -2.30212e-21 -6.24081e-07 -9.15198e-22 0)
(3.19711e-06 -6.66402e-08 6.87731e-22 -5.13324e-07 4.14477e-22 -8.13833e-39)
(4.73308e-06 -1.17668e-06 -3.39527e-21 -2.7849e-06 -1.34008e-21 0)
(4.50994e-06 -1.23062e-06 -1.20173e-21 -2.63843e-06 2.46689e-22 0)
(4.37177e-06 -1.21851e-06 1.08088e-21 -2.4809e-06 -2.72024e-22 0)
(4.21813e-06 -1.20415e-06 3.86472e-21 -2.32822e-06 7.59507e-22 0)
(4.0974e-06 -1.17023e-06 -2.71073e-21 -2.18414e-06 -5.07016e-22 0)
(3.98615e-06 -1.12727e-06 -2.02627e-21 -2.04719e-06 1.98978e-22 0)
(3.89246e-06 -1.0776e-06 0 -1.91981e-06 0 0)
(3.81043e-06 -1.02354e-06 3.19324e-21 -1.80055e-06 9.82706e-22 0)
(3.73972e-06 -9.66924e-07 4.65224e-21 -1.68883e-06 1.64472e-21 0)
(3.67776e-06 -9.08457e-07 1.69505e-21 -1.58333e-06 2.69793e-22 0)
(3.62301e-06 -8.48543e-07 -2.96499e-21 -1.48283e-06 -9.07975e-22 0)
(3.57384e-06 -7.86926e-07 -5.04995e-21 -1.38609e-06 -9.27611e-22 0)
(3.52866e-06 -7.23084e-07 -2.48332e-21 -1.29193e-06 -1.1615e-21 0)
(3.48654e-06 -6.55915e-07 4.77315e-21 -1.19927e-06 1.07325e-21 0)
(3.44568e-06 -5.84235e-07 5.29664e-21 -1.10714e-06 1.8061e-21 0)
(3.40646e-06 -5.05897e-07 -2.51964e-21 -1.01469e-06 -8.98793e-22 0)
(3.36556e-06 -4.19357e-07 -9.21841e-22 -9.21256e-07 -4.13967e-22 0)
(3.32728e-06 -3.20251e-07 3.28878e-21 -8.26292e-07 1.33245e-21 0)
(3.28193e-06 -2.09401e-07 -3.01203e-21 -7.29658e-07 -1.33055e-21 0)
(3.24758e-06 -6.98171e-08 6.18871e-24 -6.31864e-07 4.25991e-24 -5.32769e-43)
(5.01472e-06 -8.88754e-07 2.74685e-21 -2.93303e-06 7.38238e-22 0)
(4.79443e-06 -9.83545e-07 -2.07774e-21 -2.79992e-06 -4.17326e-22 0)
(4.64018e-06 -1.03147e-06 7.34625e-23 -2.66828e-06 -5.22087e-22 0)
(4.4736e-06 -1.05593e-06 -1.04638e-21 -2.52004e-06 2.01476e-22 0)
(4.32768e-06 -1.06184e-06 -1.92489e-21 -2.37408e-06 1.44737e-23 0)
(4.19385e-06 -1.04972e-06 -1.68664e-21 -2.22975e-06 -9.99407e-22 0)
(4.07562e-06 -1.02522e-06 -1.40557e-21 -2.09117e-06 -1.55161e-21 0)
(3.97114e-06 -9.90677e-07 -9.96435e-23 -1.95935e-06 7.62711e-23 0)
(3.87947e-06 -9.48937e-07 1.06924e-22 -1.83467e-06 -5.89614e-23 0)
(3.79879e-06 -9.01636e-07 3.34119e-21 -1.71682e-06 5.87011e-22 0)
(3.72742e-06 -8.49901e-07 4.22556e-21 -1.60508e-06 1.74733e-21 0)
(3.66371e-06 -7.94124e-07 -2.6643e-21 -1.49855e-06 -1.31681e-21 0)
(3.606e-06 -7.34234e-07 -4.20667e-21 -1.39629e-06 -1.58117e-21 0)
(3.55325e-06 -6.69482e-07 -2.75627e-21 -1.29741e-06 -9.61838e-22 0)
(3.50372e-06 -5.98904e-07 1.12552e-21 -1.20117e-06 5.48783e-22 0)
(3.45772e-06 -5.20501e-07 5.283e-23 -1.10696e-06 5.84546e-24 0)
(3.41242e-06 -4.32814e-07 -1.50035e-21 -1.01456e-06 -5.2238e-22 0)
(3.37181e-06 -3.31449e-07 2.89528e-23 -9.23839e-07 7.1933e-24 0)
(3.328e-06 -2.17249e-07 1.4569e-21 -8.35387e-07 6.75534e-22 0)
(3.29712e-06 -7.27875e-08 -3.9201e-22 -7.50249e-07 -3.04036e-22 -4.6781e-39)
(5.17347e-06 -6.5033e-07 9.97891e-22 -2.96386e-06 5.79252e-22 0)
(4.9703e-06 -7.303e-07 1.98698e-21 -2.82875e-06 1.3601e-21 0)
(4.8031e-06 -8.23954e-07 2.06224e-21 -2.71714e-06 6.04302e-22 0)
(4.63897e-06 -8.75898e-07 5.56837e-22 -2.5867e-06 9.09569e-23 0)
(4.48628e-06 -9.09488e-07 7.32522e-22 -2.45031e-06 9.77579e-22 0)
(4.34516e-06 -9.23176e-07 1.87932e-22 -2.31286e-06 -6.40534e-22 0)
(4.21701e-06 -9.21569e-07 -3.83884e-21 -2.17735e-06 -1.42432e-21 0)
(4.10124e-06 -9.07239e-07 -1.37182e-21 -2.04608e-06 -3.06427e-22 0)
(3.99745e-06 -8.82715e-07 1.36541e-21 -1.9201e-06 2.96475e-22 0)
(3.90445e-06 -8.49861e-07 -1.6764e-21 -1.79982e-06 -3.38169e-22 0)
(3.82106e-06 -8.09993e-07 4.27261e-21 -1.68517e-06 1.87304e-21 0)
(3.74601e-06 -7.63815e-07 2.61964e-21 -1.57579e-06 1.03194e-21 0)
(3.67797e-06 -7.11539e-07 -3.8429e-22 -1.47121e-06 2.93961e-22 0)
(3.6161e-06 -6.52734e-07 9.65419e-22 -1.37096e-06 5.88631e-22 0)
(3.559e-06 -5.86692e-07 1.52808e-21 -1.27472e-06 4.42262e-22 0)
(3.50698e-06 -5.11735e-07 -1.07211e-22 -1.18229e-06 -2.9043e-23 0)
(3.45788e-06 -4.26624e-07 9.12173e-22 -1.09392e-06 4.6968e-22 0)
(3.41522e-06 -3.27319e-07 4.84471e-22 -1.01e-06 1.49182e-22 0)
(3.37284e-06 -2.14882e-07 -1.45965e-21 -9.31915e-07 -7.02145e-22 0)
(3.34435e-06 -7.21853e-08 -7.17978e-22 -8.60901e-07 -7.96386e-22 -1.233e-36)
(5.11559e-06 -4.59588e-07 -6.82918e-21 -2.85268e-06 -2.21285e-21 0)
(4.98063e-06 -5.48026e-07 -3.35588e-21 -2.7839e-06 -1.94211e-21 0)
(4.83147e-06 -6.48945e-07 2.93703e-21 -2.68701e-06 1.55438e-22 0)
(4.68616e-06 -7.17776e-07 -1.62701e-21 -2.57615e-06 1.04785e-21 0)
(4.54494e-06 -7.66945e-07 -3.13108e-21 -2.45448e-06 -1.57494e-21 0)
(4.41113e-06 -7.96818e-07 3.78789e-21 -2.32887e-06 9.45894e-22 0)
(4.28634e-06 -8.10672e-07 -3.50398e-35 -2.20243e-06 -1.41406e-35 0)
(4.17101e-06 -8.10864e-07 -4.0051e-21 -2.07789e-06 -2.19513e-21 0)
(4.06537e-06 -7.996e-07 -7.56011e-36 -1.95673e-06 -5.88092e-36 0)
(3.96893e-06 -7.78592e-07 -1.05734e-21 -1.83989e-06 -7.8997e-22 0)
(3.88108e-06 -7.49104e-07 -1.03422e-21 -1.7278e-06 -7.41841e-22 0)
(3.80107e-06 -7.11884e-07 1.63201e-21 -1.62057e-06 4.01422e-22 0)
(3.728e-06 -6.67259e-07 -1.60064e-21 -1.51819e-06 -4.2e-22 0)
(3.66137e-06 -6.14988e-07 -4.66673e-35 -1.42062e-06 -1.44109e-35 0)
(3.6002e-06 -5.54579e-07 1.54577e-21 -1.32793e-06 4.82166e-22 0)
(3.54496e-06 -4.84673e-07 -1.52205e-21 -1.24035e-06 -5.26792e-22 0)
(3.49414e-06 -4.04314e-07 -9.28457e-22 -1.15855e-06 -4.97429e-22 0)
(3.45101e-06 -3.09998e-07 1.48171e-21 -1.08341e-06 6.4765e-22 0)
(3.41115e-06 -2.03077e-07 -1.81896e-35 -1.01692e-06 -8.97253e-36 0)
(3.38626e-06 -6.80327e-08 -4.41012e-22 -9.60768e-07 -4.12512e-22 -5.20314e-51)
(5.06896e-06 -2.65851e-07 -1.37325e-21 -2.75222e-06 -9.281e-22 0)
(4.95237e-06 -3.67033e-07 3.16283e-21 -2.70529e-06 3.87774e-22 0)
(4.82936e-06 -4.7576e-07 -4.14703e-21 -2.6344e-06 -1.38565e-21 0)
(4.70062e-06 -5.57317e-07 1.10567e-21 -2.54449e-06 1.09249e-21 0)
(4.57281e-06 -6.20128e-07 6.18645e-22 -2.44092e-06 -2.00371e-21 0)
(4.44788e-06 -6.64715e-07 -2.353e-35 -2.32983e-06 -1.12649e-35 0)
(4.32884e-06 -6.9306e-07 7.75343e-22 -2.21491e-06 -4.62857e-22 0)
(4.21647e-06 -7.07237e-07 -1.81037e-21 -2.09929e-06 -4.62019e-22 0)
(4.11172e-06 -7.08957e-07 -1.05399e-21 -1.98497e-06 -8.52261e-22 0)
(4.01458e-06 -6.99764e-07 -2.48122e-35 -1.87339e-06 -9.95887e-36 0)
(3.92496e-06 -6.80803e-07 -1.02215e-21 -1.76543e-06 -7.57998e-22 0)
(3.84253e-06 -6.52845e-07 -1.72734e-35 -1.66169e-06 -4.66988e-36 0)
(3.7668e-06 -6.16299e-07 -3.60083e-21 -1.56257e-06 -1.80434e-21 0)
(3.69758e-06 -5.71094e-07 -1.95519e-21 -1.46844e-06 -1.26097e-21 0)
(3.6343e-06 -5.16942e-07 5.96292e-22 -1.37976e-06 -7.21958e-23 0)
(3.57758e-06 -4.52791e-07 5.85005e-22 -1.29715e-06 5.2955e-24 0)
(3.5265e-06 -3.77993e-07 -9.38257e-22 -1.22164e-06 -5.2452e-22 0)
(3.48407e-06 -2.89592e-07 -4.64776e-37 -1.15455e-06 1.81731e-37 0)
(3.44735e-06 -1.8925e-07 -9.11258e-22 -1.09835e-06 -4.71582e-22 0)
(3.42593e-06 -6.31773e-08 -1.91852e-21 -1.05483e-06 -2.1347e-21 -6.58983e-36)
(4.98919e-06 -1.16575e-07 5.52255e-22 -2.64257e-06 -8.04599e-22 0)
(4.89516e-06 -2.16002e-07 -2.10177e-21 -2.61709e-06 -7.9382e-22 0)
(4.79458e-06 -3.25781e-07 -8.68396e-36 -2.56483e-06 -4.25584e-36 0)
(4.68306e-06 -4.13284e-07 9.90578e-22 -2.49246e-06 -4.04921e-22 0)
(4.57015e-06 -4.84575e-07 1.02937e-21 -2.40507e-06 1.03263e-21 0)
(4.45637e-06 -5.39294e-07 1.66984e-35 -2.30799e-06 4.97439e-36 0)
(4.34576e-06 -5.78489e-07 2.21955e-36 -2.20513e-06 -6.06716e-36 0)
(4.23919e-06 -6.03657e-07 -7.92203e-22 -2.09962e-06 3.91933e-22 0)
(4.13817e-06 -6.16057e-07 0 -1.99376e-06 0 0)
(4.04309e-06 -6.16951e-07 -4.19085e-35 -1.88925e-06 -1.79827e-35 0)
(3.95431e-06 -6.07316e-07 0 -1.78735e-06 0 0)
(3.87185e-06 -5.87869e-07 3.3248e-21 -1.689e-06 9.77041e-22 0)
(3.79564e-06 -5.59045e-07 6.4665e-22 -1.59496e-06 -1.81833e-22 0)
(3.72576e-06 -5.20889e-07 -2.57228e-21 -1.50592e-06 -1.17189e-21 0)
(3.66202e-06 -4.73287e-07 -9.6213e-22 -1.4227e-06 -6.10846e-22 0)
(3.60519e-06 -4.15467e-07 -1.54791e-21 -1.34623e-06 -5.9468e-22 0)
(3.55492e-06 -3.4707e-07 -5.85801e-22 -1.27788e-06 -9.38244e-23 0)
(3.51389e-06 -2.65704e-07 1.50871e-21 -1.21925e-06 7.00588e-22 0)
(3.48056e-06 -1.73241e-07 1.4944e-21 -1.17316e-06 7.67583e-22 0)
(3.46249e-06 -5.76902e-08 -1.48664e-21 -1.14148e-06 -1.70419e-21 -5.10639e-36)
(4.88842e-06 8.48268e-09 -4.15093e-22 -2.52801e-06 1.32166e-21 0)
(4.81392e-06 -8.86573e-08 -8.81738e-22 -2.51862e-06 -1.08139e-21 0)
(4.73428e-06 -1.9624e-07 -2.94754e-21 -2.48306e-06 -1.81246e-21 0)
(4.64002e-06 -2.8562e-07 -1.05127e-21 -2.42732e-06 3.46498e-22 0)
(4.54263e-06 -3.61445e-07 2.91017e-21 -2.35578e-06 1.66085e-21 0)
(4.44133e-06 -4.22606e-07 1.90691e-21 -2.27298e-06 6.0989e-22 0)
(4.34086e-06 -4.69488e-07 -2.29474e-35 -2.18278e-06 -1.36369e-35 0)
(4.24208e-06 -5.02995e-07 -1.82136e-21 -2.08825e-06 -5.52776e-22 0)
(4.14694e-06 -5.23936e-07 1.78052e-21 -1.99188e-06 5.35528e-22 0)
(4.0561e-06 -5.33248e-07 -9.83703e-22 -1.89558e-06 -8.13877e-22 0)
(3.9703e-06 -5.31694e-07 -9.80088e-22 -1.80087e-06 -7.73215e-22 0)
(3.88987e-06 -5.19886e-07 6.95074e-22 -1.70898e-06 -2.05129e-22 0)
(3.81508e-06 -4.98241e-07 9.68989e-22 -1.62097e-06 6.95973e-22 0)
(3.74626e-06 -4.66881e-07 0 -1.53781e-06 0 0)
(3.68358e-06 -4.2583e-07 0 -1.4606e-06 0 0)
(3.6279e-06 -3.74577e-07 -1.55766e-21 -1.39053e-06 -6.24412e-22 0)
(3.57936e-06 -3.13028e-07 2.74375e-35 -1.32923e-06 1.30515e-35 0)
(3.54038e-06 -2.39354e-07 5.93303e-22 -1.27852e-06 1.72304e-22 0)
(3.51051e-06 -1.55581e-07 0 -1.24145e-06 0 0)
(3.49559e-06 -5.16337e-08 -1.50085e-21 -1.21996e-06 -1.71637e-21 -5.1552e-36)
(4.77536e-06 1.07277e-07 2.70403e-21 -2.41394e-06 1.63118e-21 0)
(4.71817e-06 1.54676e-08 3.25339e-21 -2.41722e-06 5.85036e-22 0)
(4.65667e-06 -8.6763e-08 -3.99874e-21 -2.39491e-06 -1.52561e-21 0)
(4.57846e-06 -1.74723e-07 -1.96579e-21 -2.35306e-06 -7.19884e-22 0)
(4.496e-06 -2.5191e-07 2.82623e-21 -2.29539e-06 1.66507e-21 0)
(4.40749e-06 -3.16495e-07 9.76343e-22 -2.22575e-06 -3.11378e-22 0)
(4.318e-06 -3.68369e-07 2.23771e-35 -2.14778e-06 1.79552e-35 0)
(4.22827e-06 -4.07835e-07 -2.75716e-21 -2.06435e-06 -1.47786e-21 0)
(4.14051e-06 -4.35305e-07 1.77775e-21 -1.97796e-06 5.74897e-22 0)
(4.05555e-06 -4.51378e-07 1.74128e-21 -1.89063e-06 5.6502e-22 0)
(3.97442e-06 -4.56597e-07 -9.31395e-37 -1.80403e-06 2.07229e-36 0)
(3.8977e-06 -4.51442e-07 0 -1.71957e-06 0 0)
(3.82592e-06 -4.36288e-07 9.5111e-22 -1.63853e-06 7.03511e-22 0)
(3.75963e-06 -4.11306e-07 9.47359e-22 -1.56209e-06 6.70694e-22 0)
(3.69928e-06 -3.76631e-07 9.42368e-22 -1.49156e-06 6.40411e-22 0)
(3.64584e-06 -3.31982e-07 -1.56536e-21 -1.42834e-06 -6.51085e-22 0)
(3.59984e-06 -2.77497e-07 9.28875e-22 -1.37422e-06 5.90029e-22 0)
(3.5634e-06 -2.1188e-07 1.52997e-21 -1.33116e-06 7.38278e-22 0)
(3.53705e-06 -1.37244e-07 0 -1.30232e-06 0 0)
(3.525e-06 -4.53757e-08 -1.51348e-21 -1.28963e-06 -1.71994e-21 -5.19858e-36)
(4.65539e-06 1.84189e-07 -1.44198e-21 -2.30346e-06 -2.202e-21 0)
(4.61309e-06 9.90566e-08 1.98066e-21 -2.31587e-06 8.12702e-22 0)
(4.56715e-06 3.8272e-09 -3.92187e-21 -2.30414e-06 -1.54777e-21 0)
(4.50367e-06 -8.05541e-08 -4.67495e-21 -2.27411e-06 -2.45323e-21 0)
(4.43521e-06 -1.56677e-07 4.64715e-21 -2.2287e-06 2.36499e-21 0)
(4.3593e-06 -2.22219e-07 3.74339e-21 -2.1712e-06 1.34653e-21 0)
(4.28103e-06 -2.76725e-07 0 -2.10485e-06 0 0)
(4.20101e-06 -3.19993e-07 -1.80373e-21 -2.03232e-06 -6.25688e-22 0)
(4.12157e-06 -3.52096e-07 9.12464e-22 -1.95602e-06 8.39828e-22 0)
(4.04365e-06 -3.73311e-07 2.17992e-35 -1.87797e-06 1.59165e-35 0)
(3.96844e-06 -3.8397e-07 -8.01499e-36 -1.79992e-06 1.82342e-36 0)
(3.89671e-06 -3.8441e-07 1.2474e-36 -1.72341e-06 6.03471e-36 0)
(3.8292e-06 -3.74948e-07 -7.13359e-22 -1.64983e-06 9.96054e-23 0)
(3.76662e-06 -3.5578e-07 -6.40597e-36 -1.58053e-06 -4.67557e-36 0)
(3.70966e-06 -3.27128e-07 2.51988e-21 -1.51695e-06 1.29752e-21 0)
(3.65933e-06 -2.88914e-07 -1.57115e-21 -1.46062e-06 -6.74794e-22 0)
(3.61649e-06 -2.41477e-07 9.96048e-35 -1.41346e-06 5.38714e-35 0)
(3.58299e-06 -1.84013e-07 3.07676e-21 -1.37746e-06 1.50422e-21 0)
(3.56009e-06 -1.18674e-07 0 -1.35581e-06 0 0)
(3.55065e-06 -3.90527e-08 -1.52449e-21 -1.35038e-06 -1.71656e-21 -5.2364e-36)
(4.53315e-06 2.41898e-07 -2.01393e-21 -2.19865e-06 -1.02716e-21 0)
(4.50334e-06 1.64377e-07 0 -2.21732e-06 0 0)
(4.47047e-06 7.7279e-08 -1.91942e-21 -2.21363e-06 -7.80736e-22 0)
(4.42012e-06 -2.04491e-09 -3.79561e-21 -2.19315e-06 -1.50455e-21 0)
(4.36441e-06 -7.53514e-08 1.35404e-35 -2.15815e-06 1.59139e-35 0)
(4.3005e-06 -1.40009e-07 4.51056e-21 -2.1114e-06 2.30142e-21 0)
(4.23326e-06 -1.95299e-07 8.42079e-22 -2.05573e-06 8.82641e-22 0)
(4.16319e-06 -2.40606e-07 -2.71295e-21 -1.99355e-06 -4.54897e-22 0)
(4.09259e-06 -2.75723e-07 8.79246e-22 -1.92712e-06 -1.86255e-22 0)
(4.02245e-06 -3.00644e-07 3.45412e-21 -1.85839e-06 1.26408e-21 0)
(3.95405e-06 -3.15509e-07 -8.99254e-22 -1.7891e-06 -7.68161e-22 0)
(3.88826e-06 -3.20518e-07 -7.6401e-22 -1.72082e-06 1.08637e-22 0)
(3.82599e-06 -3.15924e-07 9.954e-36 -1.65502e-06 1.00067e-35 0)
(3.76805e-06 -3.01937e-07 -9.10493e-22 -1.59314e-06 -6.84022e-22 0)
(3.71529e-06 -2.78845e-07 1.56265e-35 -1.53667e-06 1.13312e-35 0)
(3.66876e-06 -2.46748e-07 9.07407e-22 -1.48723e-06 6.38552e-22 0)
(3.62956e-06 -2.0615e-07 -9.03315e-22 -1.44676e-06 -6.21174e-22 0)
(3.59928e-06 -1.56693e-07 1.54537e-21 -1.41726e-06 7.63028e-22 0)
(3.57969e-06 -1.00516e-07 1.78133e-21 -1.40182e-06 1.20376e-21 0)
(3.57254e-06 -3.28895e-08 -1.09281e-21 -1.4022e-06 -1.10579e-21 -3.75365e-36)
(4.41154e-06 2.83471e-07 2.46788e-21 -2.10079e-06 1.71916e-21 0)
(4.39203e-06 2.13866e-07 1.88575e-21 -2.12323e-06 8.06032e-22 0)
(4.37002e-06 1.3526e-07 -3.75259e-21 -2.12544e-06 -1.56853e-21 0)
(4.33123e-06 6.18309e-08 -3.01014e-21 -2.11258e-06 -6.17431e-22 0)
(4.287e-06 -7.48425e-09 1.09508e-21 -2.08633e-06 -1.56636e-22 0)
(4.23432e-06 -6.99018e-08 1.04077e-21 -2.04903e-06 -1.62524e-22 0)
(4.1777e-06 -1.24518e-07 -8.04419e-22 -2.00306e-06 -8.60025e-22 0)
(4.1175e-06 -1.7041e-07 9.40635e-22 -1.95056e-06 -1.56576e-22 0)
(4.05595e-06 -2.07149e-07 8.95416e-22 -1.89358e-06 -1.44872e-22 0)
(3.99399e-06 -2.34496e-07 0 -1.83395e-06 0 0)
(3.93296e-06 -2.52423e-07 -1.68864e-21 -1.77336e-06 -6.56025e-22 0)
(3.87378e-06 -2.61013e-07 -2.54463e-21 -1.71335e-06 -1.3929e-21 0)
(3.81743e-06 -2.60455e-07 7.518e-22 -1.65539e-06 -4.71733e-23 0)
(3.7648e-06 -2.50965e-07 3.43245e-35 -1.60095e-06 1.86689e-35 0)
(3.71684e-06 -2.32884e-07 -2.48751e-21 -1.55154e-06 -1.35784e-21 0)
(3.67462e-06 -2.06463e-07 -8.90691e-22 -1.50878e-06 -6.47805e-22 0)
(3.63937e-06 -1.72338e-07 1.56259e-21 -1.47459e-06 7.39958e-22 0)
(3.61245e-06 -1.30546e-07 -2.43454e-21 -1.4509e-06 -1.39436e-21 0)
(3.59601e-06 -8.31736e-08 -2.42182e-21 -1.44065e-06 -1.42498e-21 0)
(3.59084e-06 -2.70192e-08 7.70874e-22 -1.44546e-06 8.4762e-22 -1.32392e-36)
(4.29248e-06 3.11398e-07 1.843e-21 -2.01022e-06 8.05204e-22 0)
(4.28143e-06 2.49604e-07 3.00959e-21 -2.03452e-06 2.54707e-21 0)
(4.26839e-06 1.79447e-07 -3.03411e-21 -2.04085e-06 -6.94366e-22 0)
(4.23972e-06 1.12305e-07 -2.49298e-21 -2.0339e-06 -1.64234e-21 0)
(4.20576e-06 4.77038e-08 2.9015e-21 -2.01489e-06 6.36889e-22 0)
(4.16344e-06 -1.15453e-08 3.57519e-21 -1.98574e-06 1.46638e-21 0)
(4.11687e-06 -6.44105e-08 -2.37897e-35 -1.94843e-06 -1.32527e-35 0)
(4.06628e-06 -1.09753e-07 -3.49177e-21 -1.90483e-06 -1.40485e-21 0)
(4.01373e-06 -1.46975e-07 1.63488e-21 -1.85676e-06 1.59442e-21 0)
(3.96013e-06 -1.75658e-07 2.5348e-21 -1.80587e-06 1.45902e-21 0)
(3.90678e-06 -1.95638e-07 3.3736e-21 -1.75375e-06 2.18607e-21 0)
(3.8546e-06 -2.06898e-07 -9.44973e-35 -1.70187e-06 -4.79794e-35 0)
(3.80462e-06 -2.09573e-07 -7.67505e-22 -1.65166e-06 2.30816e-23 0)
(3.75775e-06 -2.03884e-07 1.74177e-21 -1.60455e-06 1.37784e-21 0)
(3.715e-06 -1.9021e-07 2.4684e-21 -1.56202e-06 1.38067e-21 0)
(3.67741e-06 -1.68932e-07 -1.57892e-21 -1.52564e-06 -7.28562e-22 0)
(3.64629e-06 -1.4079e-07 1.46199e-34 -1.49726e-06 8.55647e-35 0)
(3.62278e-06 -1.06157e-07 3.97968e-21 -1.4787e-06 2.19009e-21 0)
(3.60924e-06 -6.70362e-08 -2.41391e-21 -1.47268e-06 -1.43899e-21 0)
(3.60573e-06 -2.15733e-08 -2.32221e-21 -1.48064e-06 -2.52021e-21 -1.19647e-35)
(4.17707e-06 3.27782e-07 3.91553e-23 -1.9269e-06 1.31367e-22 0)
(4.17302e-06 2.73383e-07 5.58371e-22 -1.95164e-06 8.3795e-22 0)
(4.16746e-06 2.1128e-07 1.78933e-21 -1.96068e-06 7.8453e-22 0)
(4.14766e-06 1.50477e-07 -3.03595e-35 -1.95825e-06 -2.098e-35 0)
(4.12286e-06 9.09609e-08 0 -1.94518e-06 0 0)
(4.09008e-06 3.54869e-08 7.15298e-22 -1.92304e-06 8.25668e-22 0)
(4.05294e-06 -1.4843e-08 7.44977e-22 -1.89344e-06 8.1296e-22 0)
(4.01158e-06 -5.87516e-08 -9.51678e-22 -1.85795e-06 7.74536e-23 0)
(3.96785e-06 -9.55285e-08 -3.00386e-35 -1.81816e-06 -9.48142e-36 0)
(3.92258e-06 -1.24619e-07 -5.50493e-35 -1.77555e-06 -2.74338e-35 0)
(3.877e-06 -1.45761e-07 -8.33958e-35 -1.73154e-06 -3.93761e-35 0)
(3.83202e-06 -1.58855e-07 8.37504e-22 -1.68751e-06 7.24544e-22 0)
(3.78864e-06 -1.63998e-07 -7.80482e-22 -1.64481e-06 8.40057e-25 0)
(3.74778e-06 -1.61412e-07 8.52158e-22 -1.60476e-06 6.89015e-22 0)
(3.71046e-06 -1.51509e-07 2.44877e-21 -1.56881e-06 1.39913e-21 0)
(3.67765e-06 -1.34776e-07 2.43596e-21 -1.53842e-06 1.40173e-21 0)
(3.65071e-06 -1.12032e-07 0 -1.5153e-06 0 0)
(3.63058e-06 -8.39289e-08 8.54033e-22 -1.50117e-06 6.44536e-22 0)
(3.61967e-06 -5.2362e-08 8.50565e-22 -1.49844e-06 6.43365e-22 0)
(3.61751e-06 -1.66358e-08 -1.99311e-35 -1.50841e-06 -2.07019e-35 -9.40604e-64)
(4.06585e-06 3.34092e-07 1.28281e-21 -1.85047e-06 9.85091e-23 0)
(4.06777e-06 2.86545e-07 1.20669e-21 -1.87464e-06 -1.90015e-23 0)
(4.06856e-06 2.31971e-07 -1.74686e-21 -1.88534e-06 -7.82474e-22 0)
(4.05663e-06 1.77329e-07 -1.74174e-21 -1.88634e-06 -7.7572e-22 0)
(4.04009e-06 1.23029e-07 2.39511e-21 -1.87816e-06 1.57251e-21 0)
(4.01609e-06 7.1695e-08 1.72433e-21 -1.86203e-06 7.55409e-22 0)
(3.98778e-06 2.44539e-08 3.11137e-36 -1.83924e-06 1.11168e-35 0)
(3.9552e-06 -1.73443e-08 -9.4855e-22 -1.8111e-06 4.28612e-23 0)
(3.91998e-06 -5.29242e-08 1.68307e-21 -1.77895e-06 7.26612e-22 0)
(3.88286e-06 -8.16411e-08 1.66713e-21 -1.74407e-06 7.20846e-22 0)
(3.84499e-06 -1.03164e-07 -8.0649e-22 -1.70774e-06 -7.33229e-22 0)
(3.80721e-06 -1.17338e-07 -2.45351e-21 -1.67118e-06 -1.43563e-21 0)
(3.77049e-06 -1.24228e-07 -2.44716e-21 -1.63562e-06 -1.42386e-21 0)
(3.73571e-06 -1.24064e-07 -8.34972e-22 -1.6023e-06 -6.87958e-22 0)
(3.70387e-06 -1.17282e-07 7.51076e-22 -1.57252e-06 6.3319e-23 0)
(3.67588e-06 -1.04453e-07 -8.4123e-22 -1.54765e-06 -6.64495e-22 0)
(3.65306e-06 -8.64526e-08 8.41372e-22 -1.52925e-06 6.56592e-22 0)
(3.63617e-06 -6.41599e-08 7.21281e-22 -1.51884e-06 1.32714e-22 0)
(3.6276e-06 -3.93417e-08 2.88469e-36 -1.51857e-06 2.24614e-36 0)
(3.62649e-06 -1.22686e-08 -1.97408e-21 -1.52954e-06 -2.30376e-21 -6.78068e-36)
(3.95908e-06 3.31472e-07 2.47694e-23 -1.7803e-06 9.23569e-23 0)
(3.96636e-06 2.90105e-07 -1.70298e-21 -1.80349e-06 -7.78622e-22 0)
(3.97271e-06 2.42357e-07 5.71391e-22 -1.81502e-06 7.79292e-22 0)
(3.96788e-06 1.9362e-07 -2.31384e-21 -1.81861e-06 -1.5573e-21 0)
(3.9589e-06 1.4453e-07 6.46152e-22 -1.8145e-06 7.79066e-22 0)
(3.94304e-06 9.75637e-08 1.69297e-21 -1.80355e-06 7.62482e-22 0)
(3.92299e-06 5.38184e-08 -9.76478e-22 -1.78681e-06 1.30813e-23 0)
(3.89872e-06 1.46651e-08 -1.67394e-21 -1.76531e-06 -7.46157e-22 0)
(3.87163e-06 -1.90964e-08 1.66231e-21 -1.74016e-06 7.39417e-22 0)
(3.84239e-06 -4.67713e-08 1.64975e-21 -1.71246e-06 7.34535e-22 0)
(3.812e-06 -6.79873e-08 2.42706e-21 -1.6833e-06 1.45471e-21 0)
(3.78128e-06 -8.25546e-08 -2.48664e-35 -1.65375e-06 -1.47984e-35 0)
(3.75111e-06 -9.05205e-08 -1.61056e-21 -1.62491e-06 -7.34942e-22 0)
(3.72233e-06 -9.21197e-08 -8.19747e-22 -1.59788e-06 -6.86059e-22 0)
(3.69588e-06 -8.78073e-08 1.58685e-21 -1.57382e-06 7.49018e-22 0)
(3.6726e-06 -7.8222e-08 -1.57685e-21 -1.55396e-06 -7.59787e-22 0)
(3.65374e-06 -6.42735e-08 2.44685e-35 -1.53968e-06 1.29221e-35 0)
(3.63991e-06 -4.70139e-08 1.56282e-21 -1.53233e-06 7.86547e-22 0)
(3.63336e-06 -2.80735e-08 8.25114e-22 -1.53374e-06 6.58522e-22 0)
(3.63303e-06 -8.50102e-09 -3.68552e-22 -1.54486e-06 -1.52164e-22 -6.3296e-37)
(3.85679e-06 3.20175e-07 -1.3551e-35 -1.71604e-06 -1.15334e-35 0)
(3.86905e-06 2.84514e-07 0 -1.73765e-06 0 0)
(3.88061e-06 2.4315e-07 -5.67188e-22 -1.74981e-06 -7.5129e-22 0)
(3.88251e-06 1.99918e-07 -1.0627e-21 -1.75555e-06 -2.21908e-23 0)
(3.88056e-06 1.5595e-07 -6.38662e-22 -1.75489e-06 -7.53474e-22 0)
(3.87232e-06 1.13515e-07 9.92784e-22 -1.74848e-06 1.65774e-23 0)
(3.86001e-06 7.35857e-08 -6.9783e-22 -1.73709e-06 -7.45831e-22 0)
(3.84356e-06 3.75352e-08 -7.22544e-22 -1.72156e-06 -7.39162e-22 0)
(3.82417e-06 6.13184e-09 8.97895e-22 -1.70278e-06 1.82017e-23 0)
(3.80242e-06 -1.99064e-08 -7.62354e-22 -1.68167e-06 -7.22033e-22 0)
(3.77919e-06 -4.01951e-08 -2.78878e-35 -1.65912e-06 -1.52189e-35 0)
(3.75523e-06 -5.45265e-08 -1.41349e-35 -1.63607e-06 -5.35306e-36 0)
(3.73136e-06 -6.29391e-08 3.3063e-35 -1.61344e-06 1.97919e-35 0)
(3.70835e-06 -6.56736e-08 1.65233e-35 -1.59219e-06 3.6062e-36 0)
(3.68708e-06 -6.31969e-08 2.22401e-35 -1.57335e-06 1.45863e-35 0)
(3.66829e-06 -5.61937e-08 2.203e-35 -1.55796e-06 1.63373e-35 0)
(3.65315e-06 -4.55895e-08 4.09945e-35 -1.54721e-06 2.48112e-35 0)
(3.64214e-06 -3.25591e-08 6.02943e-35 -1.54228e-06 3.72742e-35 0)
(3.63729e-06 -1.85932e-08 -2.37586e-21 -1.5447e-06 -1.46143e-21 0)
(3.63748e-06 -5.34178e-09 -1.06117e-35 -1.55523e-06 -9.27653e-36 -3.12998e-64)
(3.75904e-06 3.00906e-07 9.61683e-24 -1.6567e-06 5.67979e-23 0)
(3.77654e-06 2.70227e-07 9.24455e-36 -1.67783e-06 7.58291e-36 0)
(3.79311e-06 2.34232e-07 -2.19928e-21 -1.6897e-06 -1.49731e-21 0)
(3.80141e-06 1.96492e-07 -1.0266e-21 -1.69711e-06 -4.56231e-23 0)
(3.80624e-06 1.57701e-07 2.63058e-21 -1.69962e-06 8.16849e-22 0)
(3.80523e-06 1.19986e-07 1.6338e-21 -1.69724e-06 7.70124e-22 0)
(3.80019e-06 8.42061e-08 -2.32498e-21 -1.69069e-06 -1.49156e-21 0)
(3.7911e-06 5.16757e-08 -1.62773e-21 -1.68055e-06 -7.60887e-22 0)
(3.77891e-06 2.31306e-08 1.6225e-21 -1.66756e-06 7.56545e-22 0)
(3.76416e-06 -7.28556e-10 2.20106e-36 -1.65243e-06 4.71585e-36 0)
(3.74764e-06 -1.95208e-08 1.02911e-35 -1.63592e-06 1.18866e-35 0)
(3.73001e-06 -3.30387e-08 -1.11927e-35 -1.6188e-06 -2.99372e-36 0)
(3.71204e-06 -4.13177e-08 -2.38305e-21 -1.60183e-06 -1.44153e-21 0)
(3.69443e-06 -4.46027e-08 -4.91471e-35 -1.58582e-06 -2.96924e-35 0)
(3.67799e-06 -4.33629e-08 7.78212e-22 -1.57164e-06 8.89259e-23 0)
(3.66339e-06 -3.83071e-08 -1.5729e-21 -1.56016e-06 -7.71006e-22 0)
(3.65165e-06 -3.03569e-08 8.0528e-22 -1.5524e-06 6.66531e-22 0)
(3.64318e-06 -2.07604e-08 3.12844e-21 -1.54931e-06 1.57526e-21 0)
(3.63972e-06 -1.08711e-08 -8.04782e-22 -1.55213e-06 -6.66415e-22 0)
(3.64021e-06 -2.77655e-09 -1.96489e-21 -1.5615e-06 -2.27343e-21 -6.74909e-36)
(3.66612e-06 2.72682e-07 -5.40669e-36 -1.60308e-06 -2.5491e-36 0)
(3.68834e-06 2.46319e-07 1.58361e-21 -1.62146e-06 7.57778e-22 0)
(3.71063e-06 2.15597e-07 -4.28038e-22 -1.63479e-06 6.36109e-22 0)
(3.72601e-06 1.83441e-07 -1.59979e-21 -1.64469e-06 -7.71685e-22 0)
(3.73724e-06 1.49756e-07 1.60461e-21 -1.64985e-06 7.72519e-22 0)
(3.74313e-06 1.1719e-07 2.27764e-21 -1.6511e-06 1.48004e-21 0)
(3.7449e-06 8.59419e-08 6.94387e-22 -1.64877e-06 7.0791e-22 0)
(3.74263e-06 5.74403e-08 -8.91537e-22 -1.64341e-06 -5.90983e-23 0)
(3.73708e-06 3.22869e-08 8.70886e-22 -1.63555e-06 5.91434e-23 0)
(3.72874e-06 1.11678e-08 7.49251e-22 -1.62575e-06 6.98027e-22 0)
(3.71832e-06 -5.56784e-09 -2.12903e-35 -1.61462e-06 -1.46573e-35 0)
(3.70645e-06 -1.77212e-08 2.36441e-21 -1.60276e-06 1.44596e-21 0)
(3.69383e-06 -2.53288e-08 -2.69223e-36 -1.59081e-06 -2.35299e-36 0)
(3.68111e-06 -2.86313e-08 -6.79503e-35 -1.57943e-06 -3.7978e-35 0)
(3.66904e-06 -2.80859e-08 -7.92481e-22 -1.56931e-06 -6.73792e-22 0)
(3.65822e-06 -2.43963e-08 -2.34595e-21 -1.56118e-06 -8.78611e-22 0)
(3.64953e-06 -1.84578e-08 -1.59387e-21 -1.55583e-06 -1.33601e-21 0)
(3.6433e-06 -1.1536e-08 4.72336e-21 -1.55404e-06 2.90948e-21 0)
(3.64096e-06 -4.85799e-09 7.97139e-22 -1.55677e-06 6.6841e-22 0)
(3.64158e-06 -7.89054e-10 -7.66788e-22 -1.56454e-06 -2.48646e-22 -2.6338e-36)
(3.57751e-06 2.34597e-07 -8.96358e-24 -1.55207e-06 2.39004e-23 0)
(3.61474e-06 2.12165e-07 -2.04142e-21 -1.57762e-06 -7.9441e-22 0)
(3.63496e-06 1.87922e-07 -9.60214e-22 -1.58561e-06 -8.10574e-23 0)
(3.65852e-06 1.60924e-07 1.57081e-21 -1.59776e-06 7.67822e-22 0)
(3.67502e-06 1.33223e-07 2.23404e-21 -1.6054e-06 1.45983e-21 0)
(3.6877e-06 1.05829e-07 6.79709e-22 -1.61009e-06 6.913e-22 0)
(3.69566e-06 7.96139e-08 -1.58675e-21 -1.61159e-06 -7.68954e-22 0)
(3.69965e-06 5.5598e-08 1.58847e-21 -1.61053e-06 7.66564e-22 0)
(3.70003e-06 3.43907e-08 1.58863e-21 -1.6072e-06 7.64128e-22 0)
(3.69736e-06 1.65571e-08 -8.39435e-22 -1.60209e-06 -7.44024e-23 0)
(3.69226e-06 2.41341e-09 0 -1.59563e-06 0 0)
(3.68537e-06 -7.8731e-09 -8.08306e-36 -1.58834e-06 -4.96632e-36 0)
(3.67735e-06 -1.43386e-08 7.7611e-22 -1.58072e-06 6.7869e-22 0)
(3.66885e-06 -1.72102e-08 2.35711e-21 -1.5733e-06 1.44259e-21 0)
(3.66055e-06 -1.69131e-08 7.86079e-22 -1.56663e-06 6.7264e-22 0)
(3.65301e-06 -1.41122e-08 5.40323e-36 -1.56128e-06 2.67603e-36 0)
(3.64698e-06 -9.64575e-09 -2.35641e-21 -1.55785e-06 -1.45115e-21 0)
(3.6427e-06 -4.73451e-09 -1.56402e-21 -1.55694e-06 -7.87221e-22 0)
(3.64126e-06 -4.8187e-10 1.34323e-35 -1.5592e-06 9.57665e-36 0)
(3.64189e-06 6.43915e-10 1.1775e-21 -1.56506e-06 1.46386e-21 -2.02227e-36)
(3.49525e-06 1.84871e-07 -2.96075e-21 -1.50891e-06 -1.47057e-21 0)
(3.53206e-06 1.68507e-07 -5.99034e-22 -1.52827e-06 -6.56172e-22 0)
(3.56761e-06 1.49228e-07 -3.41256e-21 -1.54516e-06 -2.74535e-21 0)
(3.59636e-06 1.28367e-07 -1.54412e-21 -1.55827e-06 -7.6319e-22 0)
(3.62061e-06 1.06998e-07 -1.76588e-35 -1.56868e-06 -1.22314e-35 0)
(3.63962e-06 8.55295e-08 2.43035e-21 -1.57632e-06 8.60147e-22 0)
(3.65381e-06 6.51713e-08 1.44722e-22 -1.58125e-06 -5.89846e-22 0)
(3.66342e-06 4.64669e-08 -3.02629e-21 -1.5838e-06 -2.12662e-21 0)
(3.669e-06 2.99965e-08 7.39244e-22 -1.58423e-06 6.80198e-22 0)
(3.67109e-06 1.61636e-08 -1.49986e-21 -1.58291e-06 -1.35927e-21 0)
(3.67034e-06 5.23343e-09 8.16923e-22 -1.58023e-06 8.49711e-23 0)
(3.66742e-06 -2.66867e-09 -7.66503e-22 -1.57659e-06 -6.76918e-22 0)
(3.66305e-06 -7.57329e-09 -1.57275e-21 -1.57241e-06 -7.66206e-22 0)
(3.65789e-06 -9.67334e-09 -7.7769e-22 -1.56813e-06 -6.73288e-22 0)
(3.65263e-06 -9.32738e-09 2.34981e-21 -1.56418e-06 1.44511e-21 0)
(3.64779e-06 -7.10604e-09 -7.84326e-22 -1.56099e-06 -6.70219e-22 0)
(3.644e-06 -3.73754e-09 7.86155e-22 -1.55898e-06 6.69359e-22 0)
(3.64144e-06 -3.0257e-10 -1.08877e-23 -1.55859e-06 -5.51455e-22 0)
(3.64084e-06 2.21302e-09 -2.3508e-21 -1.56017e-06 -1.45935e-21 0)
(3.64151e-06 1.48728e-09 -1.56956e-21 -1.56402e-06 -2.13213e-21 -2.6956e-36)
(3.4204e-06 1.24866e-07 -4.20693e-36 -1.46798e-06 -4.34261e-36 0)
(3.46679e-06 1.13788e-07 8.50089e-22 -1.49034e-06 9.62245e-23 0)
(3.50937e-06 1.00371e-07 -3.67631e-21 -1.50843e-06 -2.14559e-21 0)
(3.54575e-06 8.65144e-08 -3.72821e-21 -1.52454e-06 -2.17002e-21 0)
(3.57704e-06 7.20973e-08 2.37076e-21 -1.53824e-06 8.65142e-22 0)
(3.60225e-06 5.78299e-08 2.37777e-21 -1.54904e-06 8.65283e-22 0)
(3.62192e-06 4.4211e-08 -2.0811e-35 -1.55722e-06 -1.45581e-35 0)
(3.63627e-06 3.17352e-08 -3.12251e-21 -1.5629e-06 -1.53057e-21 0)
(3.6459e-06 2.07656e-08 1.56539e-21 -1.56639e-06 7.64509e-22 0)
(3.65145e-06 1.15971e-08 8.13745e-22 -1.568e-06 9.0752e-23 0)
(3.65366e-06 4.40934e-09 -2.32908e-21 -1.56812e-06 -1.43742e-21 0)
(3.65334e-06 -7.08829e-10 -1.56858e-21 -1.56712e-06 -7.65248e-22 0)
(3.65129e-06 -3.77869e-09 -7.70673e-22 -1.5654e-06 -6.72115e-22 0)
(3.6483e-06 -4.93715e-09 -7.74865e-22 -1.56337e-06 -6.71243e-22 0)
(3.6451e-06 -4.44188e-09 -7.78438e-22 -1.5614e-06 -6.70395e-22 0)
(3.64225e-06 -2.71572e-09 1.32789e-35 -1.55981e-06 7.57835e-36 0)
(3.64033e-06 -3.10663e-10 7.83572e-22 -1.55891e-06 6.69329e-22 0)
(3.63938e-06 1.92497e-09 1.56259e-21 -1.5589e-06 7.86711e-22 0)
(3.6398e-06 3.19702e-09 0 -1.55987e-06 0 0)
(3.64068e-06 1.67875e-09 -1.95628e-21 -1.5619e-06 -2.24601e-21 -6.71952e-36)
(3.35332e-06 4.28512e-08 3.4953e-21 -1.44065e-06 1.00597e-21 1.72722e-36)
(3.41086e-06 3.88369e-08 2.85083e-21 -1.4647e-06 9.92144e-22 3.40786e-36)
(3.46272e-06 3.40461e-08 6.4671e-22 -1.48655e-06 5.87198e-22 3.02541e-36)
(3.50761e-06 2.94097e-08 -2.23115e-21 -1.50543e-06 -6.98379e-22 1.19941e-36)
(3.54586e-06 2.4478e-08 0 -1.52144e-06 0 0)
(3.57698e-06 1.96034e-08 2.27929e-21 -1.53448e-06 7.09581e-22 1.21865e-36)
(3.60138e-06 1.49505e-08 2.24762e-21 -1.54467e-06 9.94818e-22 5.12558e-36)
(3.61941e-06 1.06937e-08 -8.00542e-22 -1.55218e-06 -4.81078e-23 -8.26215e-38)
(3.63176e-06 6.96477e-09 1.55932e-21 -1.55731e-06 3.81406e-22 -1.46247e-50)
(3.63924e-06 3.86345e-09 3.84178e-21 -1.56038e-06 1.38647e-21 7.14349e-36)
(3.64278e-06 1.45373e-09 1.52517e-21 -1.5618e-06 6.7057e-22 2.30331e-36)
(3.64338e-06 -2.34083e-10 1.53116e-21 -1.56198e-06 6.70647e-22 2.30357e-36)
(3.64207e-06 -1.20624e-09 7.6885e-22 -1.56135e-06 3.35188e-22 5.7566e-37)
(3.63981e-06 -1.51081e-09 1.5448e-21 -1.56032e-06 6.69931e-22 2.30111e-36)
(3.63751e-06 -1.23746e-09 7.76114e-22 -1.55926e-06 3.34739e-22 5.74888e-37)
(3.63584e-06 -5.40626e-10 -1.56263e-21 -1.55847e-06 -1.1015e-22 -3.7835e-37)
(3.63539e-06 3.78727e-10 -7.8301e-22 -1.55819e-06 -3.3451e-22 5.74496e-37)
(3.6361e-06 1.19369e-09 4.69333e-21 -1.55846e-06 1.45564e-21 4.99991e-36)
(3.63805e-06 1.57214e-09 1.57369e-21 -1.55923e-06 6.69466e-22 2.29952e-36)
(3.63978e-06 1.03257e-09 -7.75909e-22 -1.5602e-06 -1.17855e-22 -3.06994e-36)
(4.35992e-06 1.07567e-07 -1.53152e-21 -1.11058e-06 1.12352e-21 0)
(4.42462e-06 3.07942e-07 1.48036e-21 -1.2036e-06 1.54888e-23 0)
(4.54273e-06 4.68996e-07 1.60888e-21 -1.37064e-06 6.06245e-22 0)
(4.70044e-06 5.68808e-07 -1.37298e-21 -1.60174e-06 -1.45899e-21 0)
(4.87769e-06 5.91437e-07 -1.30814e-21 -1.87501e-06 -2.09074e-22 0)
(5.04998e-06 5.28742e-07 4.18006e-21 -2.16454e-06 3.22087e-21 0)
(5.19239e-06 3.80728e-07 4.60679e-21 -2.4426e-06 3.79464e-21 0)
(5.28311e-06 1.55819e-07 1.81381e-21 -2.68259e-06 1.52527e-21 0)
(5.30929e-06 -1.27285e-07 -4.95836e-21 -2.8661e-06 -2.56265e-21 0)
(5.2547e-06 -4.57273e-07 -5.78372e-21 -2.96152e-06 -4.64025e-21 0)
(4.24974e-06 9.98537e-08 -9.41301e-22 -1.13706e-06 -2.24306e-21 0)
(4.3078e-06 2.8734e-07 1.69996e-21 -1.21584e-06 9.82098e-22 0)
(4.41487e-06 4.42762e-07 -5.14779e-22 -1.3575e-06 4.84571e-22 0)
(4.56071e-06 5.48309e-07 3.98735e-22 -1.55484e-06 8.52068e-22 0)
(4.73007e-06 5.90334e-07 -8.32575e-29 -1.79096e-06 -1.53124e-28 0)
(4.90352e-06 5.61369e-07 -2.10831e-21 -2.04552e-06 -1.59782e-21 0)
(5.06035e-06 4.5985e-07 7.88374e-22 -2.29641e-06 1.18678e-21 0)
(5.1773e-06 2.90392e-07 5.71801e-21 -2.52044e-06 6.09721e-21 0)
(5.24115e-06 6.64949e-08 6.05337e-21 -2.70365e-06 4.45438e-21 0)
(5.21416e-06 -2.46854e-07 -2.21077e-22 -2.83338e-06 -6.83817e-22 0)
(4.15544e-06 9.29936e-08 2.18546e-21 -1.16549e-06 -5.3839e-22 0)
(4.20622e-06 2.6846e-07 -5.06644e-21 -1.23353e-06 -1.29644e-23 0)
(4.30002e-06 4.16539e-07 1.53752e-21 -1.35588e-06 5.22262e-22 0)
(4.42863e-06 5.21968e-07 9.90355e-24 -1.52747e-06 -2.90324e-23 0)
(4.57995e-06 5.72696e-07 1.40319e-21 -1.73507e-06 4.27155e-22 0)
(4.73838e-06 5.617e-07 2.33491e-21 -1.96248e-06 1.96802e-21 0)
(4.88906e-06 4.8726e-07 -5.39909e-21 -2.19267e-06 -3.30187e-21 0)
(5.0134e-06 3.52394e-07 -4.52224e-22 -2.40571e-06 -5.24859e-22 0)
(5.10662e-06 1.77395e-07 2.5641e-21 -2.58996e-06 7.06093e-23 0)
(5.13853e-06 -8.20051e-08 1.00786e-21 -2.73368e-06 2.96036e-21 0)
(4.07314e-06 8.63295e-08 -1.38087e-21 -1.19487e-06 1.21375e-21 0)
(4.1179e-06 2.50126e-07 -3.45571e-24 -1.25263e-06 2.83839e-23 0)
(4.20095e-06 3.91203e-07 1.30006e-21 -1.35646e-06 -2.8963e-22 0)
(4.31588e-06 4.96925e-07 4.66689e-22 -1.50271e-06 -4.91783e-22 0)
(4.45312e-06 5.57015e-07 -1.60556e-21 -1.68101e-06 -8.2665e-22 0)
(4.59963e-06 5.64805e-07 -2.52995e-21 -1.87836e-06 -1.37353e-21 0)
(4.74324e-06 5.18067e-07 2.61653e-21 -2.08166e-06 1.58335e-21 0)
(4.86723e-06 4.15131e-07 5.65624e-21 -2.27505e-06 2.84263e-21 0)
(4.96656e-06 2.75063e-07 -2.79062e-21 -2.4499e-06 -1.86925e-21 0)
(5.02999e-06 5.25349e-08 -2.75592e-21 -2.60625e-06 -2.34399e-21 0)
(3.99804e-06 7.97686e-08 -6.4514e-22 -1.223e-06 1.29074e-21 0)
(4.03712e-06 2.31723e-07 -7.33308e-22 -1.2725e-06 -1.00539e-22 0)
(4.10983e-06 3.64385e-07 2.77902e-21 -1.3615e-06 1.33895e-22 0)
(4.21108e-06 4.67003e-07 -1.66303e-21 -1.48749e-06 -1.05163e-21 0)
(4.33334e-06 5.30856e-07 5.43879e-22 -1.64235e-06 1.37808e-21 0)
(4.46627e-06 5.49905e-07 1.6541e-21 -1.81561e-06 8.33524e-22 0)
(4.60029e-06 5.22915e-07 -3.96713e-21 -1.9967e-06 -2.98327e-21 0)
(4.72278e-06 4.46769e-07 9.46979e-22 -2.17251e-06 1.60975e-21 0)
(4.8248e-06 3.39673e-07 6.19028e-21 -2.33295e-06 6.07463e-21 0)
(4.9087e-06 1.60375e-07 1.13627e-21 -2.48291e-06 6.85741e-23 0)
(3.92904e-06 7.38164e-08 -4.2818e-21 -1.24946e-06 -2.43463e-22 0)
(3.96334e-06 2.14999e-07 4.32347e-21 -1.29151e-06 7.73428e-22 0)
(4.0273e-06 3.39906e-07 2.38963e-21 -1.36707e-06 1.34166e-21 0)
(4.11686e-06 4.39411e-07 -2.48244e-21 -1.47439e-06 4.58369e-22 0)
(4.22581e-06 5.06084e-07 -2.33161e-21 -1.60702e-06 -1.03867e-21 0)
(4.34581e-06 5.34197e-07 2.44717e-21 -1.7567e-06 2.67804e-21 0)
(4.46835e-06 5.22696e-07 5.61712e-24 -1.91501e-06 -3.05187e-23 0)
(4.58516e-06 4.67302e-07 -2.31124e-21 -2.07251e-06 -2.01577e-21 0)
(4.6837e-06 3.83417e-07 2.4353e-21 -2.21905e-06 2.14596e-21 0)
(4.77806e-06 2.40362e-07 -2.55537e-22 -2.36108e-06 9.11336e-24 0)
(3.86335e-06 6.81667e-08 -7.05935e-22 -1.27361e-06 -5.89253e-23 0)
(3.89341e-06 1.98968e-07 -2.4528e-21 -1.30949e-06 -2.51204e-21 0)
(3.94958e-06 3.15882e-07 1.76683e-22 -1.37397e-06 7.56109e-22 0)
(4.02863e-06 4.11095e-07 -3.72604e-22 -1.46587e-06 -1.19682e-21 0)
(4.12539e-06 4.7833e-07 -8.00123e-22 -1.57999e-06 -2.1118e-21 0)
(4.23345e-06 5.12459e-07 1.57762e-21 -1.70975e-06 8.02085e-22 0)
(4.34485e-06 5.12759e-07 1.63721e-21 -1.84792e-06 8.77912e-22 0)
(4.4551e-06 4.75102e-07 -2.48271e-21 -1.98749e-06 -2.44219e-21 0)
(4.54832e-06 4.10834e-07 2.33828e-21 -2.11836e-06 2.08853e-21 0)
(4.6452e-06 2.98996e-07 3.60012e-22 -2.2468e-06 -8.73221e-22 0)
(3.79995e-06 6.30157e-08 8.76404e-23 -1.29496e-06 1.84274e-21 0)
(3.82642e-06 1.84302e-07 2.55663e-21 -1.32544e-06 -1.45688e-21 0)
(3.87592e-06 2.93717e-07 1.71625e-22 -1.38015e-06 8.09163e-22 0)
(3.94589e-06 3.84544e-07 2.19142e-21 -1.45835e-06 7.2669e-22 0)
(4.03182e-06 4.5138e-07 -5.11822e-21 -1.55582e-06 -3.58796e-21 0)
(4.12884e-06 4.8962e-07 -2.8779e-21 -1.66746e-06 -2.37506e-21 0)
(4.2293e-06 4.98458e-07 2.19541e-21 -1.78718e-06 8.1803e-22 0)
(4.33178e-06 4.74533e-07 -2.85555e-21 -1.91003e-06 -9.99348e-22 0)
(4.4188e-06 4.25441e-07 1.54095e-21 -2.02662e-06 -2.4689e-22 0)
(4.51372e-06 3.39202e-07 5.75118e-21 -2.14109e-06 4.11811e-21 0)
(3.73726e-06 5.81891e-08 -7.54774e-22 -1.31332e-06 -1.45332e-21 0)
(3.76063e-06 1.7048e-07 1.99634e-22 -1.33925e-06 1.40019e-21 0)
(3.8044e-06 2.7256e-07 -3.60853e-21 -1.38574e-06 -1.20212e-21 0)
(3.86653e-06 3.58654e-07 4.67549e-21 -1.45238e-06 2.63613e-21 0)
(3.943e-06 4.24094e-07 2.95388e-21 -1.53567e-06 2.91845e-21 0)
(4.0302e-06 4.64898e-07 -1.1159e-21 -1.63158e-06 -1.1982e-21 0)
(4.12073e-06 4.80079e-07 -2.37331e-21 -1.73488e-06 -1.23827e-21 0)
(4.2152e-06 4.67241e-07 6.03373e-22 -1.84192e-06 5.63089e-23 0)
(4.29579e-06 4.30574e-07 1.96623e-22 -1.94454e-06 -1.77626e-21 0)
(4.38591e-06 3.64921e-07 -7.07164e-22 -2.04473e-06 7.87874e-22 0)
(3.6743e-06 5.37032e-08 -3.39864e-23 -1.32832e-06 -7.36552e-22 0)
(3.69507e-06 1.57585e-07 9.41151e-22 -1.35031e-06 1.97307e-21 0)
(3.734e-06 2.52651e-07 5.28625e-22 -1.38968e-06 -6.02571e-22 0)
(3.78942e-06 3.33934e-07 -2.36695e-21 -1.44625e-06 -1.48752e-21 0)
(3.85773e-06 3.9733e-07 -8.67901e-22 -1.51714e-06 -6.60287e-22 0)
(3.93622e-06 4.39436e-07 2.0166e-21 -1.59917e-06 1.91336e-21 0)
(4.01785e-06 4.59022e-07 1.75419e-21 -1.68793e-06 1.21328e-21 0)
(4.10444e-06 4.54676e-07 1.17002e-21 -1.78065e-06 -1.77863e-23 0)
(4.17889e-06 4.28025e-07 -1.20305e-21 -1.87051e-06 -8.26624e-23 0)
(4.26293e-06 3.78806e-07 -1.23044e-21 -1.95733e-06 -1.13376e-22 0)
(3.60994e-06 4.94446e-08 -2.70933e-21 -1.3397e-06 -5.0143e-22 0)
(3.62853e-06 1.45291e-07 -5.14799e-23 -1.35834e-06 -3.75445e-22 0)
(3.66342e-06 2.33507e-07 1.29252e-21 -1.3917e-06 -5.47751e-23 0)
(3.71323e-06 3.09834e-07 3.85538e-21 -1.4397e-06 2.26552e-21 0)
(3.77466e-06 3.70638e-07 -1.7407e-21 -1.49996e-06 -1.39102e-21 0)
(3.84564e-06 4.1307e-07 -2.20572e-21 -1.56992e-06 -9.30063e-22 0)
(3.91958e-06 4.35671e-07 1.13804e-21 -1.64589e-06 -1.0104e-22 0)
(3.9988e-06 4.37819e-07 4.22733e-22 -1.72561e-06 8.35767e-22 0)
(4.06757e-06 4.19293e-07 -1.19262e-21 -1.80366e-06 -7.4303e-23 0)
(4.14516e-06 3.83052e-07 5.8895e-22 -1.87822e-06 7.98932e-22 0)
(3.54318e-06 4.53544e-08 1.32814e-21 -1.34719e-06 6.20852e-23 0)
(3.56e-06 1.33439e-07 5.11288e-22 -1.36297e-06 -1.03341e-21 0)
(3.59161e-06 2.14913e-07 -2.29877e-21 -1.39119e-06 -1.62291e-21 0)
(3.63681e-06 2.86139e-07 -1.60853e-21 -1.43185e-06 -1.16292e-21 0)
(3.69257e-06 3.43878e-07 2.1421e-21 -1.48296e-06 2.48635e-21 0)
(3.75722e-06 3.85764e-07 1.80383e-21 -1.54247e-06 1.43263e-21 0)
(3.8247e-06 4.10179e-07 -1.25407e-23 -1.60729e-06 -2.38662e-23 0)
(3.89735e-06 4.17093e-07 -1.1301e-21 -1.6755e-06 3.59682e-23 0)
(3.96114e-06 4.05079e-07 -1.17343e-21 -1.74288e-06 -6.44671e-23 0)
(4.03253e-06 3.79057e-07 -3.63035e-22 -1.8065e-06 -8.23162e-22 0)
(3.47297e-06 4.13334e-08 -6.89761e-22 -1.35019e-06 -7.66781e-22 0)
(3.48839e-06 1.21743e-07 2.13942e-21 -1.36357e-06 1.38233e-21 0)
(3.51742e-06 1.96441e-07 6.69014e-22 -1.38748e-06 1.491e-22 0)
(3.55899e-06 2.62342e-07 -2.5348e-21 -1.42195e-06 -2.16108e-21 0)
(3.61027e-06 3.16562e-07 -4.32532e-21 -1.46533e-06 -1.88069e-21 0)
(3.66983e-06 3.57149e-07 1.79721e-21 -1.51588e-06 1.41146e-21 0)
(3.73213e-06 3.82399e-07 1.45603e-21 -1.57109e-06 6.46607e-22 0)
(3.79922e-06 3.92668e-07 -1.93712e-21 -1.62921e-06 -1.53304e-21 0)
(3.8589e-06 3.858e-07 1.58717e-21 -1.68707e-06 8.35051e-22 0)
(3.92474e-06 3.67751e-07 2.87264e-21 -1.74109e-06 9.42381e-22 0)
(3.3982e-06 3.72814e-08 6.41275e-22 -1.34864e-06 1.17336e-23 0)
(3.41257e-06 1.09914e-07 -5.84015e-22 -1.36001e-06 3.23431e-22 0)
(3.43972e-06 1.77642e-07 2.71476e-21 -1.38033e-06 9.19415e-22 0)
(3.4786e-06 2.37878e-07 -1.65592e-22 -1.40964e-06 1.33287e-21 0)
(3.5266e-06 2.88067e-07 -3.05273e-21 -1.44654e-06 -1.73699e-21 0)
(3.58232e-06 3.26603e-07 3.64963e-22 -1.48955e-06 -4.57602e-22 0)
(3.64077e-06 3.51786e-07 2.48495e-21 -1.53659e-06 5.09757e-22 0)
(3.70354e-06 3.64173e-07 -1.93115e-21 -1.58608e-06 -1.50303e-21 0)
(3.76014e-06 3.61262e-07 -1.98245e-21 -1.6356e-06 -1.53492e-21 0)
(3.82144e-06 3.49351e-07 0 -1.68137e-06 0 0)
(3.3176e-06 3.30912e-08 -1.16016e-21 -1.34104e-06 1.80978e-21 0)
(3.3313e-06 9.76411e-08 1.14934e-21 -1.35077e-06 -5.90286e-22 0)
(3.35725e-06 1.58032e-07 -1.29106e-21 -1.36821e-06 -2.73039e-22 0)
(3.39442e-06 2.12133e-07 5.39525e-22 -1.39337e-06 1.52305e-21 0)
(3.44033e-06 2.57707e-07 -1.72324e-22 -1.42503e-06 -3.93332e-22 0)
(3.49356e-06 2.93445e-07 8.32591e-22 -1.46188e-06 -5.69129e-22 0)
(3.5496e-06 3.17699e-07 1.39714e-21 -1.50222e-06 5.99769e-22 0)
(3.60945e-06 3.31145e-07 -5.71231e-22 -1.54453e-06 8.10699e-22 0)
(3.66422e-06 3.31128e-07 0 -1.58706e-06 0 0)
(3.72216e-06 3.23909e-07 1.60346e-21 -1.62585e-06 7.83707e-22 0)
(3.2298e-06 2.8614e-08 -1.27984e-21 -1.32828e-06 -7.84525e-22 0)
(3.24319e-06 8.44869e-08 2.49035e-21 -1.33671e-06 3.11663e-22 0)
(3.26865e-06 1.36907e-07 -8.46378e-22 -1.35194e-06 1.2109e-21 0)
(3.30512e-06 1.84174e-07 -2.69932e-22 -1.37387e-06 -7.2223e-22 0)
(3.35021e-06 2.24373e-07 1.78405e-21 -1.40144e-06 2.75395e-22 0)
(3.4024e-06 2.56446e-07 -3.91932e-22 -1.43347e-06 -7.3788e-22 0)
(3.4576e-06 2.78887e-07 -1.65666e-21 -1.4685e-06 -1.7672e-22 0)
(3.51616e-06 2.92322e-07 -1.40421e-21 -1.50514e-06 -6.43571e-22 0)
(3.57068e-06 2.94372e-07 9.81116e-22 -1.54202e-06 7.36409e-25 0)
(3.62706e-06 2.90405e-07 0 -1.57552e-06 0 0)
(3.1331e-06 2.37319e-08 -7.1165e-23 -1.30604e-06 -1.0862e-21 0)
(3.14657e-06 7.01085e-08 -2.2908e-21 -1.31355e-06 4.18362e-22 0)
(3.17231e-06 1.13723e-07 4.63595e-22 -1.32728e-06 1.47175e-21 0)
(3.20917e-06 1.53288e-07 2.66496e-21 -1.34702e-06 -2.54814e-22 0)
(3.25484e-06 1.87216e-07 3.6831e-22 -1.37181e-06 7.25215e-22 0)
(3.30763e-06 2.14683e-07 -1.43341e-23 -1.40053e-06 8.41493e-22 0)
(3.36372e-06 2.3431e-07 4.6661e-22 -1.43189e-06 7.20653e-22 0)
(3.42308e-06 2.46737e-07 9.00058e-22 -1.46464e-06 -6.6396e-23 0)
(3.47891e-06 2.49535e-07 -1.48774e-23 -1.49748e-06 -1.24097e-23 0)
(3.53682e-06 2.47975e-07 -9.81462e-22 -1.52756e-06 -1.34746e-21 0)
(3.02572e-06 1.81717e-08 -6.90061e-22 -1.27947e-06 -1.44668e-21 0)
(3.03969e-06 5.3696e-08 -1.9199e-21 -1.2864e-06 -9.22681e-22 0)
(3.06654e-06 8.71617e-08 1.54464e-21 -1.29927e-06 -3.53077e-22 0)
(3.105e-06 1.17695e-07 1.2095e-21 -1.31775e-06 3.18921e-22 0)
(3.15277e-06 1.44066e-07 -2.06544e-21 -1.3409e-06 -9.69287e-22 0)
(3.20793e-06 1.65686e-07 4.70209e-22 -1.36763e-06 7.17194e-22 0)
(3.26693e-06 1.81355e-07 2.91132e-22 -1.39675e-06 -8.59861e-22 0)
(3.32884e-06 1.91741e-07 5.33414e-22 -1.42698e-06 6.91605e-22 0)
(3.38842e-06 1.94367e-07 3.87092e-21 -1.45733e-06 2.68071e-21 0)
(3.44769e-06 1.94677e-07 -6.40813e-22 -1.48502e-06 -6.69482e-22 0)
(2.90491e-06 1.19687e-08 3.39112e-21 -1.23441e-06 1.39085e-22 0)
(2.91992e-06 3.53671e-08 -3.58254e-21 -1.24125e-06 -1.10232e-21 0)
(2.94886e-06 5.74307e-08 -1.55688e-21 -1.25421e-06 -1.25391e-21 0)
(2.99038e-06 7.76715e-08 1.97915e-21 -1.27283e-06 -6.60558e-23 0)
(3.04213e-06 9.52664e-08 -1.20397e-21 -1.29615e-06 -3.96182e-22 0)
(3.10194e-06 1.09846e-07 1.74657e-21 -1.32308e-06 1.15978e-21 0)
(3.16639e-06 1.20545e-07 -1.76588e-23 -1.35241e-06 -1.36589e-23 0)
(3.23382e-06 1.27855e-07 -3.87465e-21 -1.38282e-06 -1.73804e-21 0)
(3.29989e-06 1.29926e-07 3.26362e-21 -1.4135e-06 1.91848e-21 0)
(3.36447e-06 1.30666e-07 4.51189e-21 -1.44182e-06 3.23998e-21 0)
(2.76929e-06 3.92089e-09 5.72521e-22 -1.1937e-06 1.76903e-22 1.96537e-37)
(2.78591e-06 1.15856e-08 1.88446e-22 -1.2008e-06 3.32005e-22 7.31982e-37)
(2.81803e-06 1.88383e-08 1.50889e-21 -1.21441e-06 -3.01627e-24 3.27242e-39)
(2.86417e-06 2.55748e-08 6.90642e-23 -1.23396e-06 4.28221e-22 1.36789e-36)
(2.92193e-06 3.15156e-08 -3.52065e-21 -1.25844e-06 -3.17944e-22 -6.58491e-37)
(2.98893e-06 3.65471e-08 -1.72678e-21 -1.28678e-06 -1.00821e-21 6.1297e-36)
(3.06166e-06 4.03333e-08 3.63701e-21 -1.3176e-06 1.16373e-21 4.58464e-36)
(3.13789e-06 4.30483e-08 -1.88394e-21 -1.34974e-06 -6.04141e-22 1.15058e-36)
(3.21357e-06 4.39342e-08 -2.60854e-21 -1.38192e-06 -9.44484e-22 3.45584e-36)
(3.2871e-06 4.45185e-08 1.33482e-21 -1.41263e-06 3.22535e-22 -1.38215e-39)
)
;

boundaryField
{
    left
    {
        type            symmetryPlane;
        value           nonuniform List<symmTensor> 
30
(
(4.35992e-06 0 0 -1.11058e-06 1.12352e-21 0)
(4.24974e-06 0 0 -1.13706e-06 -2.24306e-21 0)
(4.15544e-06 0 0 -1.16549e-06 -5.3839e-22 0)
(4.07314e-06 0 0 -1.19487e-06 1.21375e-21 0)
(3.99804e-06 0 0 -1.223e-06 1.29074e-21 0)
(3.92904e-06 0 0 -1.24946e-06 -2.43463e-22 0)
(3.86335e-06 0 0 -1.27361e-06 -5.89253e-23 0)
(3.79995e-06 0 0 -1.29496e-06 1.84274e-21 0)
(3.73726e-06 0 0 -1.31332e-06 -1.45332e-21 0)
(3.6743e-06 0 0 -1.32832e-06 -7.36552e-22 0)
(3.60994e-06 0 0 -1.3397e-06 -5.0143e-22 0)
(3.54318e-06 0 0 -1.34719e-06 6.20852e-23 0)
(3.47297e-06 0 0 -1.35019e-06 -7.66781e-22 0)
(3.3982e-06 0 0 -1.34864e-06 1.17336e-23 0)
(3.3176e-06 0 0 -1.34104e-06 1.80978e-21 0)
(3.2298e-06 0 0 -1.32828e-06 -7.84525e-22 0)
(3.1331e-06 0 0 -1.30604e-06 -1.0862e-21 0)
(3.02572e-06 0 0 -1.27947e-06 -1.44668e-21 0)
(2.90491e-06 0 0 -1.23441e-06 1.39085e-22 0)
(2.76929e-06 0 0 -1.1937e-06 1.76903e-22 1.96537e-37)
(1.12877e-05 0 0 -4.238e-06 1.28427e-21 2.35505e-36)
(9.06234e-06 0 0 -2.97156e-06 -1.968e-21 0)
(7.6054e-06 0 0 -2.06316e-06 1.43654e-21 0)
(6.62797e-06 0 0 -1.62265e-06 -9.06146e-22 0)
(5.95282e-06 0 0 -1.32773e-06 -8.78893e-22 0)
(5.47083e-06 0 0 -1.18696e-06 1.88932e-22 0)
(5.11893e-06 0 0 -1.10482e-06 9.07783e-22 0)
(4.85393e-06 0 0 -1.07762e-06 5.39515e-22 0)
(4.65065e-06 0 0 -1.07216e-06 -1.46794e-21 0)
(4.48649e-06 0 0 -1.08678e-06 1.28874e-22 0)
)
;
    }
    right
    {
        type            calculated;
        value           nonuniform List<symmTensor> 
30
(
(2.95732e-06 -3.64439e-16 -2.721e-30 3.29163e-08 4.11284e-23 -4.36219e-37)
(2.96753e-06 -6.70577e-16 -7.46384e-30 9.0976e-09 3.09554e-22 -4.06867e-36)
(2.98735e-06 -9.43849e-16 -1.06797e-29 -3.71452e-08 6.54113e-22 -6.51728e-36)
(3.016e-06 -1.59879e-15 8.52664e-30 -1.03991e-07 -6.32974e-22 -3.29788e-36)
(3.05219e-06 -2.20376e-15 2.58217e-30 -1.88442e-07 1.13272e-22 5.31462e-40)
(3.09465e-06 -2.7492e-15 2.60907e-30 -2.87521e-07 -1.18305e-21 -5.32652e-36)
(3.14146e-06 -3.245e-15 4.33236e-30 -3.96744e-07 -6.97972e-22 -1.54523e-36)
(3.19142e-06 -3.67178e-15 5.66521e-30 -5.13324e-07 4.14477e-22 -8.13833e-39)
(3.24223e-06 -3.89062e-15 5.02453e-32 -6.31864e-07 4.25991e-24 -5.32769e-43)
(3.29296e-06 -4.3554e-15 -3.36782e-30 -7.50249e-07 -3.04036e-22 -4.6781e-39)
(3.34039e-06 -4.52705e-15 3.78985e-30 -8.60901e-07 -7.96386e-22 -1.233e-36)
(3.38319e-06 -3.96145e-15 -3.40175e-30 -9.60768e-07 -4.12512e-22 -5.20314e-51)
(3.4235e-06 -3.4421e-15 4.50293e-30 -1.05483e-06 -2.1347e-21 -6.58983e-36)
(3.46064e-06 -2.95311e-15 7.47051e-30 -1.14148e-06 -1.70419e-21 -5.10639e-36)
(3.49427e-06 -2.54006e-15 7.62097e-30 -1.21996e-06 -1.71637e-21 -5.1552e-36)
(3.52413e-06 -2.32201e-15 7.95673e-30 -1.28963e-06 -1.71994e-21 -5.19858e-36)
(3.55016e-06 -2.39595e-15 8.62149e-30 -1.35038e-06 -1.71656e-21 -5.2364e-36)
(3.57237e-06 -2.87667e-15 1.21487e-29 -1.4022e-06 -1.10579e-21 -3.75365e-36)
(3.59091e-06 -3.68265e-15 -5.56203e-30 -1.44546e-06 8.4762e-22 -1.32392e-36)
(3.60599e-06 -4.80765e-15 1.89656e-29 -1.48064e-06 -2.52021e-21 -1.19647e-35)
(3.61789e-06 -6.2142e-15 2.11148e-43 -1.50841e-06 -2.07019e-35 -9.40604e-64)
(3.62695e-06 -7.49342e-15 8.71014e-30 -1.52954e-06 -2.30376e-21 -6.78068e-36)
(3.63351e-06 -7.90872e-15 1.49488e-29 -1.54486e-06 -1.52164e-22 -6.3296e-37)
(3.63796e-06 -8.54923e-15 2.04765e-43 -1.55523e-06 -9.27653e-36 -3.12998e-64)
(3.64064e-06 -1.17103e-14 1.09728e-29 -1.5615e-06 -2.27343e-21 -6.74909e-36)
(3.64195e-06 -1.96721e-14 5.87689e-29 -1.56454e-06 -2.48646e-22 -2.6338e-36)
(3.64217e-06 -2.9882e-14 1.11631e-29 -1.56506e-06 1.46386e-21 -2.02227e-36)
(3.64172e-06 -4.71483e-14 -6.7811e-29 -1.56402e-06 -2.13213e-21 -2.6956e-36)
(3.64081e-06 -9.27703e-14 -5.45602e-29 -1.5619e-06 -2.24601e-21 -6.71952e-36)
(3.64009e-06 -3.05141e-13 5.59641e-28 -1.5602e-06 -1.17855e-22 -3.06994e-36)
)
;
    }
    down
    {
        type            symmetryPlane;
        value           nonuniform List<symmTensor> 
30
(
(1.53101e-06 0 -9.92575e-22 -4.13278e-06 0 -5.6497e-36)
(1.02386e-06 0 1.47589e-21 -2.73291e-06 0 0)
(7.8183e-07 0 1.94819e-23 -1.9046e-06 0 0)
(8.26713e-07 0 -7.8242e-23 -1.42965e-06 0 0)
(9.44172e-07 0 -8.88676e-22 -1.15576e-06 0 0)
(1.12832e-06 0 1.17645e-21 -1.00232e-06 0 0)
(1.32063e-06 0 1.64864e-22 -9.2113e-07 0 0)
(1.52027e-06 0 -2.17878e-22 -8.82399e-07 0 0)
(1.7071e-06 0 1.17175e-21 -8.70125e-07 0 0)
(1.88566e-06 0 -1.08821e-22 -8.6659e-07 0 0)
(2.05211e-06 0 5.69134e-22 -8.85141e-07 0 0)
(2.19864e-06 0 1.05815e-21 -8.90646e-07 0 0)
(2.33201e-06 0 5.70115e-23 -8.99763e-07 0 0)
(2.45383e-06 0 -9.03762e-22 -9.06215e-07 0 0)
(2.56268e-06 0 -3.60344e-21 -9.08806e-07 0 0)
(2.66061e-06 0 -5.48415e-22 -9.07184e-07 0 0)
(2.74758e-06 0 3.18882e-21 -9.00064e-07 0 0)
(2.82447e-06 0 -3.19916e-21 -8.87213e-07 0 0)
(2.89164e-06 0 2.83662e-22 -8.67836e-07 0 0)
(2.94949e-06 0 1.7556e-21 -8.41486e-07 0 0)
(2.99814e-06 0 2.9836e-22 -8.07447e-07 0 0)
(3.03775e-06 0 3.47529e-21 -7.65019e-07 0 0)
(3.06791e-06 0 3.18461e-21 -7.13292e-07 0 0)
(3.08879e-06 0 -3.45773e-21 -6.51224e-07 0 0)
(3.09877e-06 0 -5.1355e-21 -5.77499e-07 0 0)
(3.09903e-06 0 2.71944e-21 -4.90601e-07 0 0)
(3.0845e-06 0 -6.74651e-23 -3.88544e-07 0 0)
(3.06132e-06 0 1.89383e-21 -2.69214e-07 0 0)
(3.01253e-06 0 1.58461e-21 -1.29247e-07 0 0)
(2.96552e-06 0 3.95377e-22 3.29163e-08 0 -4.36219e-37)
)
;
    }
    up
    {
        type            calculated;
        value           nonuniform List<symmTensor> 
30
(
(2.76929e-06 5.54511e-16 5.72521e-22 -1.18684e-06 -1.82376e-30 1.96537e-37)
(2.78591e-06 1.36475e-15 1.88446e-22 -1.19396e-06 -3.83996e-30 7.31982e-37)
(2.81803e-06 2.12939e-15 1.50889e-21 -1.20773e-06 4.35726e-30 3.27242e-39)
(2.86417e-06 2.96682e-15 6.90642e-23 -1.2275e-06 -6.40631e-30 1.36789e-36)
(2.92193e-06 3.4985e-15 -3.52065e-21 -1.25226e-06 -1.28788e-29 -6.58491e-37)
(2.98893e-06 3.79899e-15 -1.72678e-21 -1.28097e-06 9.60953e-30 6.1297e-36)
(3.06166e-06 3.85567e-15 3.63701e-21 -1.31214e-06 -3.58304e-31 4.58464e-36)
(3.13789e-06 4.26714e-15 -1.88394e-21 -1.34481e-06 -2.54617e-31 1.15058e-36)
(3.21357e-06 4.91863e-15 -2.60854e-21 -1.37724e-06 2.39043e-30 3.45584e-36)
(3.2871e-06 6.44281e-15 1.33482e-21 -1.40876e-06 5.20412e-30 -1.38215e-39)
(3.35332e-06 7.50999e-15 3.4953e-21 -1.43714e-06 9.36855e-30 1.72722e-36)
(3.41086e-06 6.34807e-15 2.85083e-21 -1.4618e-06 -1.8244e-30 3.40786e-36)
(3.46272e-06 5.22953e-15 6.4671e-22 -1.48402e-06 -1.57869e-29 3.02541e-36)
(3.50761e-06 5.02238e-15 -2.23115e-21 -1.50326e-06 -7.70286e-31 1.19941e-36)
(3.54586e-06 4.90201e-15 0 -1.51966e-06 0 0)
(3.57698e-06 4.95452e-15 2.27929e-21 -1.53299e-06 6.08785e-31 1.21865e-36)
(3.60138e-06 5.74883e-15 2.24762e-21 -1.54345e-06 -1.13469e-29 5.12558e-36)
(3.61941e-06 7.23722e-15 -8.00542e-22 -1.55117e-06 -1.02687e-29 -8.26215e-38)
(3.63176e-06 8.70854e-15 1.55932e-21 -1.55647e-06 7.47813e-30 -1.46247e-50)
(3.63924e-06 9.56122e-15 3.84178e-21 -1.55967e-06 -6.58641e-30 7.14349e-36)
(3.64278e-06 9.87925e-15 1.52517e-21 -1.56119e-06 -1.08086e-29 2.30331e-36)
(3.64338e-06 9.69677e-15 1.53116e-21 -1.56145e-06 -1.1759e-29 2.30357e-36)
(3.64207e-06 9.73675e-15 7.6885e-22 -1.56089e-06 -6.4674e-30 5.7566e-37)
(3.63981e-06 1.39014e-14 1.5448e-21 -1.55992e-06 -1.43878e-29 2.30111e-36)
(3.63751e-06 2.04477e-14 7.76114e-22 -1.55893e-06 -8.50145e-30 5.74888e-37)
(3.63584e-06 2.73184e-14 -1.56263e-21 -1.55822e-06 -6.67958e-29 -3.7835e-37)
(3.63539e-06 4.13285e-14 -7.8301e-22 -1.55802e-06 1.00299e-29 5.74496e-37)
(3.6361e-06 6.86903e-14 4.69333e-21 -1.55833e-06 1.0127e-28 4.99991e-36)
(3.63805e-06 1.62793e-13 1.57369e-21 -1.55916e-06 -1.81548e-29 2.29952e-36)
(3.63978e-06 3.486e-13 -7.75909e-22 -1.5599e-06 -6.53647e-28 -3.06994e-36)
)
;
    }
    hole
    {
        type            calculated;
        value           nonuniform List<symmTensor> 
20
(
(1.44288e-06 -3.0064e-06 5.68849e-22 9.69672e-07 -5.2584e-22 -5.50457e-36)
(2.45147e-06 -3.76313e-06 3.5354e-21 6.44583e-07 -2.78709e-21 1.51573e-36)
(3.67255e-06 -4.3351e-06 3.21175e-21 8.12624e-08 -2.14603e-21 -9.28648e-37)
(5.03905e-06 -4.65747e-06 1.4159e-20 -6.69126e-07 -7.93462e-21 3.59613e-35)
(6.46635e-06 -4.68539e-06 -1.05413e-20 -1.53701e-06 4.85964e-21 -3.81596e-43)
(7.85938e-06 -4.3987e-06 -1.63683e-22 -2.44101e-06 5.44053e-23 8.40793e-39)
(9.12069e-06 -3.80443e-06 4.5778e-21 -3.29574e-06 -1.29108e-21 -1.47317e-36)
(1.01591e-05 -2.93664e-06 0 -4.02011e-06 0 0)
(1.08977e-05 -1.85378e-06 8.35973e-21 -4.54508e-06 -9.89454e-22 3.96019e-36)
(1.12802e-05 -6.33597e-07 -7.25467e-21 -4.82017e-06 2.85051e-22 2.35505e-36)
(1.763e-06 2.31742e-07 -1.77803e-22 -4.12581e-06 4.52516e-21 -5.6497e-36)
(1.61305e-06 6.57907e-07 -2.21644e-23 -3.86762e-06 1.87263e-22 -3.27121e-38)
(1.33438e-06 9.74745e-07 6.81536e-22 -3.37207e-06 -3.42628e-21 -2.25822e-36)
(9.72594e-07 1.12271e-06 -2.02114e-22 -2.69157e-06 7.16637e-22 1.33498e-35)
(5.88798e-07 1.06102e-06 1.01386e-21 -1.89577e-06 -2.75208e-21 -5.85869e-37)
(2.53243e-07 7.71981e-07 -8.44706e-23 -1.06542e-06 1.8323e-22 -1.24636e-39)
(3.78654e-08 2.63563e-07 3.64589e-21 -2.85156e-07 -6.51072e-21 -3.83739e-37)
(8.08493e-09 -4.31305e-07 -1.2948e-21 3.65388e-07 1.9378e-21 5.70978e-38)
(2.15402e-07 -1.25754e-06 -1.04141e-21 8.19214e-07 1.32102e-21 -1.37713e-35)
(6.91273e-07 -2.14324e-06 7.43939e-21 1.02862e-06 -8.04788e-21 -1.56881e-35)
)
;
    }
    frontAndBack
    {
        type            empty;
    }
}


// ************************************************************************* //
