/*--------------------------------*- C++ -*----------------------------------*\
| =========                 |                                                 |
| \\      /  F ield         | foam-extend: Open Source CFD                    |
|  \\    /   O peration     | Version:     4.1                                |
|   \\  /    A nd           | Web:         http://www.foam-extend.org         |
|    \\/     M anipulation  |                                                 |
\*---------------------------------------------------------------------------*/
FoamFile
{
    version     2.0;
    format      ascii;
    class       vectorField;
    location    "1";
    object      residualD_iteration121;
}
// * * * * * * * * * * * * * * * * * * * * * * * * * * * * * * * * * * * * * //


1000
(
(3.01590686780192e-11 -4.389260529590866e-11 0)
(2.707695936753836e-11 -4.169263131558714e-11 0)
(2.428010366751891e-11 -3.96058245202798e-11 0)
(2.329619447781168e-11 -3.842570784651672e-11 0)
(2.156576206257913e-11 -3.743228262238334e-11 0)
(2.123206592586398e-11 -3.667244720568234e-11 0)
(1.999943716525859e-11 -3.597603494195833e-11 0)
(1.975332840331284e-11 -3.54358482605878e-11 0)
(1.920286672348079e-11 -3.51801661538588e-11 0)
(1.841815624183825e-11 -3.434068980786159e-11 0)
(2.888112331436452e-11 -4.900174727572096e-11 0)
(2.496442790825452e-11 -4.647310649801379e-11 0)
(2.244374423871048e-11 -4.469845294408474e-11 0)
(2.048785017134854e-11 -4.351827136327838e-11 0)
(1.887200576057779e-11 -4.2550102067514e-11 0)
(1.774356704982766e-11 -4.201190609370132e-11 0)
(1.685988085981351e-11 -4.154864243178298e-11 0)
(1.60925695395415e-11 -4.101864209097709e-11 0)
(1.555141852739662e-11 -4.077221681325093e-11 0)
(1.492223744882596e-11 -4.031489415278698e-11 0)
(2.254400902658287e-11 -5.211213930934744e-11 0)
(1.974810125976894e-11 -5.025153692906524e-11 0)
(1.669286950326988e-11 -4.882242991954871e-11 0)
(1.581960532617028e-11 -4.766628480895489e-11 0)
(1.398024236663599e-11 -4.698702681061903e-11 0)
(1.377801500198737e-11 -4.61583960813978e-11 0)
(1.255535358899874e-11 -4.587119561833477e-11 0)
(1.241114420486603e-11 -4.525700759704018e-11 0)
(1.151515223727367e-11 -4.530164883376373e-11 0)
(1.118894258995586e-11 -4.45107816372327e-11 0)
(2.304574523669486e-11 -5.446775955958034e-11 0)
(1.891085773314142e-11 -5.327100194973747e-11 0)
(1.663436078280476e-11 -5.214363605846838e-11 0)
(1.470631312661119e-11 -5.153110531041799e-11 0)
(1.315559148963718e-11 -5.082290700372446e-11 0)
(1.231326817553482e-11 -5.040655939958869e-11 0)
(1.11739637866081e-11 -5.006630301406464e-11 0)
(1.05791082342106e-11 -4.955805804521795e-11 0)
(9.793617860281429e-12 -4.957941618607226e-11 0)
(9.139492125316314e-12 -4.901146064890969e-11 0)
(1.606311556025945e-11 -5.790278395667088e-11 0)
(1.315451371672389e-11 -5.724677058824073e-11 0)
(1.055943078437847e-11 -5.634453190702013e-11 0)
(9.398186371494816e-12 -5.594369191074605e-11 0)
(8.105170719722943e-12 -5.541656697757875e-11 0)
(7.562163938347028e-12 -5.50005421151753e-11 0)
(6.657035399130307e-12 -5.472642011387914e-11 0)
(6.385134713284461e-12 -5.438009301529894e-11 0)
(5.630288901699938e-12 -5.427363093709561e-11 0)
(5.243534177918841e-12 -5.388119958849589e-11 0)
(1.62167061216253e-11 -6.003537676532667e-11 0)
(1.274727808785923e-11 -5.961789932599658e-11 0)
(1.095571834155337e-11 -5.913940196393918e-11 0)
(9.517019347829651e-12 -5.866174466982986e-11 0)
(8.324542447165419e-12 -5.817353475446219e-11 0)
(7.706642989893579e-12 -5.785615261875791e-11 0)
(6.760243943465939e-12 -5.754886071849221e-11 0)
(6.343842581779648e-12 -5.729929299188677e-11 0)
(5.720249030300103e-12 -5.728348646146956e-11 0)
(5.283117601617858e-12 -5.702736678732443e-11 0)
(9.571563657116321e-12 -6.217358296567628e-11 0)
(7.552003889405114e-12 -6.249923472841668e-11 0)
(5.777505732332117e-12 -6.209848026425294e-11 0)
(4.840126599929142e-12 -6.218051116055699e-11 0)
(3.889102132410431e-12 -6.173827188064408e-11 0)
(3.283704134641689e-12 -6.169465043605528e-11 0)
(2.656209597267503e-12 -6.14609514993862e-11 0)
(2.275531710009663e-12 -6.13875863680519e-11 0)
(1.73789918057508e-12 -6.125632593905392e-11 0)
(1.35350902038074e-12 -6.10924396602151e-11 0)
(9.847562595025982e-12 -6.29176340356502e-11 0)
(7.549411638742846e-12 -6.367119744632708e-11 0)
(6.397159887466078e-12 -6.370839007886961e-11 0)
(5.389553734084683e-12 -6.381246959032208e-11 0)
(4.686049908295214e-12 -6.348428697385812e-11 0)
(4.314872785227552e-12 -6.33723114437268e-11 0)
(3.783140276135886e-12 -6.312764771753411e-11 0)
(3.62413936896138e-12 -6.30547942928321e-11 0)
(3.166374631749874e-12 -6.302555244001597e-11 0)
(2.96997454244839e-12 -6.298924085226278e-11 0)
(3.035883586075784e-12 -6.492787581228086e-11 0)
(2.196649851503837e-12 -6.573664219354692e-11 0)
(1.428649942231116e-12 -6.562273548244877e-11 0)
(1.085896493077812e-12 -6.587156984486914e-11 0)
(7.118200940874565e-13 -6.550817789889331e-11 0)
(3.561479164116554e-13 -6.560658327078368e-11 0)
(1.355821854762082e-13 -6.533433441843344e-11 0)
(-1.362948690816429e-13 -6.544773978240504e-11 0)
(-3.691726377088115e-13 -6.51611504533161e-11 0)
(-5.68838176871703e-13 -6.529729886947604e-11 0)
(3.32304444463314e-12 -6.476888533507039e-11 0)
(2.711969155360768e-12 -6.591485514783732e-11 0)
(2.49016926396952e-12 -6.605703382971697e-11 0)
(2.092972224073163e-12 -6.644712230734703e-11 0)
(1.88436902935369e-12 -6.613291866101185e-11 0)
(1.840386224409381e-12 -6.628002327505257e-11 0)
(1.654353907939313e-12 -6.593487046445095e-11 0)
(1.766793966463359e-12 -6.612530737074302e-11 0)
(1.694152059723738e-12 -6.588843213104733e-11 0)
(1.719442642368805e-12 -6.600747134097179e-11 0)
(5.085494657215644e-11 -2.546311290551748e-13 0)
(5.189134607922529e-11 -8.791487491925675e-13 0)
(5.212139037357999e-11 -7.566659386553464e-13 0)
(5.22237599516792e-11 -5.065438070184493e-13 0)
(5.217176186029647e-11 -5.196670910753327e-13 0)
(5.199106487075767e-11 -2.709361262154446e-13 0)
(5.202706199242656e-11 -3.205320307451946e-13 0)
(5.170160839259737e-11 -1.787062932569467e-13 0)
(5.186262109144329e-11 -2.965294253554745e-13 0)
(5.148949502764609e-11 -5.204533020572914e-14 0)
(5.073119705810102e-11 -8.27630625378345e-12 0)
(5.149639464634695e-11 -6.693687427528157e-12 0)
(5.132625266937863e-11 -5.803144239681501e-12 0)
(5.155160266431278e-11 -5.345698463473798e-12 0)
(5.11796775857859e-11 -4.824758279593188e-12 0)
(5.122588849686642e-11 -4.683428720888069e-12 0)
(5.10281329285859e-11 -4.254734029790977e-12 0)
(5.095771987206487e-11 -4.216348620637372e-12 0)
(5.097103418553007e-11 -3.86707401582437e-12 0)
(5.080342501803701e-11 -3.807600101470674e-12 0)
(5.003453877960218e-11 -9.365518858378031e-12 0)
(5.038115192181403e-11 -8.170804745375632e-12 0)
(5.053661710107467e-11 -7.222965047622999e-12 0)
(5.016649867593593e-11 -6.429238068115966e-12 0)
(5.010708247814213e-11 -5.990719444076356e-12 0)
(4.976258983195349e-11 -5.579294385832878e-12 0)
(4.965501382078143e-11 -5.32512171214507e-12 0)
(4.929057879299886e-11 -4.988950908467023e-12 0)
(4.928487149960229e-11 -4.781026131131353e-12 0)
(4.898390042655979e-11 -4.483706669094858e-12 0)
(4.823692063976779e-11 -1.733850953052753e-11 0)
(4.85829238265808e-11 -1.442295785714188e-11 0)
(4.779300254772079e-11 -1.255521269908037e-11 0)
(4.808819930230413e-11 -1.13752373828226e-11 0)
(4.725541184062713e-11 -1.058261245018198e-11 0)
(4.746704169934836e-11 -9.953674302234055e-12 0)
(4.683129478654691e-11 -9.423065465370254e-12 0)
(4.697218061406878e-11 -9.117529633700948e-12 0)
(4.656094166396131e-11 -8.629835554249153e-12 0)
(4.670973427960697e-11 -8.382397489651687e-12 0)
(4.641292812072385e-11 -1.860956561150099e-11 0)
(4.615993488220721e-11 -1.624809124984769e-11 0)
(4.577367566391876e-11 -1.463227765711191e-11 0)
(4.530309536408687e-11 -1.33449415787319e-11 0)
(4.489246069855236e-11 -1.248550252819039e-11 0)
(4.449211928231509e-11 -1.189283594767922e-11 0)
(4.411420162685561e-11 -1.141757845271374e-11 0)
(4.380848202284982e-11 -1.093100978452885e-11 0)
(4.352638998322427e-11 -1.058617713005332e-11 0)
(4.342678855387463e-11 -1.007867625853996e-11 0)
(4.547387095336323e-11 -2.566452163115026e-11 0)
(4.438789124475871e-11 -2.218775029420541e-11 0)
(4.319281482128124e-11 -1.970657164748442e-11 0)
(4.235386342807737e-11 -1.827037721372644e-11 0)
(4.161358920500762e-11 -1.700323956668571e-11 0)
(4.098255739604218e-11 -1.639240574068852e-11 0)
(4.06375437000232e-11 -1.567658188979783e-11 0)
(3.995408821444071e-11 -1.536930544979201e-11 0)
(4.007967661335551e-11 -1.467964835243596e-11 0)
(3.930691947258656e-11 -1.452016795301961e-11 0)
(4.146345883811912e-11 -2.795448151073024e-11 0)
(4.024542120646469e-11 -2.471804395966115e-11 0)
(3.91530143170304e-11 -2.270362936686559e-11 0)
(3.838053067404487e-11 -2.115571432538879e-11 0)
(3.760221615806853e-11 -2.008772635383877e-11 0)
(3.701866197237565e-11 -1.939308018087106e-11 0)
(3.632788189776682e-11 -1.877030785721624e-11 0)
(3.603294436141739e-11 -1.835347345452605e-11 0)
(3.544587855095575e-11 -1.786682080217842e-11 0)
(3.543409599246961e-11 -1.746096424301389e-11 0)
(4.046653463327983e-11 -3.415795656907962e-11 0)
(3.830829190196193e-11 -3.043899042681681e-11 0)
(3.640365484127565e-11 -2.783499893018756e-11 0)
(3.510604066213367e-11 -2.635453493579773e-11 0)
(3.406565055047825e-11 -2.490221124270082e-11 0)
(3.290670307829073e-11 -2.428471784303771e-11 0)
(3.251049583077129e-11 -2.357361609697627e-11 0)
(3.142622160597141e-11 -2.321384572061416e-11 0)
(3.141876511900079e-11 -2.280619961661865e-11 0)
(3.047546661797772e-11 -2.231212160278977e-11 0)
(3.613337513197217e-11 -3.652933180414293e-11 0)
(3.374194388955739e-11 -3.324207358186154e-11 0)
(3.18069934461744e-11 -3.093888582193893e-11 0)
(3.082710489764206e-11 -2.955784263597001e-11 0)
(2.956938207487707e-11 -2.845797809380044e-11 0)
(2.886943622047439e-11 -2.778192652475372e-11 0)
(2.796594917184187e-11 -2.723578367844784e-11 0)
(2.735103936714519e-11 -2.674245990794799e-11 0)
(2.690373355445891e-11 -2.650531011572942e-11 0)
(2.611319673477818e-11 -2.597819767716795e-11 0)
(3.485526630505321e-11 -4.235200474229959e-11 0)
(3.162839338115362e-11 -3.895801642696851e-11 0)
(2.922292327478181e-11 -3.639383131400215e-11 0)
(2.738880918557011e-11 -3.507035924917734e-11 0)
(2.612370556086313e-11 -3.357987505063246e-11 0)
(2.452619093327677e-11 -3.316683902092573e-11 0)
(2.415657123336166e-11 -3.22776254538607e-11 0)
(2.251782222018801e-11 -3.239810766692292e-11 0)
(2.287297530165006e-11 -3.154874872824283e-11 0)
(2.119869849597286e-11 -3.216475007724849e-11 0)
(5.178783321480107e-11 -1.800218052303398e-13 0)
(5.147057734037678e-11 -2.256947015088283e-14 0)
(5.177327487244737e-11 -1.247513838929935e-13 0)
(5.151461323351772e-11 -4.616504379244752e-14 0)
(5.165514507852249e-11 -4.645567855656135e-14 0)
(5.15243159141251e-11 -1.115036488541301e-13 0)
(5.154525957226566e-11 2.784503469601974e-14 0)
(5.151781636194207e-11 -1.985692653402742e-13 0)
(5.143379053912236e-11 4.22405774012561e-14 0)
(5.128935590192825e-11 -2.957241755524095e-14 0)
(5.111298228513845e-11 1.160958545931525e-13 0)
(5.086019367461615e-11 1.04283746655118e-13 0)
(5.062344123733827e-11 1.434904787788455e-13 0)
(5.029531843783892e-11 1.128383518412342e-13 0)
(4.989042601301954e-11 1.467149309817553e-13 0)
(4.938446249258261e-11 1.82498720787262e-13 0)
(4.873323338815116e-11 1.928632118030068e-13 0)
(4.795909996185261e-11 3.86942499163404e-13 0)
(4.7047197680897e-11 4.307887456569202e-13 0)
(4.591389754363026e-11 7.379380680199528e-13 0)
(5.115231786641694e-11 -3.504828019710933e-12 0)
(5.091406783576174e-11 -3.305989532125197e-12 0)
(5.143873097288336e-11 -3.080788265061917e-12 0)
(5.098245927701574e-11 -2.719024744992726e-12 0)
(5.153676699807625e-11 -2.626104917136812e-12 0)
(5.099219704158811e-11 -2.212826241309436e-12 0)
(5.150789299738753e-11 -2.207461060874686e-12 0)
(5.103878817129585e-11 -1.757471359029501e-12 0)
(5.133627894575838e-11 -1.559393788561963e-12 0)
(5.093786338981849e-11 -1.193610704208997e-12 0)
(5.096931563491277e-11 -8.266850399822718e-13 0)
(5.062973264288197e-11 -5.056760035861964e-13 0)
(5.039275327008382e-11 -1.459850489447854e-13 0)
(5.001834368658652e-11 2.448832286288264e-13 0)
(4.950369731183856e-11 6.019635323152377e-13 0)
(4.89658872189386e-11 9.897032419625814e-13 0)
(4.818724507612089e-11 1.432318158711326e-12 0)
(4.738066485801697e-11 1.67888996542213e-12 0)
(4.637555428650536e-11 2.177640999062893e-12 0)
(4.525887335853972e-11 2.499896068447509e-12 0)
(4.930063342350804e-11 -4.197622944522089e-12 0)
(4.928297493287839e-11 -3.885677724345986e-12 0)
(4.964868323188054e-11 -3.502005443523193e-12 0)
(4.956304518642891e-11 -3.237118543383628e-12 0)
(4.988793479529438e-11 -2.933433194971261e-12 0)
(4.974215157762969e-11 -2.685338286041483e-12 0)
(5.011120448532975e-11 -2.402427129671451e-12 0)
(4.993031736939653e-11 -2.133046830754666e-12 0)
(5.023649622489515e-11 -1.706220702942227e-12 0)
(5.000780237281833e-11 -1.285851066613843e-12 0)
(5.007384375208551e-11 -9.360217499821935e-13 0)
(4.978632153797661e-11 -4.029287177374869e-13 0)
(4.958692566622755e-11 -6.723275231682327e-14 0)
(4.915553897205738e-11 4.198398993094752e-13 0)
(4.875724188855227e-11 8.498608556114877e-13 0)
(4.817184335214375e-11 1.345134617843901e-12 0)
(4.760150365971582e-11 1.834596930891838e-12 0)
(4.675596397956844e-11 2.462234095622111e-12 0)
(4.592833901914445e-11 3.086716521236378e-12 0)
(4.479311698432614e-11 3.871092898268929e-12 0)
(4.676760968667807e-11 -7.739831573124161e-12 0)
(4.734110451047992e-11 -7.151851711360616e-12 0)
(4.764301292663142e-11 -6.604865683063151e-12 0)
(4.785191868798851e-11 -6.019660214149435e-12 0)
(4.832684306250004e-11 -5.597065828062213e-12 0)
(4.823303743925704e-11 -5.016222271521993e-12 0)
(4.880327430526377e-11 -4.547646458116507e-12 0)
(4.862883088729476e-11 -3.831639496770354e-12 0)
(4.899724097613511e-11 -3.281222873955882e-12 0)
(4.879814251529069e-11 -2.439403503795575e-12 0)
(4.886085320671267e-11 -1.858811978742299e-12 0)
(4.854519659059244e-11 -1.087936681580668e-12 0)
(4.83199438366576e-11 -4.069463969947538e-13 0)
(4.783947467548892e-11 3.799837304498171e-13 0)
(4.738688199623852e-11 1.126978927860623e-12 0)
(4.6792516517639e-11 1.934602671872104e-12 0)
(4.610069963841775e-11 2.861137361537275e-12 0)
(4.529539887478333e-11 3.660593127959893e-12 0)
(4.436693737229924e-11 4.796549321220524e-12 0)
(4.327848164788233e-11 5.885673051030417e-12 0)
(4.363976849617692e-11 -9.4410492545146e-12 0)
(4.429085405355791e-11 -8.831468956466294e-12 0)
(4.487537395357002e-11 -7.73997752002714e-12 0)
(4.523463715398229e-11 -7.566595103760076e-12 0)
(4.574391964483503e-11 -6.438648454586124e-12 0)
(4.603587296030398e-11 -6.167121888454044e-12 0)
(4.642969200440827e-11 -5.298648549326384e-12 0)
(4.663818956878632e-11 -4.55141870281239e-12 0)
(4.685765155545076e-11 -3.793980136681971e-12 0)
(4.687027457474341e-11 -2.887293777184084e-12 0)
(4.689764385936086e-11 -2.18570315481855e-12 0)
(4.669019462913581e-11 -1.236511385706654e-12 0)
(4.645558022986363e-11 -5.157990330948871e-13 0)
(4.605819023936919e-11 4.482088308583905e-13 0)
(4.561533559798397e-11 1.305542441568878e-12 0)
(4.506072571755618e-11 2.39035214627319e-12 0)
(4.443595361216804e-11 3.37129756135234e-12 0)
(4.361469080596494e-11 4.591096061841981e-12 0)
(4.276444017261616e-11 5.769305110663927e-12 0)
(4.166132597819088e-11 7.138916805818459e-12 0)
(4.036110443187787e-11 -1.306655629921438e-11 0)
(4.048439184194672e-11 -1.262182196693652e-11 0)
(4.171049328552728e-11 -1.121449714410145e-11 0)
(4.208013607868517e-11 -1.039315702592344e-11 0)
(4.277113543661549e-11 -9.542131500692472e-12 0)
(4.324021168652732e-11 -8.334137638292972e-12 0)
(4.366250504058012e-11 -7.622094650429746e-12 0)
(4.411789565749679e-11 -6.359603511796302e-12 0)
(4.423504953986433e-11 -5.434296072068546e-12 0)
(4.453718878595869e-11 -4.200972587252278e-12 0)
(4.442695968231169e-11 -3.293379503048496e-12 0)
(4.448556158708592e-11 -2.041853047183649e-12 0)
(4.415985438860631e-11 -9.994458829701453e-13 0)
(4.391246071487518e-11 3.431904379572992e-13 0)
(4.346404832250495e-11 1.562601202666012e-12 0)
(4.297980515838545e-11 2.938589290390188e-12 0)
(4.234224424745148e-11 4.433670726704715e-12 0)
(4.157053762717805e-11 5.815688575197418e-12 0)
(4.071723325408926e-11 7.550266074313322e-12 0)
(3.965481656151853e-11 9.250845695581869e-12 0)
(3.546269473605242e-11 -1.641691067535084e-11 0)
(3.774151372732209e-11 -1.455662065594423e-11 0)
(3.741467431087643e-11 -1.385390577953606e-11 0)
(3.931357104389727e-11 -1.250782578019814e-11 0)
(3.928000354658563e-11 -1.118947653365575e-11 0)
(4.057059365631167e-11 -1.021451404325539e-11 0)
(4.060438757671955e-11 -8.812322186833544e-12 0)
(4.145538739107502e-11 -7.638476310627935e-12 0)
(4.144607290582886e-11 -6.35406315226922e-12 0)
(4.18896241364349e-11 -5.074277797773298e-12 0)
(4.179592193744113e-11 -3.869450361427298e-12 0)
(4.180258181002106e-11 -2.550496778002e-12 0)
(4.158686458397637e-11 -1.24167111666729e-12 0)
(4.118764168690286e-11 1.423081831740381e-13 0)
(4.086838532616221e-11 1.63453877404162e-12 0)
(4.023892846952121e-11 3.255413505220358e-12 0)
(3.973438067418305e-11 4.83843677388115e-12 0)
(3.886822559472611e-11 6.698265247096096e-12 0)
(3.811890151925798e-11 8.487897073266757e-12 0)
(3.706853478511092e-11 1.053315324783863e-11 0)
(3.133788542597295e-11 -2.136141904431434e-11 0)
(3.216425139472688e-11 -1.922485510318496e-11 0)
(3.428662697218966e-11 -1.665759877681932e-11 0)
(3.418161718053936e-11 -1.642068520567139e-11 0)
(3.604373841979595e-11 -1.420102516892921e-11 0)
(3.614580899847605e-11 -1.276473825544516e-11 0)
(3.743585588749221e-11 -1.128106569666608e-11 0)
(3.758729066390026e-11 -9.575332168589665e-12 0)
(3.837140793786921e-11 -8.098852238974768e-12 0)
(3.846021616288033e-11 -6.401600272241393e-12 0)
(3.889969898585187e-11 -4.897499620079937e-12 0)
(3.883090869081689e-11 -3.226090749190941e-12 0)
(3.880393188884169e-11 -1.579908709526664e-12 0)
(3.856202555903442e-11 2.41211443328786e-13 0)
(3.818954873647804e-11 1.98729451065741e-12 0)
(3.778194968795381e-11 3.941357381655461e-12 0)
(3.71855510133043e-11 5.921879311000886e-12 0)
(3.64624845697718e-11 7.938177364208323e-12 0)
(3.56774208315462e-11 1.020691263316229e-11 0)
(3.468657149893806e-11 1.260843937884139e-11 0)
(2.671942086683169e-11 -2.424484971014459e-11 0)
(2.84766217324305e-11 -2.367521608678197e-11 0)
(2.964978594803525e-11 -2.010536005809126e-11 0)
(3.137751992126655e-11 -1.805602208120091e-11 0)
(3.192355484680238e-11 -1.712449262988561e-11 0)
(3.348366663697037e-11 -1.496777368535316e-11 0)
(3.36987061822408e-11 -1.334579660519134e-11 0)
(3.471574214189539e-11 -1.144240046255269e-11 0)
(3.479292119401211e-11 -9.776203691292233e-12 0)
(3.538925853150573e-11 -7.89380626675573e-12 0)
(3.535990722491767e-11 -6.228927798111225e-12 0)
(3.555698980964416e-11 -4.176033241919345e-12 0)
(3.539839207982834e-11 -2.462562002161591e-12 0)
(3.512391464414701e-11 -3.310870678693284e-13 0)
(3.487283165407575e-11 1.685431570003112e-12 0)
(3.430814891792426e-11 3.930411950016988e-12 0)
(3.386977036872855e-11 6.145086524804441e-12 0)
(3.305191552391377e-11 8.681990189036696e-12 0)
(3.236885269178153e-11 1.110831645020756e-11 0)
(3.138865354596629e-11 1.395257121515998e-11 0)
(2.258887642165025e-11 -2.967350293894843e-11 0)
(2.280235678017545e-11 -2.741770383267688e-11 0)
(2.513178541576805e-11 -2.545795839914681e-11 0)
(2.609285056305184e-11 -2.256201900593269e-11 0)
(2.782113429893974e-11 -1.974783863818546e-11 0)
(2.888791448706069e-11 -1.80016390210797e-11 0)
(3.005267817691189e-11 -1.569025177642971e-11 0)
(3.090730588504758e-11 -1.351320788520109e-11 0)
(3.147435410714909e-11 -1.147373707276024e-11 0)
(3.210352262279071e-11 -9.203242981998287e-12 0)
(3.241013640672172e-11 -7.183688182665031e-12 0)
(3.267779006245803e-11 -4.994340990574332e-12 0)
(3.265809852950559e-11 -2.702849919681731e-12 0)
(3.25186620420986e-11 -4.047127347942904e-13 0)
(3.220897294537609e-11 1.992968767650012e-12 0)
(3.179026908746318e-11 4.551697019516761e-12 0)
(3.126491325554333e-11 7.107394069760248e-12 0)
(3.05827542027464e-11 9.820943748989181e-12 0)
(2.982045490187181e-11 1.266675993133267e-11 0)
(2.88869811066975e-11 1.583791386190595e-11 0)
(1.816925530699651e-11 -3.308389732934743e-11 0)
(2.059373065682287e-11 -3.065984814123243e-11 0)
(2.106811592709754e-11 -2.790357372529844e-11 0)
(2.279823994847049e-11 -2.539517824864812e-11 0)
(2.371130363848083e-11 -2.314714696110453e-11 0)
(2.55884988553076e-11 -2.041652961187762e-11 0)
(2.594143930690658e-11 -1.833173007969436e-11 0)
(2.74296656755191e-11 -1.571138755941837e-11 0)
(2.751296795561423e-11 -1.348534862713537e-11 0)
(2.855977429930606e-11 -1.106193946943932e-11 0)
(2.858674691648505e-11 -8.671546963902566e-12 0)
(2.910831455130856e-11 -6.121384872450438e-12 0)
(2.897993509829024e-11 -3.737422090647682e-12 0)
(2.895584655725627e-11 -9.731790711715924e-13 0)
(2.867010310358771e-11 1.672010834608133e-12 0)
(2.827923264981332e-11 4.574920492715487e-12 0)
(2.779533332221519e-11 7.380984591262035e-12 0)
(2.707443436398909e-11 1.065325702201301e-11 0)
(2.637702068707205e-11 1.366041210593203e-11 0)
(2.544529627336059e-11 1.727682463727692e-11 0)
(1.664946467739764e-11 -3.440577304387453e-11 0)
(1.856895253791001e-11 -3.256981791762254e-11 0)
(1.891866827095234e-11 -3.004358620325858e-11 0)
(2.081496785112107e-11 -2.736814285985278e-11 0)
(2.132131539920382e-11 -2.46587514546219e-11 0)
(2.299551739097324e-11 -2.214500123230483e-11 0)
(2.348180883348991e-11 -1.956655069563878e-11 0)
(2.455671316292564e-11 -1.691061188030737e-11 0)
(2.49974998488311e-11 -1.432675618826102e-11 0)
(2.560239215667967e-11 -1.161375127555444e-11 0)
(2.598365233697935e-11 -8.974725745402394e-12 0)
(2.625381331763604e-11 -6.269417052976744e-12 0)
(2.634795005220378e-11 -3.382286749732425e-12 0)
(2.620666576375936e-11 -5.638221648370834e-13 0)
(2.602207969791432e-11 2.467241082588574e-12 0)
(2.562483619236809e-11 5.57341621236804e-12 0)
(2.520962587065582e-11 8.699102674785937e-12 0)
(2.452385439928423e-11 1.194388470523075e-11 0)
(2.382071568201852e-11 1.52486514038731e-11 0)
(2.294706711857629e-11 1.889772590454735e-11 0)
(1.445508263528407e-11 -3.664366123944126e-11 0)
(1.500011941860023e-11 -3.439035292387485e-11 0)
(1.643256484502435e-11 -3.163487572869998e-11 0)
(1.716542075671342e-11 -2.91303970334149e-11 0)
(1.843198362839979e-11 -2.654141707121806e-11 0)
(1.950761187633772e-11 -2.37979351887147e-11 0)
(2.013329443965428e-11 -2.116262049244168e-11 0)
(2.12665782647562e-11 -1.836091636866528e-11 0)
(2.146631686277458e-11 -1.552561272961602e-11 0)
(2.241139723294375e-11 -1.277501783369641e-11 0)
(2.255672960286964e-11 -9.852788158595798e-12 0)
(2.307228134546738e-11 -6.825553500090321e-12 0)
(2.307449846758108e-11 -3.89316841775543e-12 0)
(2.312708338695828e-11 -5.947042293124427e-13 0)
(2.292973345353667e-11 2.562373655602969e-12 0)
(2.267725253656112e-11 6.000317054806106e-12 0)
(2.223950577202777e-11 9.273899640631029e-12 0)
(2.168667485700993e-11 1.311102140939493e-11 0)
(2.100394100110233e-11 1.64116747138435e-11 0)
(2.019036383789423e-11 2.038938434730126e-11 0)
(1.178655689666244e-11 -3.81821114483276e-11 0)
(1.367166129292511e-11 -3.591342549698347e-11 0)
(1.390904913599512e-11 -3.33182603974455e-11 0)
(1.595984438916745e-11 -3.050510525779791e-11 0)
(1.593671831710055e-11 -2.803439028833499e-11 0)
(1.774967932047231e-11 -2.496338442077875e-11 0)
(1.782384477273106e-11 -2.243760434841083e-11 0)
(1.90161714947239e-11 -1.92819065964754e-11 0)
(1.923958334826485e-11 -1.637842586741237e-11 0)
(1.995328553309747e-11 -1.333075241226767e-11 0)
(2.016403854890637e-11 -1.01531421706263e-11 0)
(2.057677944799538e-11 -7.01311602359186e-12 0)
(2.060137071116036e-11 -3.61928611133779e-12 0)
(2.06557700556901e-11 -2.721646183807908e-13 0)
(2.044426888372258e-11 3.281934260488001e-12 0)
(2.027593373095042e-11 6.947877251941357e-12 0)
(1.98546132651532e-11 1.057973181795343e-11 0)
(1.932092418875441e-11 1.43349773036876e-11 0)
(1.866373344072072e-11 1.807987184971961e-11 0)
(1.786552715356341e-11 2.199609914687399e-11 0)
(9.58483387649409e-12 -4.01374944239661e-11 0)
(1.041720270482273e-11 -3.755583932408842e-11 0)
(1.150668317480666e-11 -3.489395998129484e-11 0)
(1.225427278035109e-11 -3.21381848030085e-11 0)
(1.332787758537631e-11 -2.928908651702276e-11 0)
(1.394110926971134e-11 -2.65851720705888e-11 0)
(1.494950128511927e-11 -2.339869334476282e-11 0)
(1.530154989686276e-11 -2.060916410411741e-11 0)
(1.612367258474293e-11 -1.720007842759978e-11 0)
(1.637764841341006e-11 -1.422249619679643e-11 0)
(1.704768821097422e-11 -1.081485319034094e-11 0)
(1.720726660081003e-11 -7.439701855495098e-12 0)
(1.75612372809131e-11 -3.985924728969576e-12 0)
(1.751642263989918e-11 -2.186751339514549e-13 0)
(1.760545610943129e-11 3.475135088031424e-12 0)
(1.739359861487695e-11 7.410923477399805e-12 0)
(1.719203363514542e-11 1.127408998726758e-11 0)
(1.669135880891829e-11 1.560916169704253e-11 0)
(1.611198268960147e-11 1.931913361907537e-11 0)
(1.528587737386872e-11 2.359727758169194e-11 0)
(7.772659802698922e-12 -4.131761610240382e-11 0)
(8.199628018220894e-12 -3.879386262008616e-11 0)
(9.669058656482264e-12 -3.597550597517678e-11 0)
(1.001996203468945e-11 -3.331855369187713e-11 0)
(1.131489100945086e-11 -3.050533420885269e-11 0)
(1.166407605909116e-11 -2.750236425422088e-11 0)
(1.274170422967901e-11 -2.461680156709703e-11 0)
(1.305331255934815e-11 -2.127247986080299e-11 0)
(1.378917962834067e-11 -1.815097263266091e-11 0)
(1.411217308042147e-11 -1.47328392644662e-11 0)
(1.454972951359081e-11 -1.136969318758817e-11 0)
(1.483223296138595e-11 -7.612478678372842e-12 0)
(1.50446008131893e-11 -3.982996554466921e-12 0)
(1.504888727432763e-11 1.566161690268287e-14 0)
(1.513122583855723e-11 3.960132407940864e-12 0)
(1.486070870612174e-11 8.275134714746265e-12 0)
(1.466844386376364e-11 1.238678323146359e-11 0)
(1.410941415530437e-11 1.679092246834703e-11 0)
(1.353404092166995e-11 2.098223480690392e-11 0)
(1.258417621917888e-11 2.533226802785085e-11 0)
(5.434076079893823e-12 -4.286850796663924e-11 0)
(5.741189024608871e-12 -4.031077538241113e-11 0)
(6.869322416043566e-12 -3.752205761645315e-11 0)
(7.22964618046226e-12 -3.463221558234452e-11 0)
(8.129265862486441e-12 -3.174081849504446e-11 0)
(8.562853229959092e-12 -2.874346901209844e-11 0)
(9.266622092130263e-12 -2.560705548860826e-11 0)
(9.602738228171371e-12 -2.23621636691808e-11 0)
(1.013557490428386e-11 -1.890325697745651e-11 0)
(1.043995175237217e-11 -1.546790129823322e-11 0)
(1.088783938837827e-11 -1.180315981087951e-11 0)
(1.109379068360998e-11 -8.08878484697224e-12 0)
(1.142214525249625e-11 -4.084920618307408e-12 0)
(1.146140444843327e-11 -2.243473519234536e-15 0)
(1.156581412322604e-11 4.358240795568625e-12 0)
(1.143862141009012e-11 8.789691329885682e-12 0)
(1.127561145319921e-11 1.319825575603697e-11 0)
(1.073255294261788e-11 1.81190967623542e-11 0)
(1.014020819108373e-11 2.233184764750036e-11 0)
(9.182218424914643e-12 2.717954332890431e-11 0)
(3.481206868637625e-12 -4.376719859828324e-11 0)
(3.035400041413935e-12 -4.122729052152878e-11 0)
(4.632767791193663e-12 -3.826504398886683e-11 0)
(4.15508243332853e-12 -3.558514261621842e-11 0)
(5.798478244215529e-12 -3.257498052563057e-11 0)
(5.234187204989439e-12 -2.955563234617665e-11 0)
(6.819748209868994e-12 -2.64173069174034e-11 0)
(6.237240752733845e-12 -2.295910406142971e-11 0)
(7.527489588058622e-12 -1.965589108154121e-11 0)
(7.096119120649264e-12 -1.596644988501784e-11 0)
(8.07004843397229e-12 -1.239527880546864e-11 0)
(7.870215447448331e-12 -8.183411172805338e-12 0)
(8.414087601978803e-12 -4.349777322793695e-12 0)
(8.149374201141561e-12 3.106102472322792e-13 0)
(8.469176361793001e-12 4.571035855282372e-12 0)
(8.004222904785619e-12 9.505735779319532e-12 0)
(7.923672922456849e-12 1.414163401585968e-11 0)
(7.293255868595294e-12 1.924106801147592e-11 0)
(6.733174016964429e-12 2.394875838064252e-11 0)
(5.755351869558973e-12 2.903219333881052e-11 0)
(1.024529998765899e-12 -4.492523379343703e-11 0)
(7.153778284781427e-13 -4.248454210207875e-11 0)
(1.573554346286075e-12 -3.949928959246077e-11 0)
(1.541012124046274e-12 -3.670642332699304e-11 0)
(2.064824466476881e-12 -3.365623290908607e-11 0)
(2.372787206656096e-12 -3.054152603457062e-11 0)
(2.622568212681527e-12 -2.743239713470841e-11 0)
(3.048611912775954e-12 -2.380426623879721e-11 0)
(3.054474556056381e-12 -2.037657650840551e-11 0)
(3.64206013528829e-12 -1.650204517025261e-11 0)
(3.473867778011346e-12 -1.276936529707721e-11 0)
(4.052983671327011e-12 -8.571452670179098e-12 0)
(3.895741866726149e-12 -4.166059995020977e-12 0)
(4.217977973177455e-12 2.174242513916077e-13 0)
(3.922553224064185e-12 5.15068598907685e-12 0)
(3.913456501948237e-12 1.005898194568717e-11 0)
(3.450908568288082e-12 1.490674418456679e-11 0)
(2.870425322701681e-12 2.052429113335766e-11 0)
(2.194588233001198e-12 2.538116897717858e-11 0)
(1.309984180531437e-12 3.111029584767197e-11 0)
(-1.47886637157246e-12 -4.539545426911793e-11 0)
(-2.162112677127168e-12 -4.297149651880014e-11 0)
(-1.342096812089116e-12 -3.995831133142904e-11 0)
(-1.834427111968327e-12 -3.718840095346879e-11 0)
(-1.020525020685399e-12 -3.419801049624903e-11 0)
(-1.369539996791499e-12 -3.108340519271592e-11 0)
(-6.781989716015049e-13 -2.78575046531883e-11 0)
(-9.2493450499455e-13 -2.420812879380931e-11 0)
(-3.253709629146107e-13 -2.085617769159752e-11 0)
(-5.445172792982895e-13 -1.679110982338151e-11 0)
(1.149667370593496e-13 -1.309549847364956e-11 0)
(-9.633686128458559e-14 -8.584420666136585e-12 0)
(3.02960764292706e-13 -4.526926275566503e-12 0)
(4.891027544500196e-14 6.237090561251851e-13 0)
(1.925593495265882e-13 5.247602939979965e-12 0)
(-2.395223453499318e-13 1.066312489318065e-11 0)
(-5.327726743516586e-13 1.600578707616181e-11 0)
(-9.87875906793794e-13 2.170926390869767e-11 0)
(-1.559978901537273e-12 2.709789915260731e-11 0)
(-2.233992274129545e-12 3.283105735685693e-11 0)
(-3.933486174974977e-12 -4.607018712774458e-11 0)
(-4.785080051044078e-12 -4.378251535381649e-11 0)
(-4.302017349612655e-12 -4.07605592435251e-11 0)
(-4.78186681932601e-12 -3.801618554251725e-11 0)
(-4.505346596724991e-12 -3.500232891740459e-11 0)
(-4.672946608908785e-12 -3.170251765160149e-11 0)
(-4.517871298927865e-12 -2.868755688935941e-11 0)
(-4.508883842695041e-12 -2.485242943860765e-11 0)
(-4.502749631761683e-12 -2.128875287643219e-11 0)
(-4.311763646045047e-12 -1.734907424499291e-11 0)
(-4.339830681377773e-12 -1.331554423938551e-11 0)
(-4.122878598834639e-12 -8.923274619695124e-12 0)
(-4.117366658557544e-12 -4.183065721494621e-12 0)
(-4.170648098832361e-12 3.974993118901652e-13 0)
(-4.272939754318033e-12 5.860813755846539e-12 0)
(-4.378293228762517e-12 1.135879783152008e-11 0)
(-4.748675483951389e-12 1.661034015930523e-11 0)
(-5.014179076798185e-12 2.301495520143945e-11 0)
(-5.389582421289734e-12 2.855681485839743e-11 0)
(-6.067403104394512e-12 3.502389766453355e-11 0)
(-6.726915090563565e-12 -4.615597744853591e-11 0)
(-7.470748183897264e-12 -4.387462694593184e-11 0)
(-7.544520726493751e-12 -4.089456503548431e-11 0)
(-8.012816392346523e-12 -3.814360058789761e-11 0)
(-8.0060400970279e-12 -3.515684895617063e-11 0)
(-8.47883024255232e-12 -3.207069305877839e-11 0)
(-8.184220811306675e-12 -2.873934883255652e-11 0)
(-8.808600519456569e-12 -2.500463156999449e-11 0)
(-8.322239677645987e-12 -2.157051325814736e-11 0)
(-8.849459195748067e-12 -1.73247395525377e-11 0)
(-8.455296298041598e-12 -1.35727330520991e-11 0)
(-8.699753935831467e-12 -8.903896510898127e-12 0)
(-8.627991701011824e-12 -4.670533177150757e-12 0)
(-8.627463989669143e-12 8.962198382864786e-13 0)
(-8.846786562836932e-12 5.707396859253272e-12 0)
(-8.789278205095594e-12 1.187335020208048e-11 0)
(-8.964760614019537e-12 1.779507658760368e-11 0)
(-9.188142934855798e-12 2.412403987024101e-11 0)
(-9.637955201341612e-12 3.035009026439505e-11 0)
(-1.051677841048628e-11 3.693664180281454e-11 0)
(-9.156240098234727e-12 -4.642250283197117e-11 0)
(-1.026107670353829e-11 -4.42144644248147e-11 0)
(-1.044913795226344e-11 -4.121669649640912e-11 0)
(-1.108872626885592e-11 -3.863423881240086e-11 0)
(-1.158053703909606e-11 -3.548479963243968e-11 0)
(-1.184949975032975e-11 -3.239239605635393e-11 0)
(-1.254183354582754e-11 -2.916819717453155e-11 0)
(-1.224467135473123e-11 -2.538615050734646e-11 0)
(-1.322888115799325e-11 -2.180693029681948e-11 0)
(-1.26429005762145e-11 -1.771878939242325e-11 0)
(-1.344577707886315e-11 -1.376209201466987e-11 0)
(-1.303285681428427e-11 -9.180766531220031e-12 0)
(-1.345086220408826e-11 -4.397427919066405e-12 0)
(-1.352965180491842e-11 4.878754476655645e-13 0)
(-1.346778008827327e-11 6.464589269692244e-12 0)
(-1.358465203494175e-11 1.228141856695944e-11 0)
(-1.351138132627463e-11 1.837062408383872e-11 0)
(-1.361550356535046e-11 2.557883069072856e-11 0)
(-1.397624828610644e-11 3.184274218310733e-11 0)
(-1.510178357670457e-11 3.913600103230237e-11 0)
(-1.197403253012998e-11 -4.617239510438682e-11 0)
(-1.310619793001254e-11 -4.398261788391847e-11 0)
(-1.378520534445932e-11 -4.116193292088177e-11 0)
(-1.462863779182537e-11 -3.829921627463505e-11 0)
(-1.536441060041832e-11 -3.539777510422035e-11 0)
(-1.592241478613414e-11 -3.218674413631896e-11 0)
(-1.654384612600455e-11 -2.910135462029986e-11 0)
(-1.703597985148703e-11 -2.521208497647536e-11 0)
(-1.739870954919217e-11 -2.187486368223673e-11 0)
(-1.797508007954662e-11 -1.782248097326691e-11 0)
(-1.808453684062098e-11 -1.383751124895442e-11 0)
(-1.861944557160544e-11 -9.414222860734054e-12 0)
(-1.859427854880494e-11 -4.596747499418404e-12 0)
(-1.877200551160878e-11 9.23206944254801e-13 0)
(-1.878641518267176e-11 6.174361755640556e-12 0)
(-1.856916222182141e-11 1.289061805495779e-11 0)
(-1.840363928626504e-11 1.918365146730942e-11 0)
(-1.869825611349746e-11 2.627159344491884e-11 0)
(-1.907326861510365e-11 3.360052820705233e-11 0)
(-2.019801260344017e-11 4.140773958751325e-11 0)
(-1.498818158709383e-11 -4.604127559199595e-11 0)
(-1.603305537481435e-11 -4.395532157702272e-11 0)
(-1.737109885307572e-11 -4.096602079803446e-11 0)
(-1.800844306842952e-11 -3.838669302559765e-11 0)
(-1.939492897045984e-11 -3.531229585043394e-11 0)
(-1.96256508516444e-11 -3.225077227845195e-11 0)
(-2.120083648273616e-11 -2.901438444318887e-11 0)
(-2.090109187951887e-11 -2.547777296510788e-11 0)
(-2.271274078701068e-11 -2.181639241996791e-11 0)
(-2.212180600434543e-11 -1.801071180872344e-11 0)
(-2.385500214440012e-11 -1.391424754109156e-11 0)
(-2.329088153740504e-11 -9.430793603262703e-12 0)
(-2.458176434373468e-11 -4.592598017762599e-12 0)
(-2.425230905387915e-11 5.857659615159058e-13 0)
(-2.460318658883463e-11 6.743381964742163e-12 0)
(-2.447434803805069e-11 1.267762368364897e-11 0)
(-2.458129904563835e-11 1.953738567226494e-11 0)
(-2.482253532978934e-11 2.756520952954307e-11 0)
(-2.551414238845279e-11 3.492598790489084e-11 0)
(-2.6406009778197e-11 4.403351549773336e-11 0)
(-1.77205882228046e-11 -4.558264076732885e-11 0)
(-1.956287314370024e-11 -4.335743860639935e-11 0)
(-2.060336839622537e-11 -4.058280061291647e-11 0)
(-2.194505959053638e-11 -3.770205478849977e-11 0)
(-2.322703486170043e-11 -3.491114153326238e-11 0)
(-2.400332923989903e-11 -3.158614837582163e-11 0)
(-2.548601743212433e-11 -2.886907121230034e-11 0)
(-2.593316842443159e-11 -2.495737966950534e-11 0)
(-2.737792065328197e-11 -2.18602077401869e-11 0)
(-2.791345679624375e-11 -1.793588949718667e-11 0)
(-2.89413677431114e-11 -1.371949007184223e-11 0)
(-2.968110424548916e-11 -9.48208617216576e-12 0)
(-2.998014079826825e-11 -4.131674861122996e-12 0)
(-3.057675580126071e-11 7.979084236114556e-13 0)
(-3.053335862758726e-11 6.563064664325757e-12 0)
(-3.074919290836028e-11 1.32389606837697e-11 0)
(-3.089221643227183e-11 2.002659391347089e-11 0)
(-3.138422861077536e-11 2.813990691004892e-11 0)
(-3.148599368225121e-11 3.684379366948515e-11 0)
(-3.209837699736894e-11 4.625612332841308e-11 0)
(-2.109191598194532e-11 -4.503788175199634e-11 0)
(-2.264230625992297e-11 -4.290979077629698e-11 0)
(-2.427148757351806e-11 -3.998724069953376e-11 0)
(-2.564309530373891e-11 -3.712862222421706e-11 0)
(-2.71594075819691e-11 -3.443792350513592e-11 0)
(-2.824573910382901e-11 -3.120969990836764e-11 0)
(-2.981873150030707e-11 -2.842779397433447e-11 0)
(-3.068278441144013e-11 -2.504016096809333e-11 0)
(-3.22934911735231e-11 -2.134880556464897e-11 0)
(-3.328992037675337e-11 -1.791775069443673e-11 0)
(-3.463360132209738e-11 -1.326573724751637e-11 0)
(-3.557745356560365e-11 -9.357972427112718e-12 0)
(-3.64053250361457e-11 -4.317764430302459e-12 0)
(-3.704605178811573e-11 5.95653148934222e-13 0)
(-3.748729654693876e-11 6.525745992553651e-12 0)
(-3.822326854329098e-11 1.280100908627238e-11 0)
(-3.8428343798408e-11 2.01766910325805e-11 0)
(-3.899024817149101e-11 2.912696738794989e-11 0)
(-3.8768876209674e-11 3.766923067753311e-11 0)
(-3.946065093347872e-11 4.905136077627792e-11 0)
(-2.416931205893786e-11 -4.42283858924274e-11 0)
(-2.609604718369106e-11 -4.204955671375741e-11 0)
(-2.787177012813039e-11 -3.90849117462806e-11 0)
(-2.960382178620401e-11 -3.625337516256641e-11 0)
(-3.129696277354182e-11 -3.366968268184252e-11 0)
(-3.274505311184538e-11 -3.043227262043055e-11 0)
(-3.448059337830859e-11 -2.809846245196201e-11 0)
(-3.574584407725142e-11 -2.433985439279762e-11 0)
(-3.771917069040918e-11 -2.099606788777745e-11 0)
(-3.891025597979525e-11 -1.724133840876717e-11 0)
(-4.072292333003856e-11 -1.270815808336845e-11 0)
(-4.169284705891265e-11 -8.852822525003723e-12 0)
(-4.304242530448205e-11 -3.746121156773825e-12 0)
(-4.411240788655292e-11 7.959971588584183e-13 0)
(-4.527652146404244e-11 6.759157425182602e-12 0)
(-4.629344557861297e-11 1.349354633118926e-11 0)
(-4.715613967787572e-11 2.056844879125776e-11 0)
(-4.741864519731253e-11 2.935378722423016e-11 0)
(-4.748382309085366e-11 3.914596805111373e-11 0)
(-4.835571183646371e-11 5.167111075503155e-11 0)
(-2.745529143738839e-11 -4.335095620334039e-11 0)
(-2.944336046415036e-11 -4.126909389421404e-11 0)
(-3.155068316737244e-11 -3.815729782729697e-11 0)
(-3.334867984337517e-11 -3.534037058066746e-11 0)
(-3.522602002495886e-11 -3.296388047843454e-11 0)
(-3.70640132750719e-11 -2.986675172084027e-11 0)
(-3.88014045366823e-11 -2.751409535679443e-11 0)
(-4.101150457088181e-11 -2.390701583909443e-11 0)
(-4.250027641486991e-11 -2.009600460881444e-11 0)
(-4.498935369363226e-11 -1.664546038254918e-11 0)
(-4.59876809837777e-11 -1.200172024357753e-11 0)
(-4.845956874237892e-11 -8.729436046289855e-12 0)
(-4.931876483027121e-11 -3.574879048123879e-12 0)
(-5.187342645731203e-11 1.118510426924938e-12 0)
(-5.291801661833421e-11 7.085365091127518e-12 0)
(-5.514429571521777e-11 1.3316499209881e-11 0)
(-5.568129706635844e-11 2.041379005638871e-11 0)
(-5.727180800192427e-11 2.982090056558754e-11 0)
(-5.755708368078039e-11 3.938309733356066e-11 0)
(-5.824593237799317e-11 5.388384534476686e-11 0)
(-3.117814315439326e-11 -4.233984782817112e-11 0)
(-3.325270173869152e-11 -4.018584923176701e-11 0)
(-3.560983023218108e-11 -3.704087661290847e-11 0)
(-3.733778342895107e-11 -3.441233173406035e-11 0)
(-3.958814285954377e-11 -3.208449531094145e-11 0)
(-4.167202820164361e-11 -2.911783866922373e-11 0)
(-4.376106192771456e-11 -2.661419657448414e-11 0)
(-4.636041087547968e-11 -2.29007004476727e-11 0)
(-4.811417134324934e-11 -1.907996526264784e-11 0)
(-5.061281697920108e-11 -1.576586711965917e-11 0)
(-5.232342393092162e-11 -1.113933576799203e-11 0)
(-5.471347945147323e-11 -7.68426432670027e-12 0)
(-5.711666954422256e-11 -2.544974404558228e-12 0)
(-5.954270095500759e-11 2.018635521306274e-12 0)
(-6.226346197755314e-11 7.910043861074137e-12 0)
(-6.451213034907754e-11 1.441007838029976e-11 0)
(-6.728857920636598e-11 2.12617506155233e-11 0)
(-6.984501173667876e-11 3.046740489844971e-11 0)
(-7.269679056398644e-11 4.013589493507122e-11 0)
(-7.435926185458112e-11 5.673103118742431e-11 0)
(1.622980349824403e-12 -6.58514988619255e-11 0)
(-9.125688058318153e-13 -6.514367629868937e-11 0)
(2.343049626296904e-12 -6.311826555815493e-11 0)
(7.835066993910755e-13 -6.125401863885206e-11 0)
(4.29897544259745e-12 -5.757313723373969e-11 0)
(4.118830329464351e-12 -5.444005581580118e-11 0)
(7.880658324561144e-12 -4.993393510010025e-11 0)
(9.433237396144267e-12 -4.579013108542038e-11 0)
(1.335949562526418e-11 -4.090575994609754e-11 0)
(1.830760225281841e-11 -3.606216043076461e-11 0)
(1.505154846630483e-12 -6.586977077535657e-11 0)
(-9.773559077299817e-13 -6.524346363547563e-11 0)
(2.048388643059152e-12 -6.331917220965957e-11 0)
(3.462355369471656e-13 -6.161567347592045e-11 0)
(3.463999341042178e-12 -5.803460018638858e-11 0)
(3.536784950694565e-12 -5.517372340714729e-11 0)
(5.964439558526067e-12 -5.079041747575532e-11 0)
(8.973203807613644e-12 -4.680281628326178e-11 0)
(8.842317388371762e-12 -4.347266805471638e-11 0)
(1.607017034949575e-11 -3.710305299979863e-11 0)
(1.40962397069095e-12 -6.570629185653755e-11 0)
(-1.273398149145473e-12 -6.514969184075873e-11 0)
(1.505628583176211e-12 -6.347311250896351e-11 0)
(-2.460581856943971e-13 -6.174281221372564e-11 0)
(2.277381172154975e-12 -5.885035328989949e-11 0)
(2.463091299883653e-12 -5.581250245247565e-11 0)
(4.307428504624254e-12 -5.251518375378097e-11 0)
(7.138199603707337e-12 -4.786596920105173e-11 0)
(8.988490910876591e-12 -4.483775073111851e-11 0)
(1.148201249445806e-11 -3.97538428119799e-11 0)
(1.219640856440721e-12 -6.557637116869569e-11 0)
(-1.264136852445653e-12 -6.504351845371119e-11 0)
(1.171997735687264e-12 -6.353836037400538e-11 0)
(-4.498513430879892e-13 -6.181572420849382e-11 0)
(1.598622693299981e-12 -5.908852567123398e-11 0)
(1.732721362113879e-12 -5.617996491556489e-11 0)
(3.150992499451322e-12 -5.312951785008455e-11 0)
(4.967049406520014e-12 -4.931749401868695e-11 0)
(6.594009635255598e-12 -4.644034081619669e-11 0)
(1.047694793862397e-11 -4.102460368333693e-11 0)
(1.130218842458514e-12 -6.543326813365611e-11 0)
(-1.530366061199238e-12 -6.487336434937425e-11 0)
(7.084484763731807e-13 -6.361632053968599e-11 0)
(-1.034910723114569e-12 -6.185774435362285e-11 0)
(6.873448266411377e-13 -5.960642738187412e-11 0)
(8.159156614927379e-13 -5.663977770058275e-11 0)
(2.102105022441861e-12 -5.404862135398227e-11 0)
(3.884824664313753e-12 -4.991889187651204e-11 0)
(4.832584465552796e-12 -4.77369230331333e-11 0)
(7.45105013461929e-12 -4.324638331295498e-11 0)
(8.993064687098699e-13 -6.5216739689136e-11 0)
(-1.496080827567758e-12 -6.468542791860142e-11 0)
(2.785706852055945e-13 -6.35058800269667e-11 0)
(-1.289390896588799e-12 -6.173709355305609e-11 0)
(9.766166528037034e-14 -5.977022284209476e-11 0)
(-1.672817242703006e-13 -5.686787863535959e-11 0)
(1.054640034528323e-12 -5.461557043911555e-11 0)
(2.097872280422244e-12 -5.091842835925261e-11 0)
(4.001351356754377e-12 -4.843290613319521e-11 0)
(5.493383566930529e-12 -4.427950463856046e-11 0)
(8.227447919986325e-13 -6.501209734691688e-11 0)
(-1.754750016211392e-12 -6.45045449874644e-11 0)
(-1.028361294993017e-13 -6.348354607703986e-11 0)
(-1.894225599436459e-12 -6.172055323143378e-11 0)
(-6.40336596586907e-13 -5.990388848698555e-11 0)
(-1.030321970232752e-12 -5.714092235985883e-11 0)
(8.873851826279806e-15 -5.502759379084108e-11 0)
(7.062901164846497e-13 -5.165863732512267e-11 0)
(2.006368055964407e-12 -4.955407169375079e-11 0)
(3.341627004988186e-12 -4.6047340266989e-11 0)
(6.652333653548127e-13 -6.465654114147364e-11 0)
(-1.779025389180304e-12 -6.424440857510739e-11 0)
(-5.194168566754616e-13 -6.322804949342943e-11 0)
(-2.308179453166998e-12 -6.146713078655304e-11 0)
(-1.292716763377961e-12 -5.995167862913112e-11 0)
(-2.136966181179111e-12 -5.722750729658714e-11 0)
(-1.029451062898717e-12 -5.535534432282601e-11 0)
(-9.466948303859958e-13 -5.205437717360727e-11 0)
(1.081491070566765e-12 -4.973162472275943e-11 0)
(1.013588541616277e-12 -4.68450004382407e-11 0)
(5.435226850812258e-13 -6.438584185937775e-11 0)
(-1.978122441926202e-12 -6.39621019835422e-11 0)
(-8.577583798027899e-13 -6.301286218215072e-11 0)
(-2.887269238478543e-12 -6.141082025413387e-11 0)
(-1.987648894573328e-12 -5.975083152129829e-11 0)
(-3.140301976347188e-12 -5.728225083633508e-11 0)
(-2.090477365468543e-12 -5.553319782020264e-11 0)
(-2.71293118342966e-12 -5.293169864728041e-11 0)
(-7.964557527404057e-13 -5.050546051610293e-11 0)
(-8.135372795380821e-13 -4.802583289150436e-11 0)
(4.537908509925537e-13 -6.390725336270734e-11 0)
(-2.111067352816614e-12 -6.364317015801796e-11 0)
(-1.255285121324042e-12 -6.261575192393203e-11 0)
(-3.467144027506379e-12 -6.10245607454718e-11 0)
(-2.689918609014298e-12 -5.967370325040252e-11 0)
(-4.272927105984993e-12 -5.728763814654868e-11 0)
(-3.248564780900773e-12 -5.544285498771872e-11 0)
(-4.222780590496685e-12 -5.295696919681494e-11 0)
(-2.700646808094938e-12 -5.056512037152105e-11 0)
(-3.10110520219692e-12 -4.841269940912712e-11 0)
(4.570287489883934e-13 -6.354647697414657e-11 0)
(-2.364796707662381e-12 -6.321299807959721e-11 0)
(-1.539829496366678e-12 -6.226235123015378e-11 0)
(-4.071780678468026e-12 -6.091581768858074e-11 0)
(-3.444563494868062e-12 -5.929272020609686e-11 0)
(-5.374149260098602e-12 -5.719753283968157e-11 0)
(-4.513523910572852e-12 -5.551868738949537e-11 0)
(-5.860216756235153e-12 -5.347701824595687e-11 0)
(-4.45800847235308e-12 -5.093848834216048e-11 0)
(-5.233176038659112e-12 -4.910189331786575e-11 0)
(4.318339287858175e-13 -6.297367505011254e-11 0)
(-2.687792457110896e-12 -6.279728609476356e-11 0)
(-1.922133557000541e-12 -6.179632503052896e-11 0)
(-4.883824333779887e-12 -6.035277066116235e-11 0)
(-4.24217727893482e-12 -5.909091363551792e-11 0)
(-6.512785132100723e-12 -5.708426347304644e-11 0)
(-5.841102024847074e-12 -5.52216864838612e-11 0)
(-7.548917230691647e-12 -5.329175968336062e-11 0)
(-6.623276152748172e-12 -5.075781700798458e-11 0)
(-7.376596153472347e-12 -4.907270937750494e-11 0)
(3.599408368832081e-13 -6.246803604781122e-11 0)
(-2.951278523407382e-12 -6.223555114614431e-11 0)
(-2.4772352577382e-12 -6.129665233488849e-11 0)
(-5.540388002911868e-12 -6.015655895814868e-11 0)
(-5.272397618402434e-12 -5.867379888991335e-11 0)
(-7.845291407580522e-12 -5.680360054986756e-11 0)
(-7.392611535111917e-12 -5.5068334233829e-11 0)
(-9.269289225023518e-12 -5.329324901817072e-11 0)
(-8.644236499157995e-12 -5.087011653528707e-11 0)
(-9.660218795449703e-12 -4.92519259569521e-11 0)
(4.945703732515233e-13 -6.182572045682565e-11 0)
(-3.558715014409493e-12 -6.166631333618011e-11 0)
(-2.786758815879134e-12 -6.076544392027993e-11 0)
(-6.614070386799509e-12 -5.945848336603658e-11 0)
(-6.14729229886107e-12 -5.823366892663949e-11 0)
(-9.070405085527936e-12 -5.652529192471412e-11 0)
(-8.880282393378349e-12 -5.467222593538897e-11 0)
(-1.10082110288761e-11 -5.292859045394725e-11 0)
(-1.076403237180674e-11 -5.046983032419819e-11 0)
(-1.191307176675648e-11 -4.904405906698433e-11 0)
(2.401939699127405e-13 -6.122237495214169e-11 0)
(-3.879612550807068e-12 -6.097510253501589e-11 0)
(-3.680755730984917e-12 -6.018160316999097e-11 0)
(-7.388146605225761e-12 -5.906195740785383e-11 0)
(-7.48433283519773e-12 -5.790280096914854e-11 0)
(-1.048743547776084e-11 -5.598397365736718e-11 0)
(-1.075026674515092e-11 -5.428207147462518e-11 0)
(-1.283427821188434e-11 -5.255623907279241e-11 0)
(-1.320072128850783e-11 -5.030843502395332e-11 0)
(-1.426780722296425e-11 -4.875787053034726e-11 0)
(1.705200631643126e-13 -6.043555149856871e-11 0)
(-4.320651638639342e-12 -6.024535030732856e-11 0)
(-4.22346262901027e-12 -5.955299073690226e-11 0)
(-8.31779057739203e-12 -5.830335241091323e-11 0)
(-8.585318044441758e-12 -5.716026285673233e-11 0)
(-1.183813654685581e-11 -5.549580317302829e-11 0)
(-1.23390500089518e-11 -5.374581134483798e-11 0)
(-1.47669873168482e-11 -5.193470473569279e-11 0)
(-1.531521261596357e-11 -4.97753920971704e-11 0)
(-1.710957396803769e-11 -4.822522724306214e-11 0)
(2.287929730317832e-13 -5.978220548508222e-11 0)
(-4.985590795205904e-12 -5.942747674195602e-11 0)
(-4.89030672189315e-12 -5.891930156526166e-11 0)
(-9.390903376353674e-12 -5.763924798667957e-11 0)
(-9.815383075052122e-12 -5.675628106064939e-11 0)
(-1.329933797125589e-11 -5.474532786866275e-11 0)
(-1.426282290435563e-11 -5.316636241006708e-11 0)
(-1.673887128983522e-11 -5.139860964060354e-11 0)
(-1.798036312001135e-11 -4.920571430285674e-11 0)
(-1.964845546303905e-11 -4.781847693953283e-11 0)
(-2.753730221037392e-13 -5.884211820878312e-11 0)
(-5.110947246452928e-12 -5.850414007755906e-11 0)
(-5.822779584271954e-12 -5.819904882497463e-11 0)
(-1.018612390322332e-11 -5.672441856887996e-11 0)
(-1.120259179387299e-11 -5.587010391766249e-11 0)
(-1.486005093729108e-11 -5.39799042843406e-11 0)
(-1.608652768876861e-11 -5.245553736657434e-11 0)
(-1.89518109900975e-11 -5.053943649222682e-11 0)
(-2.045303362339294e-11 -4.851602726285677e-11 0)
(-2.255599544442732e-11 -4.701332547917875e-11 0)
(-1.660604184515865e-13 -5.803176434642519e-11 0)
(-5.737630807685561e-12 -5.758977597493657e-11 0)
(-6.41975059385641e-12 -5.741673396835522e-11 0)
(-1.136891185410896e-11 -5.587357914324461e-11 0)
(-1.243254470824158e-11 -5.516829237862389e-11 0)
(-1.645035218040511e-11 -5.305522930503437e-11 0)
(-1.805534056365175e-11 -5.171045653781835e-11 0)
(-2.115837613120728e-11 -4.977091340869915e-11 0)
(-2.307048048247072e-11 -4.773492077041366e-11 0)
(-2.540896629812527e-11 -4.633099051121372e-11 0)
(-6.105966585434209e-13 -5.696345399183968e-11 0)
(-6.01586913253285e-12 -5.644996101525083e-11 0)
(-7.387707970259582e-12 -5.645951205250815e-11 0)
(-1.246755724130629e-11 -5.476004164630431e-11 0)
(-1.397626048179826e-11 -5.4180754688768e-11 0)
(-1.840513515448147e-11 -5.200376623968388e-11 0)
(-2.010087106989709e-11 -5.079830117063634e-11 0)
(-2.388591590443658e-11 -4.876909688671489e-11 0)
(-2.588009292310258e-11 -4.687317069285304e-11 0)
(-2.887375344413508e-11 -4.526845039277595e-11 0)
)


// ************************************************************************* //
