/*--------------------------------*- C++ -*----------------------------------*\
| =========                 |                                                 |
| \\      /  F ield         | foam-extend: Open Source CFD                    |
|  \\    /   O peration     | Version:     4.1                                |
|   \\  /    A nd           | Web:         http://www.foam-extend.org         |
|    \\/     M anipulation  |                                                 |
\*---------------------------------------------------------------------------*/
FoamFile
{
    version     2.0;
    format      ascii;
    class       vectorField;
    location    "1";
    object      solidsCellD_iteration9;
}
// * * * * * * * * * * * * * * * * * * * * * * * * * * * * * * * * * * * * * //


1050
(
(1.32359692598e-07 5.91121647849e-07 -3.53320950105e-05)
(3.72454468557e-07 5.68000210831e-07 -3.50438855992e-05)
(6.07568407906e-07 5.19270273168e-07 -3.44978769387e-05)
(8.25984774164e-07 4.50531014925e-07 -3.37296626556e-05)
(1.02484727696e-06 3.68453499514e-07 -3.27791497566e-05)
(1.19933970007e-06 2.79929623347e-07 -3.16861984858e-05)
(1.34434716665e-06 1.92454013865e-07 -3.04983368191e-05)
(1.45585134549e-06 1.1454233971e-07 -2.92793470821e-05)
(1.53508393271e-06 5.34272734053e-08 -2.8101508833e-05)
(1.58872600074e-06 1.27065513035e-08 -2.70279448056e-05)
(1.62540752103e-06 -8.19571245807e-09 -2.61036025681e-05)
(1.65245727148e-06 -1.36536425507e-08 -2.53564179787e-05)
(1.67387584238e-06 -1.01349038147e-08 -2.48007188434e-05)
(1.69051980068e-06 -4.68914075423e-09 -2.44396637415e-05)
(1.69844564222e-06 -1.39718342794e-09 -2.42651695326e-05)
(1.40145314191e-07 7.92900615854e-07 -3.46929331932e-05)
(3.93593231603e-07 7.61988987008e-07 -3.44133956015e-05)
(6.42831027603e-07 7.02637624184e-07 -3.38563228074e-05)
(8.72112944074e-07 6.20327980223e-07 -3.30824803986e-05)
(1.07928788997e-06 5.23814126342e-07 -3.21279844644e-05)
(1.25963306334e-06 4.21677723455e-07 -3.10328939819e-05)
(1.40899744439e-06 3.22585273283e-07 -2.98450747687e-05)
(1.524725837e-06 2.36009289047e-07 -2.86316305147e-05)
(1.60989300666e-06 1.68691505638e-07 -2.74665440877e-05)
(1.67260667807e-06 1.22258587382e-07 -2.64108785492e-05)
(1.72190314814e-06 9.34972620501e-08 -2.55054661359e-05)
(1.76422511454e-06 7.55860076965e-08 -2.47746198636e-05)
(1.80127912518e-06 6.0515433821e-08 -2.42305564456e-05)
(1.83116215839e-06 4.13215688571e-08 -2.38758687563e-05)
(1.84672231704e-06 1.56319514859e-08 -2.37041366384e-05)
(1.57331540034e-07 1.12316015135e-06 -3.37100530355e-05)
(4.36657840119e-07 1.09127834597e-06 -3.33957570624e-05)
(7.10685872137e-07 1.02069298584e-06 -3.28353733411e-05)
(9.62667913793e-07 9.22362489636e-07 -3.20566218848e-05)
(1.18836005689e-06 8.06862220214e-07 -3.1100751343e-05)
(1.38367165121e-06 6.84211736151e-07 -3.00075721472e-05)
(1.54514512973e-06 5.64147026438e-07 -2.88279920726e-05)
(1.67179653597e-06 4.56957025985e-07 -2.76309845938e-05)
(1.76856577457e-06 3.69026016023e-07 -2.64889002634e-05)
(1.84447422505e-06 3.00524370467e-07 -2.54585581286e-05)
(1.90817654114e-06 2.46688658819e-07 -2.45761960143e-05)
(1.96479230366e-06 1.99807727069e-07 -2.3862971035e-05)
(2.01425188958e-06 1.52103326118e-07 -2.33294778268e-05)
(2.05409392021e-06 9.7367577439e-08 -2.29785524039e-05)
(2.07425267453e-06 3.50426406491e-08 -2.28043935394e-05)
(1.7770382463e-07 1.59855056779e-06 -3.21921858063e-05)
(4.91294881377e-07 1.5598556389e-06 -3.18941963919e-05)
(8.02815248406e-07 1.47444386369e-06 -3.13346892539e-05)
(1.0868349021e-06 1.35327196535e-06 -3.05659573384e-05)
(1.34025015769e-06 1.20929472643e-06 -2.96239753442e-05)
(1.55836995681e-06 1.05462142764e-06 -2.85497968531e-05)
(1.73878579815e-06 9.00630984785e-07 -2.73962897105e-05)
(1.88223821351e-06 7.5862681148e-07 -2.62320913202e-05)
(1.99510116525e-06 6.34957581919e-07 -2.51260883413e-05)
(2.08673020824e-06 5.29101343876e-07 -2.41302590088e-05)
(2.16512668337e-06 4.35838323425e-07 -2.32765337644e-05)
(2.23436584058e-06 3.47680941662e-07 -2.25836066128e-05)
(2.29317390668e-06 2.5774857536e-07 -2.20611861773e-05)
(2.33934931721e-06 1.60563113993e-07 -2.17124113284e-05)
(2.36289639897e-06 5.6544917135e-08 -2.1532768839e-05)
(2.06938269896e-07 2.16693294526e-06 -3.00716646673e-05)
(5.66906558502e-07 2.12099270991e-06 -2.97646698614e-05)
(9.25119461706e-07 2.01731350448e-06 -2.92103948876e-05)
(1.24928909793e-06 1.86823393532e-06 -2.84614042255e-05)
(1.5364540002e-06 1.68914080938e-06 -2.75500605808e-05)
(1.78191555542e-06 1.49433376129e-06 -2.65167441574e-05)
(1.98460431251e-06 1.29698144823e-06 -2.54138452574e-05)
(2.1468847897e-06 1.1093676445e-06 -2.43066941258e-05)
(2.27609946049e-06 9.38265566623e-07 -2.32582007337e-05)
(2.38154929528e-06 7.83518150755e-07 -2.23143878668e-05)
(2.47066777861e-06 6.40661602074e-07 -2.15029630889e-05)
(2.54722177976e-06 5.03445431677e-07 -2.08407192657e-05)
(2.60995941854e-06 3.66205585951e-07 -2.03379052727e-05)
(2.65777428843e-06 2.24248604557e-07 -1.99983637657e-05)
(2.6812576377e-06 7.80596127068e-08 -1.98179569742e-05)
(2.40946306758e-07 2.78672654e-06 -2.71118396959e-05)
(6.53268297936e-07 2.73104610227e-06 -2.68165612797e-05)
(1.06353554632e-06 2.603000363e-06 -2.62842446081e-05)
(1.43126178238e-06 2.4210000004e-06 -2.5581231917e-05)
(1.75436698751e-06 2.20061133754e-06 -2.47326587027e-05)
(2.0279543771e-06 1.95928769146e-06 -2.37761643993e-05)
(2.25244502777e-06 1.71167735201e-06 -2.27607243358e-05)
(2.43156343869e-06 1.47112465035e-06 -2.1745220353e-05)
(2.57333120273e-06 1.24538502886e-06 -2.07844240147e-05)
(2.68699270691e-06 1.03565021546e-06 -1.9917882822e-05)
(2.7799049184e-06 8.39054700762e-07 -1.91697737812e-05)
(2.85638283768e-06 6.50969024535e-07 -1.85551058837e-05)
(2.91624015365e-06 4.6684410925e-07 -1.80843537566e-05)
(2.96026155723e-06 2.82297337767e-07 -1.77624205944e-05)
(2.98030599212e-06 9.75263365832e-08 -1.75854967582e-05)
(2.75954539328e-07 3.36315097707e-06 -2.31485408252e-05)
(7.37485144736e-07 3.29546343888e-06 -2.28597459932e-05)
(1.19602873812e-06 3.14193146168e-06 -2.23861925944e-05)
(1.60310629583e-06 2.92466016397e-06 -2.17606641018e-05)
(1.95575967781e-06 2.6626219645e-06 -2.1014903934e-05)
(2.2506399222e-06 2.37465895784e-06 -2.01784416871e-05)
(2.48932362004e-06 2.07720007261e-06 -1.9294629314e-05)
(2.67689758547e-06 1.78456292703e-06 -1.84131758956e-05)
(2.8219868082e-06 1.50582296966e-06 -1.75786865465e-05)
(2.93404789842e-06 1.24414780579e-06 -1.68235067697e-05)
(3.0210723675e-06 9.98668264146e-07 -1.61690629224e-05)
(3.08873973388e-06 7.66231612352e-07 -1.56291789024e-05)
(3.13847105484e-06 5.43102375752e-07 -1.52132511538e-05)
(3.17318838002e-06 3.24905540246e-07 -1.49257649983e-05)
(3.1864064946e-06 1.11606065665e-07 -1.47626100725e-05)
(3.00094204747e-07 3.74006784518e-06 -1.79812859893e-05)
(7.89772708289e-07 3.65682265079e-06 -1.77502124521e-05)
(1.27541744627e-06 3.4810537935e-06 -1.73449590546e-05)
(1.69951208798e-06 3.2357989539e-06 -1.684397874e-05)
(2.06162208608e-06 2.94144315618e-06 -1.62471204112e-05)
(2.35851277952e-06 2.61907455419e-06 -1.55837123247e-05)
(2.5934631452e-06 2.28582333908e-06 -1.4886441327e-05)
(2.77275611946e-06 1.95663300994e-06 -1.41930231266e-05)
(2.90566179051e-06 1.64170406866e-06 -1.35359255619e-05)
(3.00213188149e-06 1.34603498584e-06 -1.29389418971e-05)
(3.07131645255e-06 1.07052499616e-06 -1.24201160181e-05)
(3.12059809129e-06 8.13022368229e-07 -1.19919656208e-05)
(3.15305384642e-06 5.70271365786e-07 -1.16617664027e-05)
(3.17321870907e-06 3.37885002816e-07 -1.14315602094e-05)
(3.17724630552e-06 1.15595297557e-07 -1.12958679595e-05)
(2.8632354981e-07 3.55006767709e-06 -1.1569448468e-05)
(7.40027515267e-07 3.45883907279e-06 -1.13880766058e-05)
(1.18698798558e-06 3.28084631185e-06 -1.11314957031e-05)
(1.5718278973e-06 3.03939390955e-06 -1.07972567154e-05)
(1.89300758684e-06 2.75268131175e-06 -1.04090885495e-05)
(2.14952542431e-06 2.44064199658e-06 -9.97737170647e-06)
(2.34561507046e-06 2.11953507437e-06 -9.52539166649e-06)
(2.48811698101e-06 1.80326877295e-06 -9.07714361881e-06)
(2.58636781174e-06 1.50169767494e-06 -8.65230587074e-06)
(2.65023469437e-06 1.2204318964e-06 -8.26514417801e-06)
(2.68932411361e-06 9.61249478094e-07 -7.92799635315e-06)
(2.71178941074e-06 7.22508654282e-07 -7.64987632829e-06)
(2.72158451943e-06 5.01784790768e-07 -7.43464807771e-06)
(2.72417131e-06 2.94556809124e-07 -7.28266788657e-06)
(2.71837260209e-06 1.00580534663e-07 -7.18776482188e-06)
(1.83332295859e-07 2.2580873412e-06 -4.17817979863e-06)
(4.65476059306e-07 2.1836274047e-06 -4.11577477524e-06)
(7.40460341511e-07 2.05770923197e-06 -4.01348336208e-06)
(9.72577288987e-07 1.89138764687e-06 -3.89475129101e-06)
(1.15971840716e-06 1.69780289944e-06 -3.75383360259e-06)
(1.30190945546e-06 1.48996443232e-06 -3.59867281254e-06)
(1.40275767773e-06 1.27902873895e-06 -3.43685209205e-06)
(1.4680506962e-06 1.07424593394e-06 -3.277105706e-06)
(1.50489354794e-06 8.82143156032e-07 -3.12610795396e-06)
(1.52072281411e-06 7.06394611557e-07 -2.98854015115e-06)
(1.52277845171e-06 5.48115252419e-07 -2.86907291083e-06)
(1.51721749685e-06 4.06020569151e-07 -2.77107586304e-06)
(1.50744958268e-06 2.78486864697e-07 -2.69484537343e-06)
(1.49671219118e-06 1.61914838703e-07 -2.64109227214e-06)
(1.48889463166e-06 5.53538800867e-08 -2.60497990303e-06)
(7.92222688793e-08 1.09276251147e-07 -3.54764848199e-05)
(2.24775936186e-07 1.02353950713e-07 -3.51815948029e-05)
(3.66284619893e-07 8.19920913275e-08 -3.46367374772e-05)
(4.98522344941e-07 5.16170823915e-08 -3.38709947174e-05)
(6.19141229322e-07 1.53425916442e-08 -3.29233408352e-05)
(7.24886673532e-07 -2.21202538965e-08 -3.18320092281e-05)
(8.12348797856e-07 -5.63240042995e-08 -3.06436424766e-05)
(8.79493252957e-07 -8.27159654151e-08 -2.94230972315e-05)
(9.2804616515e-07 -9.77754435786e-08 -2.82438684572e-05)
(9.62938904673e-07 -1.00074715882e-07 -2.71693193163e-05)
(9.89816743892e-07 -9.05170669724e-08 -2.62439640414e-05)
(1.01301115057e-06 -7.24184661732e-08 -2.54957313246e-05)
(1.03399814367e-06 -5.02674926194e-08 -2.49394783685e-05)
(1.05271507664e-06 -2.91193429566e-08 -2.4578942719e-05)
(1.0679248814e-06 -9.47816638847e-09 -2.4404961545e-05)
(8.34603567609e-08 2.48606459273e-07 -3.48275896642e-05)
(2.37436085878e-07 2.37297690235e-07 -3.45500380917e-05)
(3.89205865542e-07 2.11873104462e-07 -3.39948863194e-05)
(5.28934157113e-07 1.73699052524e-07 -3.32222275491e-05)
(6.55540559329e-07 1.29123999115e-07 -3.22680505471e-05)
(7.65701885864e-07 8.38154949987e-08 -3.11713296414e-05)
(8.56754137229e-07 4.28550416198e-08 -2.99798627304e-05)
(9.27622492772e-07 1.12067834924e-08 -2.87619960809e-05)
(9.81095805082e-07 -8.06306973664e-09 -2.75928916107e-05)
(1.02275308074e-06 -1.48423438135e-08 -2.65339669419e-05)
(1.05829977298e-06 -1.17624646581e-08 -2.56257893713e-05)
(1.09142115427e-06 -3.70537948304e-09 -2.48928740304e-05)
(1.12195390714e-06 3.76719749153e-09 -2.43476322043e-05)
(1.1484940236e-06 6.17200809046e-09 -2.39928794191e-05)
(1.16749881005e-06 3.35712968485e-09 -2.38210505006e-05)
(9.44408207417e-08 4.73544798773e-07 -3.38686896023e-05)
(2.65269638575e-07 4.64026881429e-07 -3.35560273208e-05)
(4.32146886932e-07 4.30325113464e-07 -3.2996725545e-05)
(5.85635715581e-07 3.80624878781e-07 -3.22179884041e-05)
(7.23243665423e-07 3.22230781067e-07 -3.12608994218e-05)
(8.42197937535e-07 2.6216045102e-07 -3.01644391304e-05)
(9.40606901063e-07 2.06402445501e-07 -2.89796989135e-05)
(1.01852830064e-06 1.60480325481e-07 -2.7776878309e-05)
(1.07972860719e-06 1.27081999712e-07 -2.66295301848e-05)
(1.13003127734e-06 1.0523006692e-07 -2.55949492099e-05)
(1.17467719962e-06 9.12073190751e-08 -2.47092001109e-05)
(1.21644228158e-06 7.9571249226e-08 -2.39936570239e-05)
(1.25388978135e-06 6.48744995648e-08 -2.34588478867e-05)
(1.28588984674e-06 4.35390154293e-08 -2.3107532638e-05)
(1.30603342629e-06 1.58698918236e-08 -2.29327468612e-05)
(1.07864393755e-07 8.05508825253e-07 -3.23693247744e-05)
(3.0061682169e-07 7.9056311514e-07 -3.20694797375e-05)
(4.91311322922e-07 7.45191480546e-07 -3.15116753236e-05)
(6.6543574746e-07 6.78475864712e-07 -3.07424537257e-05)
(8.20680199498e-07 5.99200399574e-07 -2.97990362269e-05)
(9.54254502063e-07 5.15927304419e-07 -2.87213384052e-05)
(1.06493144891e-06 4.35821563909e-07 -2.75626067717e-05)
(1.15380069007e-06 3.65151083438e-07 -2.63925259722e-05)
(1.22535165683e-06 3.06573000119e-07 -2.52810006836e-05)
(1.28542925681e-06 2.58659580594e-07 -2.42804758175e-05)
(1.33879058601e-06 2.17413284719e-07 -2.34227716296e-05)
(1.38761531231e-06 1.7759819106e-07 -2.27268668021e-05)
(1.42963810225e-06 1.34353977868e-07 -2.22027735011e-05)
(1.46443038747e-06 8.48728508852e-08 -2.1853578285e-05)
(1.4845054163e-06 2.9461855964e-08 -2.16732344784e-05)
(1.26598303656e-07 1.2030242148e-06 -3.02571113462e-05)
(3.50105065316e-07 1.18101540694e-06 -2.99501842169e-05)
(5.71548507214e-07 1.12204113263e-06 -2.93971839475e-05)
(7.7189929687e-07 1.0347406101e-06 -2.86482030599e-05)
(9.49098790861e-07 9.30127656924e-07 -2.77357431208e-05)
(1.10046203152e-06 8.18017497944e-07 -2.66991682586e-05)
(1.22558099378e-06 7.06845611339e-07 -2.5591250676e-05)
(1.32650032171e-06 6.03677723205e-07 -2.44781071859e-05)
(1.40818008219e-06 5.11592087239e-07 -2.34234798345e-05)
(1.47633540507e-06 4.2952558117e-07 -2.24739208072e-05)
(1.53539306298e-06 3.54050017409e-07 -2.16571819552e-05)
(1.58748060927e-06 2.80792916936e-07 -2.09902514497e-05)
(1.63040021222e-06 2.05645216606e-07 -2.04838820404e-05)
(1.66498806555e-06 1.26539816697e-07 -2.01421951451e-05)
(1.68269661584e-06 4.31070979666e-08 -1.99599321336e-05)
(1.48270971786e-07 1.63395647326e-06 -2.72907559606e-05)
(4.06151811368e-07 1.6050066763e-06 -2.69972708997e-05)
(6.61440552649e-07 1.52856199305e-06 -2.64638671322e-05)
(8.89928485911e-07 1.4177422877e-06 -2.5760122122e-05)
(1.09046397629e-06 1.28390247923e-06 -2.49093462505e-05)
(1.25998001733e-06 1.13875428379e-06 -2.39488332845e-05)
(1.39902301006e-06 9.91791405711e-07 -2.29279167331e-05)
(1.51037808574e-06 8.50972579781e-07 -2.19059955855e-05)
(1.59931809309e-06 7.20274002542e-07 -2.0938374278e-05)
(1.67150813259e-06 5.99747551194e-07 -2.00650634927e-05)
(1.73146870737e-06 4.8713677301e-07 -1.93105872728e-05)
(1.78186403831e-06 3.79143870271e-07 -1.86903044828e-05)
(1.82117530414e-06 2.72322062133e-07 -1.82152434532e-05)
(1.85202378518e-06 1.6484878062e-07 -1.78906419199e-05)
(1.86501652837e-06 5.55829088041e-08 -1.77121581564e-05)
(1.70230957497e-07 2.02753769513e-06 -2.32953401057e-05)
(4.59709193172e-07 1.99093650966e-06 -2.30023293304e-05)
(7.44690029404e-07 1.89651596673e-06 -2.25304892897e-05)
(9.97797735114e-07 1.76173320406e-06 -2.19040436455e-05)
(1.21658650203e-06 1.59924951581e-06 -2.11560416258e-05)
(1.39892785863e-06 1.42191695097e-06 -2.03156093194e-05)
(1.54612838725e-06 1.24030762384e-06 -1.94265018146e-05)
(1.66172410935e-06 1.0632234357e-06 -1.85387540096e-05)
(1.7512855442e-06 8.95767387154e-07 -1.76972438161e-05)
(1.82065955101e-06 7.39507982955e-07 -1.69346602953e-05)
(1.87499861595e-06 5.93583607309e-07 -1.62731494859e-05)
(1.91804744424e-06 4.5560926314e-07 -1.57273329342e-05)
(1.94915447782e-06 3.22618037972e-07 -1.53072318738e-05)
(1.97284202451e-06 1.92719551426e-07 -1.50172152105e-05)
(1.97903370664e-06 6.44551628783e-08 -1.48527469496e-05)
(1.83137415662e-07 2.26837618276e-06 -1.80576355661e-05)
(4.87555064226e-07 2.22212760896e-06 -1.78258428763e-05)
(7.874921484e-07 2.11371017327e-06 -1.74204265484e-05)
(1.04876539247e-06 1.961112894e-06 -1.69184584485e-05)
(1.27081389651e-06 1.77814982588e-06 -1.63193068555e-05)
(1.45183875627e-06 1.57862523316e-06 -1.56523593631e-05)
(1.59404854982e-06 1.37369149926e-06 -1.49504139365e-05)
(1.7017720621e-06 1.17262768294e-06 -1.42512779666e-05)
(1.78095421428e-06 9.81483936568e-07 -1.35874450417e-05)
(1.83784610016e-06 8.03142485761e-07 -1.29829348212e-05)
(1.8785222568e-06 6.37864999768e-07 -1.24566718561e-05)
(1.90785682063e-06 4.83834240184e-07 -1.2022069883e-05)
(1.92601278214e-06 3.38471242231e-07 -1.16868197609e-05)
(1.9390302645e-06 1.99902369671e-07 -1.14524787756e-05)
(1.93734397691e-06 6.64197036381e-08 -1.13135809848e-05)
(1.70392462691e-07 2.11587046242e-06 -1.15258780984e-05)
(4.48027636136e-07 2.06239027989e-06 -1.13426308021e-05)
(7.1754881441e-07 1.95403136849e-06 -1.10862077477e-05)
(9.48277613264e-07 1.8064586967e-06 -1.07510122915e-05)
(1.1394904751e-06 1.63144213212e-06 -1.03611225297e-05)
(1.29029655863e-06 1.44192757294e-06 -9.92676607346e-06)
(1.40397422515e-06 1.24800319609e-06 -9.47110687349e-06)
(1.48498935354e-06 1.0582566184e-06 -9.01810198575e-06)
(1.5392987949e-06 8.78529352163e-07 -8.58741755483e-06)
(1.57310555242e-06 7.12069195745e-07 -8.19357338733e-06)
(1.59269088982e-06 5.5962384602e-07 -7.84970687397e-06)
(1.60319543976e-06 4.19651526949e-07 -7.56533616075e-06)
(1.60533027074e-06 2.90507092496e-07 -7.34451177143e-06)
(1.60633795684e-06 1.69940578099e-07 -7.18745477e-06)
(1.59673095018e-06 5.60633464795e-08 -7.09027154653e-06)
(9.35141943824e-08 1.18589220567e-06 -3.91542953748e-06)
(2.4486053132e-07 1.14377212967e-06 -3.85390064318e-06)
(3.88746443948e-07 1.07409935185e-06 -3.75450855066e-06)
(5.09129374321e-07 9.82476291906e-07 -3.63843993552e-06)
(6.0432889222e-07 8.76576267056e-07 -3.50084372898e-06)
(6.74651916104e-07 7.63935054266e-07 -3.34879657089e-06)
(7.22262964403e-07 6.50860622423e-07 -3.18962870493e-06)
(7.50719300735e-07 5.42455621898e-07 -3.03180116148e-06)
(7.64199782128e-07 4.42162482216e-07 -2.88179606982e-06)
(7.67012430629e-07 3.51756706754e-07 -2.7443495991e-06)
(7.63356204281e-07 2.71467534934e-07 -2.62444026636e-06)
(7.56629604368e-07 2.00052928419e-07 -2.52543547391e-06)
(7.47836258643e-07 1.36642786991e-07 -2.44782065001e-06)
(7.40118599215e-07 7.90743123365e-08 -2.39305841992e-06)
(7.32303113742e-07 2.54569510481e-08 -2.35740835092e-06)
(2.19599244565e-08 -4.91658337767e-07 -3.56475687728e-05)
(6.08459943302e-08 -4.90024391812e-07 -3.53510217487e-05)
(9.80067681578e-08 -4.82960798496e-07 -3.48085316686e-05)
(1.3260287541e-07 -4.7683879449e-07 -3.40441571538e-05)
(1.63166931487e-07 -4.69673073428e-07 -3.30973011939e-05)
(1.88461979255e-07 -4.58357842485e-07 -3.20059635327e-05)
(2.07067153442e-07 -4.40792046828e-07 -3.08168666891e-05)
(2.1847390385e-07 -4.15084937277e-07 -2.9595319764e-05)
(2.24187964979e-07 -3.79996903528e-07 -2.8414958295e-05)
(2.27089875065e-07 -3.35182088468e-07 -2.73389404151e-05)
(2.30118552707e-07 -2.81348623991e-07 -2.64115957511e-05)
(2.35405507164e-07 -2.20815085469e-07 -2.56613333229e-05)
(2.42727512812e-07 -1.56782382615e-07 -2.51034493071e-05)
(2.50228218495e-07 -9.38444824852e-08 -2.47416355699e-05)
(2.58487103976e-07 -3.14717373068e-08 -2.45657686415e-05)
(2.34552865592e-08 -3.69453292562e-07 -3.49775080825e-05)
(6.62357258044e-08 -3.69518929053e-07 -3.47003662489e-05)
(1.10485804482e-07 -3.63294455268e-07 -3.41463786309e-05)
(1.50440477467e-07 -3.61059765315e-07 -3.33734503721e-05)
(1.85866688847e-07 -3.58034268029e-07 -3.24183912932e-05)
(2.15475708475e-07 -3.50748854407e-07 -3.13198337061e-05)
(2.38302821827e-07 -3.36855053085e-07 -3.01262066799e-05)
(2.54501751511e-07 -3.14456122539e-07 -2.89064308479e-05)
(2.66270671723e-07 -2.82809103904e-07 -2.77357734628e-05)
(2.76882831229e-07 -2.42591123541e-07 -2.66753324793e-05)
(2.8929057928e-07 -1.95913920397e-07 -2.5765370149e-05)
(3.05099550953e-07 -1.46464303511e-07 -2.50308779618e-05)
(3.22502168596e-07 -9.86586742263e-08 -2.44844896259e-05)
(3.3795404584e-07 -5.61971422199e-08 -2.41291111588e-05)
(3.49475698182e-07 -1.77660521645e-08 -2.39559831216e-05)
(2.9433243253e-08 -2.09903521658e-07 -3.40226298683e-05)
(8.20753366087e-08 -2.0497566529e-07 -3.37148813006e-05)
(1.34843741958e-07 -2.03275210026e-07 -3.31544103696e-05)
(1.82690119346e-07 -2.07255885845e-07 -3.23748918225e-05)
(2.24957234506e-07 -2.11877091184e-07 -3.1415822688e-05)
(2.60507002221e-07 -2.12906485573e-07 -3.03161584979e-05)
(2.89007164654e-07 -2.07573536819e-07 -2.91277921171e-05)
(3.11317224747e-07 -1.93863776557e-07 -2.79215568179e-05)
(3.30093869425e-07 -1.71539576148e-07 -2.67712547721e-05)
(3.48504279431e-07 -1.42183748419e-07 -2.57340343168e-05)
(3.68955587682e-07 -1.08766455074e-07 -2.48457465913e-05)
(3.92220133801e-07 -7.53689109504e-08 -2.41281510199e-05)
(4.15348343283e-07 -4.63130954366e-08 -2.35918800899e-05)
(4.35124873053e-07 -2.40776409122e-08 -2.3239700619e-05)
(4.48211226843e-07 -7.05102880741e-09 -2.30633619432e-05)
(3.68297658646e-08 1.38052195754e-08 -3.25403722005e-05)
(1.01352134434e-07 1.50892565599e-08 -3.22378961787e-05)
(1.67197617123e-07 9.17905373889e-09 -3.16787575538e-05)
(2.27134251087e-07 -4.68921003023e-09 -3.09082016138e-05)
(2.80101805464e-07 -2.14628999864e-08 -2.9962447728e-05)
(3.25181539911e-07 -3.6088710966e-08 -2.88812181038e-05)
(3.62379894599e-07 -4.52976156664e-08 -2.77184559281e-05)
(3.9302904731e-07 -4.6861834177e-08 -2.65443603583e-05)
(4.19951708618e-07 -4.08104931282e-08 -2.54290935826e-05)
(4.46026224869e-07 -2.91345134198e-08 -2.44250629311e-05)
(4.73133987006e-07 -1.49943074927e-08 -2.3563992331e-05)
(5.01521124698e-07 -2.2139259892e-09 -2.28652058374e-05)
(5.27448946067e-07 5.49326352124e-09 -2.23387969723e-05)
(5.48452289559e-07 6.83127451786e-09 -2.19879801771e-05)
(5.61497305713e-07 3.06156899937e-09 -2.18049101785e-05)
(4.71024799184e-08 2.69462448897e-07 -3.04271935242e-05)
(1.29227793157e-07 2.64833383487e-07 -3.01165763473e-05)
(2.12859337424e-07 2.50750560019e-07 -2.95635895737e-05)
(2.88417406831e-07 2.24790220804e-07 -2.88136633092e-05)
(3.54780205911e-07 1.93319075718e-07 -2.78992648217e-05)
(4.11252286967e-07 1.61808279377e-07 -2.68595508074e-05)
(4.58206474383e-07 1.34049798019e-07 -2.57478503606e-05)
(4.97350974816e-07 1.12559628396e-07 -2.46306463563e-05)
(5.31513117562e-07 9.74257740698e-08 -2.35718953415e-05)
(5.63250081548e-07 8.68756701855e-08 -2.26182063764e-05)
(5.94134025911e-07 7.81975252048e-08 -2.17974178501e-05)
(6.24387180182e-07 6.82845315505e-08 -2.11269303814e-05)
(6.50171694607e-07 5.40843525224e-08 -2.0617640044e-05)
(6.7031319765e-07 3.52992860372e-08 -2.02741156368e-05)
(6.82127504097e-07 1.23379213297e-08 -2.0089357377e-05)
(5.906406401e-08 5.41575303966e-07 -2.7451557563e-05)
(1.61016407517e-07 5.32298439655e-07 -2.71579462812e-05)
(2.64476168088e-07 5.08066232446e-07 -2.66239406022e-05)
(3.56892348757e-07 4.6823751887e-07 -2.59188778424e-05)
(4.37774908021e-07 4.19666223313e-07 -2.50657067475e-05)
(5.06090045944e-07 3.68497407607e-07 -2.41018375079e-05)
(5.62611792297e-07 3.19019915013e-07 -2.30769924373e-05)
(6.09223941451e-07 2.74180317106e-07 -2.20507785473e-05)
(6.48659879749e-07 2.34606998254e-07 -2.10785919924e-05)
(6.83274143987e-07 1.99299810607e-07 -2.02005086975e-05)
(7.1471749959e-07 1.66396781165e-07 -1.94413571382e-05)
(7.43663214406e-07 1.33600829375e-07 -1.88170949122e-05)
(7.66554581311e-07 9.83891258912e-08 -1.83389733023e-05)
(7.84012192141e-07 6.08455597452e-08 -1.80127134469e-05)
(7.93565141372e-07 2.06386619709e-08 -1.78322666861e-05)
(7.16319547994e-08 7.92091342564e-07 -2.34349719989e-05)
(1.93070207327e-07 7.79034765257e-07 -2.31414458486e-05)
(3.1397347209e-07 7.43726748587e-07 -2.2669733993e-05)
(4.21756284708e-07 6.89891385203e-07 -2.20425354842e-05)
(5.147937114e-07 6.24262035131e-07 -2.12926328947e-05)
(5.92350431485e-07 5.53688641516e-07 -2.04494149127e-05)
(6.55526407038e-07 4.8283674542e-07 -1.95568381874e-05)
(7.06328229813e-07 4.15170489697e-07 -1.8665027984e-05)
(7.47401807484e-07 3.5208266157e-07 -1.78188764167e-05)
(7.81100956298e-07 2.93602382666e-07 -1.70511711354e-05)
(8.09569180618e-07 2.38780101979e-07 -1.63845869823e-05)
(8.3428387341e-07 1.85941083201e-07 -1.58344290439e-05)
(8.51930957258e-07 1.32994458984e-07 -1.54108149877e-05)
(8.65240386322e-07 8.00977609204e-08 -1.51183028109e-05)
(8.7152930501e-07 2.67634205655e-08 -1.49508241944e-05)
(7.9592567578e-08 9.57358872782e-07 -1.81571620784e-05)
(2.11468900063e-07 9.40713774329e-07 -1.79245378605e-05)
(3.43627891504e-07 8.97008194609e-07 -1.75200753375e-05)
(4.5882568581e-07 8.32402994659e-07 -1.70171513978e-05)
(5.56484710531e-07 7.54300936184e-07 -1.64167260215e-05)
(6.36213788159e-07 6.69582112495e-07 -1.57475876171e-05)
(6.99246461573e-07 5.83364675581e-07 -1.50427199688e-05)
(7.47876614398e-07 4.99441952548e-07 -1.43398877562e-05)
(7.84776997118e-07 4.19969400619e-07 -1.36715474886e-05)
(8.12522634674e-07 3.45873770457e-07 -1.30619127402e-05)
(8.33930996735e-07 2.76859390686e-07 -1.25305677283e-05)
(8.51159687319e-07 2.11616995212e-07 -1.20913308724e-05)
(8.61103270977e-07 1.48489163537e-07 -1.17516055739e-05)
(8.68772534136e-07 8.78167152028e-08 -1.15130638339e-05)
(8.7122536591e-07 2.90712046469e-08 -1.13704577082e-05)
(7.60798345258e-08 9.26156524169e-07 -1.15582190776e-05)
(2.01574560012e-07 9.04353092232e-07 -1.13752605272e-05)
(3.2344356674e-07 8.58736463139e-07 -1.11176184037e-05)
(4.27360232397e-07 7.94614800499e-07 -1.07820448748e-05)
(5.13316688888e-07 7.17975564253e-07 -1.03909785897e-05)
(5.80758346123e-07 6.35286767757e-07 -9.95512004405e-06)
(6.31832487973e-07 5.50931802262e-07 -9.49735693482e-06)
(6.68665228902e-07 4.68597785944e-07 -9.04150438624e-06)
(6.93929125321e-07 3.90604620103e-07 -8.60717052279e-06)
(7.10293375415e-07 3.18251809607e-07 -8.20914523828e-06)
(7.20770216207e-07 2.51586173374e-07 -7.86113217338e-06)
(7.27613186541e-07 1.89492586167e-07 -7.57258473324e-06)
(7.28298191243e-07 1.31228805458e-07 -7.34739322896e-06)
(7.30580269277e-07 7.68540396736e-08 -7.18643625934e-06)
(7.27697822941e-07 2.52513397573e-08 -7.08922939998e-06)
(4.03739101748e-08 5.10967986205e-07 -3.85736708533e-06)
(1.06795186533e-07 4.92237754664e-07 -3.79559183966e-06)
(1.69961977577e-07 4.62292479538e-07 -3.69759360394e-06)
(2.22980520877e-07 4.22470023068e-07 -3.58238382073e-06)
(2.64542957432e-07 3.76399720339e-07 -3.44608832663e-06)
(2.95071797113e-07 3.27652574485e-07 -3.29521560364e-06)
(3.15548194411e-07 2.78998089172e-07 -3.1370069924e-06)
(3.27676719607e-07 2.32587981618e-07 -2.97975754083e-06)
(3.33317859709e-07 1.89829053955e-07 -2.82986721913e-06)
(3.34385191758e-07 1.51414994856e-07 -2.69219001915e-06)
(3.32839472235e-07 1.17282975835e-07 -2.57189093441e-06)
(3.30165658347e-07 8.65387709286e-08 -2.47214668624e-06)
(3.25696385947e-07 5.91603337507e-08 -2.39382042905e-06)
(3.22865730318e-07 3.43107971227e-08 -2.33893380927e-06)
(3.18906209226e-07 1.0949456571e-08 -2.30390700547e-06)
(-3.51769884548e-08 -1.19704984622e-06 -3.58322504515e-05)
(-1.04724036887e-07 -1.17625036321e-06 -3.55385553735e-05)
(-1.73641029193e-07 -1.14029461453e-06 -3.49977026914e-05)
(-2.3930783994e-07 -1.09533046674e-06 -3.42343990051e-05)
(-3.01556698395e-07 -1.04168892364e-06 -3.3287752152e-05)
(-3.59886590742e-07 -9.77893167803e-07 -3.21956515115e-05)
(-4.14089518659e-07 -9.04211156471e-07 -3.10050486063e-05)
(-4.63696309447e-07 -8.21264131144e-07 -2.97816492959e-05)
(-5.0760933328e-07 -7.29766464549e-07 -2.85993461644e-05)
(-5.44594162783e-07 -6.30185225528e-07 -2.75211642457e-05)
(-5.7361913286e-07 -5.23007354222e-07 -2.65912525594e-05)
(-5.93708056936e-07 -4.09686866337e-07 -2.5838565324e-05)
(-6.05205947522e-07 -2.92424845662e-07 -2.52790334513e-05)
(-6.10872335392e-07 -1.75392198019e-07 -2.49162805603e-05)
(-6.13130616173e-07 -5.87747863324e-08 -2.47391641691e-05)
(-3.68900138808e-08 -1.07116702212e-06 -3.51585423795e-05)
(-1.08369293054e-07 -1.05301183268e-06 -3.48816241064e-05)
(-1.74585026759e-07 -1.01510425901e-06 -3.43285982664e-05)
(-2.37358851534e-07 -9.71407685729e-07 -3.35561889127e-05)
(-2.95974858535e-07 -9.19289509843e-07 -3.26006775249e-05)
(-3.49911764229e-07 -8.57323466968e-07 -3.15007226571e-05)
(-3.98723095869e-07 -7.8582154281e-07 -3.03052611471e-05)
(-4.4154671308e-07 -7.0559461487e-07 -2.90835838023e-05)
(-4.76975396203e-07 -6.17765973526e-07 -2.79110852338e-05)
(-5.03712385705e-07 -5.23574946017e-07 -2.68485927717e-05)
(-5.20900251992e-07 -4.24748958583e-07 -2.59361622804e-05)
(-5.28191398393e-07 -3.24162763775e-07 -2.51993548082e-05)
(-5.27563800472e-07 -2.25492294191e-07 -2.46513225602e-05)
(-5.23848325783e-07 -1.32228572378e-07 -2.4294960577e-05)
(-5.2177456431e-07 -4.30948494489e-08 -2.41201375598e-05)
(-3.54299115637e-08 -9.59626928187e-07 -3.42002977385e-05)
(-1.03614557933e-07 -9.35791531431e-07 -3.38951627919e-05)
(-1.66631103384e-07 -8.98311710615e-07 -3.33341883668e-05)
(-2.25884522268e-07 -8.55416541137e-07 -3.25550180256e-05)
(-2.80498640635e-07 -8.04750581977e-07 -3.15949994243e-05)
(-3.29986598434e-07 -7.44810380466e-07 -3.04934624126e-05)
(-3.73416975563e-07 -6.76025576707e-07 -2.93029596291e-05)
(-4.09554466907e-07 -5.99511754198e-07 -2.80946764634e-05)
(-4.36954273293e-07 -5.17007116115e-07 -2.69424831911e-05)
(-4.54744341164e-07 -4.30509532922e-07 -2.59032325311e-05)
(-4.62773524827e-07 -3.42445053549e-07 -2.50126047042e-05)
(-4.616576143e-07 -2.56029942563e-07 -2.42928086665e-05)
(-4.54650660302e-07 -1.74721520378e-07 -2.37547657707e-05)
(-4.46859475218e-07 -1.00875609693e-07 -2.34010966261e-05)
(-4.43059312341e-07 -3.25913478504e-08 -2.32236569119e-05)
(-3.37217123731e-08 -8.30004738404e-07 -3.27218627336e-05)
(-9.92233594823e-08 -8.08221391994e-07 -3.24175986192e-05)
(-1.58318465104e-07 -7.7328825979e-07 -3.18576398957e-05)
(-2.12643283786e-07 -7.32730269471e-07 -3.10864983673e-05)
(-2.6196725379e-07 -6.85179709023e-07 -3.01393454809e-05)
(-3.05427391865e-07 -6.29144923359e-07 -2.90560669089e-05)
(-3.42022014445e-07 -5.65268502096e-07 -2.7891223249e-05)
(-3.70511034357e-07 -4.95032891975e-07 -2.67152470797e-05)
(-3.89800773706e-07 -4.2072059421e-07 -2.5598255547e-05)
(-3.99681553303e-07 -3.44745320635e-07 -2.45922965754e-05)
(-4.00734415419e-07 -2.69647704065e-07 -2.37289509127e-05)
(-3.94245892199e-07 -1.98326735015e-07 -2.30279722049e-05)
(-3.84419491128e-07 -1.33407419407e-07 -2.24996557205e-05)
(-3.76137988495e-07 -7.59915861758e-08 -2.21471916055e-05)
(-3.72603496079e-07 -2.44127241797e-08 -2.19635506288e-05)
(-3.10343738389e-08 -7.02114885497e-07 -3.06059906647e-05)
(-9.08178250912e-08 -6.84840993444e-07 -3.02929779861e-05)
(-1.43528478677e-07 -6.52317243855e-07 -2.97399608658e-05)
(-1.91331385937e-07 -6.15082084687e-07 -2.89894477394e-05)
(-2.34203812044e-07 -5.71445560217e-07 -2.80739868148e-05)
(-2.70989974145e-07 -5.20357698573e-07 -2.70326843981e-05)
(-3.00681378418e-07 -4.6271092231e-07 -2.59193514047e-05)
(-3.22163884928e-07 -4.00294352929e-07 -2.48005815986e-05)
(-3.34799143258e-07 -3.35677685564e-07 -2.37402218499e-05)
(-3.38995754902e-07 -2.71279398229e-07 -2.27845311098e-05)
(-3.35818580902e-07 -2.09301441398e-07 -2.19613152218e-05)
(-3.26744485004e-07 -1.51978165215e-07 -2.12885280379e-05)
(-3.16383739746e-07 -1.01162849444e-07 -2.07772878351e-05)
(-3.09022947034e-07 -5.69637526999e-08 -2.04324235153e-05)
(-3.06182479588e-07 -1.82137122037e-08 -2.02477376699e-05)
(-2.73957385359e-08 -5.71178584109e-07 -2.76275887688e-05)
(-8.0133682932e-08 -5.57112501756e-07 -2.73340044714e-05)
(-1.25195166014e-07 -5.27851757713e-07 -2.67994894079e-05)
(-1.65506074817e-07 -4.94994399007e-07 -2.60935864162e-05)
(-2.0080347813e-07 -4.56678292387e-07 -2.52391230767e-05)
(-2.3017819729e-07 -4.12273012697e-07 -2.42736793652e-05)
(-2.52705677523e-07 -3.62803045777e-07 -2.32472714421e-05)
(-2.67592658532e-07 -3.10181032698e-07 -2.22195012373e-05)
(-2.74700484902e-07 -2.56907266754e-07 -2.12455759572e-05)
(-2.74895239008e-07 -2.05040183188e-07 -2.03652321828e-05)
(-2.69361407177e-07 -1.56220592205e-07 -1.96034169102e-05)
(-2.59377348909e-07 -1.1200034382e-07 -1.89767954869e-05)
(-2.49758489769e-07 -7.369767804e-08 -1.8496859118e-05)
(-2.43798985643e-07 -4.10550881206e-08 -1.81696722604e-05)
(-2.41382047864e-07 -1.30596439427e-08 -1.7989756262e-05)
(-2.23657597235e-08 -4.37578440288e-07 -2.36029946791e-05)
(-6.53749731448e-08 -4.25291460109e-07 -2.33101366038e-05)
(-1.02495056781e-07 -4.00952469922e-07 -2.28381189473e-05)
(-1.34128667653e-07 -3.73280055458e-07 -2.22106922419e-05)
(-1.61064174194e-07 -3.41584027141e-07 -2.14599601499e-05)
(-1.82565775817e-07 -3.05149856675e-07 -2.06157077992e-05)
(-1.97828153829e-07 -2.65247698823e-07 -1.97220027612e-05)
(-2.06490892871e-07 -2.2366973064e-07 -1.88289001379e-05)
(-2.08885290433e-07 -1.82583208464e-07 -1.79810808561e-05)
(-2.06128812137e-07 -1.4351504131e-07 -1.72111072698e-05)
(-1.99176479179e-07 -1.07595673086e-07 -1.65419813014e-05)
(-1.88879776823e-07 -7.58792690225e-08 -1.5989642023e-05)
(-1.80475164923e-07 -4.9246540904e-08 -1.55641487979e-05)
(-1.75739321403e-07 -2.72796810283e-08 -1.52703519201e-05)
(-1.73265414344e-07 -8.64777974664e-09 -1.51028428707e-05)
(-1.67476127283e-08 -3.07298275471e-07 -1.83120582138e-05)
(-5.00465323747e-08 -2.94706492178e-07 -1.80790891253e-05)
(-7.59764909697e-08 -2.74895618445e-07 -1.76760006609e-05)
(-9.76078424675e-08 -2.53146613881e-07 -1.71726844725e-05)
(-1.15468806038e-07 -2.28579681318e-07 -1.65719726706e-05)
(-1.28629897506e-07 -2.01092103324e-07 -1.59021574795e-05)
(-1.36820501686e-07 -1.7164323712e-07 -1.51963967313e-05)
(-1.3989777951e-07 -1.41805556083e-07 -1.44923202638e-05)
(-1.3849029809e-07 -1.13160916369e-07 -1.38222120772e-05)
(-1.33690858324e-07 -8.6684423895e-08 -1.3210291327e-05)
(-1.26047470383e-07 -6.31860550976e-08 -1.2676643628e-05)
(-1.16142942948e-07 -4.33935075537e-08 -1.22352709631e-05)
(-1.09569069286e-07 -2.77817557116e-08 -1.18930315191e-05)
(-1.0576774984e-07 -1.55636205205e-08 -1.16522753879e-05)
(-1.02510410591e-07 -4.91659895799e-09 -1.1509493112e-05)
(-8.00491782192e-09 -1.65460734156e-07 -1.16845197332e-05)
(-2.29204743596e-08 -1.57424805522e-07 -1.15030111389e-05)
(-3.45118028749e-08 -1.44047500265e-07 -1.12441309897e-05)
(-4.42868112513e-08 -1.2972160099e-07 -1.09085480544e-05)
(-5.16262737318e-08 -1.14154988321e-07 -1.05168713806e-05)
(-5.6639206164e-08 -9.70832520556e-08 -1.00804128947e-05)
(-5.84293009675e-08 -7.95760700938e-08 -9.62180438017e-06)
(-5.72213415948e-08 -6.26075152898e-08 -9.16469553366e-06)
(-5.3583896462e-08 -4.71090668461e-08 -8.7285648409e-06)
(-4.83010842774e-08 -3.35361513101e-08 -8.328409165e-06)
(-4.16136652664e-08 -2.23529856818e-08 -7.97840290243e-06)
(-3.39820091403e-08 -1.40801659745e-08 -7.68767487202e-06)
(-3.04727584378e-08 -8.52283984075e-09 -7.45988708331e-06)
(-2.65203550619e-08 -4.57171422351e-09 -7.29750299834e-06)
(-2.36309056471e-08 -1.29449902423e-09 -7.19957091834e-06)
(9.07763662443e-10 -1.00860291495e-08 -3.92433266377e-06)
(2.04166221145e-10 -9.59448630035e-09 -3.8612679689e-06)
(1.76414119904e-09 -7.16754189269e-09 -3.76328139699e-06)
(4.07282474415e-09 -5.09030287106e-09 -3.64719692924e-06)
(6.21389576493e-09 -3.13843427252e-09 -3.51019168442e-06)
(8.59576046232e-09 -1.08303750155e-09 -3.35838484682e-06)
(1.11170128204e-08 9.1424665399e-10 -3.19906149804e-06)
(1.37917224549e-08 2.61963385389e-09 -3.04044479517e-06)
(1.64440276447e-08 3.89126928212e-09 -2.88892963913e-06)
(1.89443947085e-08 4.69725345489e-09 -2.74956335134e-06)
(2.13852495459e-08 4.94468893524e-09 -2.62772731546e-06)
(2.37805687239e-08 4.20510296836e-09 -2.52632534379e-06)
(2.43126245858e-08 3.26261429401e-09 -2.44688182477e-06)
(2.5551340981e-08 1.81163467685e-09 -2.39105056948e-06)
(2.57424691958e-08 6.2083162764e-10 -2.35571506105e-06)
(-9.38401801469e-08 -1.90685853656e-06 -3.6027330738e-05)
(-2.73613690504e-07 -1.86345964079e-06 -3.5733392965e-05)
(-4.50372382714e-07 -1.79872114673e-06 -3.51931021859e-05)
(-6.18201189461e-07 -1.7143900837e-06 -3.44294684095e-05)
(-7.75011250058e-07 -1.61363455879e-06 -3.34814201363e-05)
(-9.18505005859e-07 -1.49686118319e-06 -3.23871557723e-05)
(-1.04672539628e-06 -1.36675630432e-06 -3.11941047531e-05)
(-1.15811335316e-06 -1.22645148039e-06 -2.99683508377e-05)
(-1.251974713e-06 -1.07852305151e-06 -2.87838784923e-05)
(-1.32882493764e-06 -9.24194919939e-07 -2.77033891809e-05)
(-1.38973626899e-06 -7.63809965458e-07 -2.6770762914e-05)
(-1.43520201044e-06 -5.97997519711e-07 -2.60154046397e-05)
(-1.4657137041e-06 -4.27965897872e-07 -2.54537374488e-05)
(-1.4834705355e-06 -2.56960311815e-07 -2.50895701821e-05)
(-1.4925790012e-06 -8.61165265419e-08 -2.49104851389e-05)
(-9.82960587767e-08 -1.775616455e-06 -3.53587576269e-05)
(-2.8540260891e-07 -1.73683323852e-06 -3.50792354843e-05)
(-4.63609924887e-07 -1.66797672927e-06 -3.45269028332e-05)
(-6.3052795021e-07 -1.5825312601e-06 -3.37542218939e-05)
(-7.84413066694e-07 -1.481064758e-06 -3.27975226718e-05)
(-9.22926652724e-07 -1.36429279105e-06 -3.16957249578e-05)
(-1.04413070841e-06 -1.23517403489e-06 -3.04984583253e-05)
(-1.14641896378e-06 -1.09714550473e-06 -2.92752787671e-05)
(-1.22924478347e-06 -9.53096416625e-07 -2.81014354091e-05)
(-1.29340175579e-06 -8.04818339326e-07 -2.70372838703e-05)
(-1.34026362953e-06 -6.53786846967e-07 -2.612273156e-05)
(-1.37098681041e-06 -5.02142882156e-07 -2.53839168129e-05)
(-1.38773332754e-06 -3.52766492526e-07 -2.4834292064e-05)
(-1.39505251939e-06 -2.08516943164e-07 -2.44767546172e-05)
(-1.39923602064e-06 -6.85200144136e-08 -2.42996697194e-05)
(-1.0132714907e-07 -1.71155103242e-06 -3.43896624848e-05)
(-2.91680525925e-07 -1.66773054763e-06 -3.40854301835e-05)
(-4.71496902427e-07 -1.59493235444e-06 -3.35236006133e-05)
(-6.38766623474e-07 -1.50486962897e-06 -3.27445237841e-05)
(-7.91133438167e-07 -1.39860324005e-06 -3.17837998391e-05)
(-9.26356354885e-07 -1.27749311851e-06 -3.06811325844e-05)
(-1.04225456242e-06 -1.14514155323e-06 -2.94897782591e-05)
(-1.13725198138e-06 -1.00572823301e-06 -2.82810564027e-05)
(-1.2112115289e-06 -8.62893311264e-07 -2.71285466891e-05)
(-1.26561360069e-06 -7.1907063224e-07 -2.60885259471e-05)
(-1.30258936633e-06 -5.76296809272e-07 -2.51965539989e-05)
(-1.32425207758e-06 -4.36971734107e-07 -2.44754050423e-05)
(-1.33394807719e-06 -3.03653965187e-07 -2.39362522419e-05)
(-1.33664917401e-06 -1.7804157364e-07 -2.35814687428e-05)
(-1.33837586208e-06 -5.83076498097e-08 -2.34019971687e-05)
(-1.052264759e-07 -1.67851930389e-06 -3.29071747446e-05)
(-3.01632355902e-07 -1.63425060464e-06 -3.26010480397e-05)
(-4.86229042812e-07 -1.55848992665e-06 -3.20393428888e-05)
(-6.55531449408e-07 -1.46311880548e-06 -3.12674920194e-05)
(-8.07790815659e-07 -1.35079459983e-06 -3.03193780774e-05)
(-9.40375850781e-07 -1.22376644489e-06 -2.92351502214e-05)
(-1.05131294457e-06 -1.08657710545e-06 -2.80699781985e-05)
(-1.13950520708e-06 -9.44361514106e-07 -2.68943131791e-05)
(-1.20564937093e-06 -8.01570655907e-07 -2.57778377185e-05)
(-1.25219525928e-06 -6.61062806422e-07 -2.47718686993e-05)
(-1.28214221718e-06 -5.24917873073e-07 -2.39078330535e-05)
(-1.298365184e-06 -3.95106343798e-07 -2.32060380837e-05)
(-1.30505410692e-06 -2.73141586959e-07 -2.26769316563e-05)
(-1.30704933999e-06 -1.59399243033e-07 -2.23234654575e-05)
(-1.30803484095e-06 -5.21505386777e-08 -2.21385410574e-05)
(-1.09858239906e-07 -1.67923943599e-06 -3.07873485307e-05)
(-3.1210098842e-07 -1.63731917814e-06 -3.04719852417e-05)
(-5.01623425412e-07 -1.55812435972e-06 -2.99181559652e-05)
(-6.73362387533e-07 -1.45715023427e-06 -2.9167113091e-05)
(-8.25955423726e-07 -1.33785403807e-06 -2.82511750547e-05)
(-9.56471095017e-07 -1.20375272181e-06 -2.72095525208e-05)
(-1.06328825267e-06 -1.06044089505e-06 -2.60965145423e-05)
(-1.14594917489e-06 -9.13960924737e-07 -2.49785970265e-05)
(-1.20605271215e-06 -7.69442860852e-07 -2.39191801415e-05)
(-1.24693972661e-06 -6.29963935472e-07 -2.29637800042e-05)
(-1.27225109218e-06 -4.97361267561e-07 -2.21401345161e-05)
(-1.28521138895e-06 -3.72952619094e-07 -2.14668803744e-05)
(-1.29042116116e-06 -2.57332094895e-07 -2.09552064704e-05)
(-1.29259060428e-06 -1.49890250152e-07 -2.06096672121e-05)
(-1.29319412663e-06 -4.90578953742e-08 -2.0424637572e-05)
(-1.14273675227e-07 -1.6901806686e-06 -2.78107090059e-05)
(-3.22012261495e-07 -1.64950206999e-06 -2.75161735892e-05)
(-5.15934119355e-07 -1.56664440332e-06 -2.69813038378e-05)
(-6.89301381228e-07 -1.46045334622e-06 -2.62747976011e-05)
(-8.41064403355e-07 -1.33466576076e-06 -2.54198936781e-05)
(-9.68434757704e-07 -1.19423207102e-06 -2.44543401032e-05)
(-1.0703698247e-06 -1.04554630722e-06 -2.34284539492e-05)
(-1.14723126171e-06 -8.95331124769e-07 -2.24017131571e-05)
(-1.20151126682e-06 -7.49115666804e-07 -2.14288452638e-05)
(-1.23724708108e-06 -6.1001846768e-07 -2.05489041333e-05)
(-1.25840414755e-06 -4.79573144656e-07 -1.97869001732e-05)
(-1.26827345157e-06 -3.58521222218e-07 -1.91602795616e-05)
(-1.27183228164e-06 -2.46894918254e-07 -1.86805907874e-05)
(-1.27358315604e-06 -1.43775923967e-07 -1.83535416747e-05)
(-1.27314311162e-06 -4.71223960224e-08 -1.81743467341e-05)
(-1.16594801512e-07 -1.67373628623e-06 -2.37915355719e-05)
(-3.24294819929e-07 -1.63308924907e-06 -2.34998347677e-05)
(-5.19620746374e-07 -1.54886934842e-06 -2.30268659485e-05)
(-6.90892614731e-07 -1.43920516362e-06 -2.23994609625e-05)
(-8.38041459251e-07 -1.30968942591e-06 -2.16485987844e-05)
(-9.58876200239e-07 -1.16590461078e-06 -2.08046550637e-05)
(-1.05294646195e-06 -1.01505557875e-06 -1.99117977487e-05)
(-1.12157618836e-06 -8.6415073642e-07 -1.90199308544e-05)
(-1.16808996803e-06 -7.18823076533e-07 -1.81733044008e-05)
(-1.19701180497e-06 -5.82150584688e-07 -1.74040113031e-05)
(-1.21236911164e-06 -4.55512064953e-07 -1.67352765384e-05)
(-1.21742388564e-06 -3.39252618819e-07 -1.61835253041e-05)
(-1.21793252807e-06 -2.32984654091e-07 -1.57586348534e-05)
(-1.2177427293e-06 -1.35680602041e-07 -1.54653577214e-05)
(-1.2151352948e-06 -4.45155000136e-08 -1.52989043645e-05)
(-1.1346007501e-07 -1.57820598022e-06 -1.85165387679e-05)
(-3.12275866684e-07 -1.53412975773e-06 -1.82834487458e-05)
(-4.96797470389e-07 -1.45083129119e-06 -1.78816629958e-05)
(-6.55820109418e-07 -1.34252468698e-06 -1.73780522106e-05)
(-7.89686151642e-07 -1.21506999034e-06 -1.6777559998e-05)
(-8.9626344968e-07 -1.07519787337e-06 -1.61080322402e-05)
(-9.76240966141e-07 -9.29980894839e-07 -1.54028723317e-05)
(-1.03167189873e-06 -7.86309169424e-07 -1.46995489515e-05)
(-1.06648287304e-06 -6.49436005381e-07 -1.40300453403e-05)
(-1.08537693936e-06 -5.22236090051e-07 -1.34184730527e-05)
(-1.09228915713e-06 -4.06046446002e-07 -1.28852698679e-05)
(-1.09060464929e-06 -3.00892599096e-07 -1.2444280745e-05)
(-1.0867525711e-06 -2.0604270847e-07 -1.21019418477e-05)
(-1.08317082744e-06 -1.20095843144e-07 -1.18613159817e-05)
(-1.07728105484e-06 -3.93855503951e-08 -1.17202673862e-05)
(-9.29023739038e-08 -1.26433041048e-06 -1.19064571906e-05)
(-2.492976577e-07 -1.22466233356e-06 -1.17263985168e-05)
(-3.95538376123e-07 -1.15247819417e-06 -1.14657531887e-05)
(-5.20054783669e-07 -1.05964456199e-06 -1.11298740047e-05)
(-6.21676976714e-07 -9.51739732123e-07 -1.07373595493e-05)
(-7.00015493157e-07 -8.34765928862e-07 -1.03002828739e-05)
(-7.55491501418e-07 -7.15230573026e-07 -9.84111712037e-06)
(-7.9068558575e-07 -5.98746515641e-07 -9.38334989831e-06)
(-8.09396501292e-07 -4.89462048643e-07 -8.94628882333e-06)
(-8.1583260391e-07 -3.89591818911e-07 -8.54512503177e-06)
(-8.13539057119e-07 -3.00096542061e-07 -8.19436246747e-06)
(-8.05663218692e-07 -2.2078778025e-07 -7.90252600166e-06)
(-7.98414926912e-07 -1.50521705368e-07 -7.67342232585e-06)
(-7.90689495319e-07 -8.72924627551e-08 -7.5116681374e-06)
(-7.81929632785e-07 -2.83435618344e-08 -7.4126340437e-06)
(-4.017539275e-08 -5.43833935538e-07 -4.12417233704e-06)
(-1.10281129437e-07 -5.22751003344e-07 -4.05856450299e-06)
(-1.7248876782e-07 -4.87319367741e-07 -3.95897295696e-06)
(-2.22747489446e-07 -4.42491821057e-07 -3.84005773196e-06)
(-2.61443883217e-07 -3.91521426154e-07 -3.69995224964e-06)
(-2.88229408024e-07 -3.37625130413e-07 -3.5446127407e-06)
(-3.04294060065e-07 -2.83943208891e-07 -3.38148393117e-06)
(-3.11360971285e-07 -2.33125546787e-07 -3.21882106501e-06)
(-3.11697986679e-07 -1.8688580375e-07 -3.06310793133e-06)
(-3.07547516721e-07 -1.46006607814e-07 -2.91969025237e-06)
(-3.00784723573e-07 -1.10609966552e-07 -2.79416671542e-06)
(-2.92923226793e-07 -8.05315729882e-08 -2.68912518888e-06)
(-2.86530524079e-07 -5.42856834735e-08 -2.60724801988e-06)
(-2.80196682795e-07 -3.15578159288e-08 -2.54953168198e-06)
(-2.75274693555e-07 -9.94369002362e-09 -2.51123497382e-06)
(-1.51729817289e-07 -2.54185783308e-06 -3.62465868882e-05)
(-4.37444387945e-07 -2.47535470083e-06 -3.59508102065e-05)
(-7.17875710864e-07 -2.38196754302e-06 -3.54100398293e-05)
(-9.83746297519e-07 -2.25871730818e-06 -3.46450964838e-05)
(-1.23042833007e-06 -2.11151356276e-06 -3.36945034472e-05)
(-1.45394809302e-06 -1.94299661134e-06 -3.25970507237e-05)
(-1.6505854769e-06 -1.7583864133e-06 -3.1400711446e-05)
(-1.81745355594e-06 -1.56365277687e-06 -3.01718283439e-05)
(-1.9542525367e-06 -1.36360240822e-06 -2.89844264333e-05)
(-2.06352936e-06 -1.16056296904e-06 -2.79008405295e-05)
(-2.14886073765e-06 -9.54958548295e-07 -2.69646980051e-05)
(-2.21284996654e-06 -7.46396342803e-07 -2.62060174898e-05)
(-2.2572375093e-06 -5.34635075036e-07 -2.56416394398e-05)
(-2.28430944419e-06 -3.21278336263e-07 -2.52755780562e-05)
(-2.29878039539e-06 -1.0788746399e-07 -2.50953151596e-05)
(-1.5866650191e-07 -2.42280996785e-06 -3.55880597192e-05)
(-4.56982575097e-07 -2.36014581947e-06 -3.53049465622e-05)
(-7.43904411953e-07 -2.2605308508e-06 -3.4753561942e-05)
(-1.01171504669e-06 -2.13279251527e-06 -3.39806895059e-05)
(-1.25708438887e-06 -1.9816464119e-06 -3.30228616105e-05)
(-1.47607376256e-06 -1.81034441526e-06 -3.19196433361e-05)
(-1.66510667706e-06 -1.62469374038e-06 -3.07213015574e-05)
(-1.8215594928e-06 -1.43116199348e-06 -2.94973856416e-05)
(-1.94581033884e-06 -1.23475421138e-06 -2.83227417023e-05)
(-2.04113584612e-06 -1.03803439698e-06 -2.72570428479e-05)
(-2.11161323867e-06 -8.42251159106e-07 -2.63401520229e-05)
(-2.16055401957e-06 -6.48319268618e-07 -2.55992115742e-05)
(-2.1912728549e-06 -4.57722519899e-07 -2.5047958066e-05)
(-2.20827930304e-06 -2.71728443271e-07 -2.46891786565e-05)
(-2.21891101757e-06 -8.97657234085e-08 -2.45106831372e-05)
(-1.66839255825e-07 -2.41995829683e-06 -3.46020677961e-05)
(-4.76427976618e-07 -2.35458239775e-06 -3.42987339012e-05)
(-7.71360746916e-07 -2.24715071898e-06 -3.37370514728e-05)
(-1.04474528864e-06 -2.10960777831e-06 -3.29587312838e-05)
(-1.29267142558e-06 -1.94751400548e-06 -3.19983120899e-05)
(-1.51106787886e-06 -1.76544568691e-06 -3.08960510432e-05)
(-1.69632875157e-06 -1.57033634664e-06 -2.97056923335e-05)
(-1.84636244837e-06 -1.36979723836e-06 -2.84982876966e-05)
(-1.96251734522e-06 -1.1696875371e-06 -2.73467413438e-05)
(-2.04903958795e-06 -9.73055236542e-07 -2.63064822408e-05)
(-2.11076454145e-06 -7.8152106495e-07 -2.541317717e-05)
(-2.15189557924e-06 -5.96088386682e-07 -2.4690715293e-05)
(-2.17661163265e-06 -4.17917835219e-07 -2.41504382906e-05)
(-2.18948843509e-06 -2.4702154623e-07 -2.37945761004e-05)
(-2.19892532095e-06 -8.15608580058e-08 -2.36157173497e-05)
(-1.77090110774e-07 -2.50018985775e-06 -3.31089225834e-05)
(-5.02379296547e-07 -2.43137892102e-06 -3.28025413001e-05)
(-8.11737896006e-07 -2.31533177533e-06 -3.22397744365e-05)
(-1.09531945467e-06 -2.16525674715e-06 -3.14679636854e-05)
(-1.34974284824e-06 -1.98823302447e-06 -3.05200616436e-05)
(-1.57046864484e-06 -1.79053514268e-06 -2.9436632446e-05)
(-1.75441733243e-06 -1.58072304461e-06 -2.82732301183e-05)
(-1.90052836902e-06 -1.36785053646e-06 -2.70999652803e-05)
(-2.0114422421e-06 -1.15874390164e-06 -2.59857078623e-05)
(-2.09254880436e-06 -9.5683718381e-07 -2.49807663922e-05)
(-2.14952166609e-06 -7.63726829858e-07 -2.41166650001e-05)
(-2.18725424104e-06 -5.7989910097e-07 -2.34146795914e-05)
(-2.2104265752e-06 -4.05426581796e-07 -2.28850763961e-05)
(-2.22293735849e-06 -2.3911245787e-07 -2.25307871698e-05)
(-2.23157271971e-06 -7.89990800402e-08 -2.23482743545e-05)
(-1.89860180291e-07 -2.6439061199e-06 -3.09835782783e-05)
(-5.33486139111e-07 -2.57435867662e-06 -3.06676190058e-05)
(-8.60448794711e-07 -2.44909563979e-06 -3.01130959731e-05)
(-1.15698212204e-06 -2.28480994235e-06 -2.93621029633e-05)
(-1.42014109814e-06 -2.0902136481e-06 -2.84467236237e-05)
(-1.64515147649e-06 -1.87357290319e-06 -2.7406462539e-05)
(-1.82969693032e-06 -1.64523318222e-06 -2.62958710261e-05)
(-1.97392018587e-06 -1.41563952209e-06 -2.51811433229e-05)
(-2.08175771566e-06 -1.19257511888e-06 -2.41248490096e-05)
(-2.15960060045e-06 -9.79862912826e-07 -2.31714725012e-05)
(-2.21373835147e-06 -7.78981449184e-07 -2.23488743819e-05)
(-2.24940461036e-06 -5.89864112467e-07 -2.16766411681e-05)
(-2.27153752486e-06 -4.11763485124e-07 -2.11654726941e-05)
(-2.2837858846e-06 -2.42463698337e-07 -2.08199433111e-05)
(-2.29114176826e-06 -8.01043250419e-08 -2.06376955025e-05)
(-2.03505348329e-07 -2.81300958346e-06 -2.80122044715e-05)
(-5.66765867836e-07 -2.7415731231e-06 -2.77168853531e-05)
(-9.1227135329e-07 -2.60572356972e-06 -2.71819989427e-05)
(-1.22154314085e-06 -2.42656172155e-06 -2.6475504629e-05)
(-1.49258537891e-06 -2.21354547551e-06 -2.56212458256e-05)
(-1.72073110999e-06 -1.97729967842e-06 -2.46573160926e-05)
(-1.90478781758e-06 -1.72959511765e-06 -2.36342426812e-05)
(-2.04624639262e-06 -1.4820110813e-06 -2.26111774168e-05)
(-2.15026431706e-06 -1.24312043137e-06 -2.16420928956e-05)
(-2.22402044831e-06 -1.01716599201e-06 -2.07650919373e-05)
(-2.27419634298e-06 -8.05620834078e-07 -2.00053117069e-05)
(-2.30626336541e-06 -6.08060176071e-07 -1.93810870993e-05)
(-2.32554764279e-06 -4.2338643439e-07 -1.89033681291e-05)
(-2.33594477783e-06 -2.48891868885e-07 -1.85777754313e-05)
(-2.34114040249e-06 -8.22025130363e-08 -1.84013680018e-05)
(-2.14989048031e-07 -2.93615358135e-06 -2.40096905699e-05)
(-5.90622321262e-07 -2.86249472993e-06 -2.37197170036e-05)
(-9.49900482942e-07 -2.71836620076e-06 -2.32457394296e-05)
(-1.26645329878e-06 -2.52639924035e-06 -2.2618809225e-05)
(-1.53932921164e-06 -2.29844837435e-06 -2.18687560392e-05)
(-1.76489603867e-06 -2.04652745779e-06 -2.10267262691e-05)
(-1.94307649298e-06 -1.78372871518e-06 -2.01369628259e-05)
(-2.07684531447e-06 -1.52226984006e-06 -1.92490854562e-05)
(-2.17248762219e-06 -1.2712338692e-06 -1.8406708238e-05)
(-2.23779572684e-06 -1.03531831529e-06 -1.76412374099e-05)
(-2.27974467977e-06 -8.16223694223e-07 -1.69760161031e-05)
(-2.30417002477e-06 -6.13342329563e-07 -1.6427829304e-05)
(-2.31728823849e-06 -4.25382558882e-07 -1.60058497501e-05)
(-2.32304183967e-06 -2.49325873576e-07 -1.57151140732e-05)
(-2.32470080359e-06 -8.22151567004e-08 -1.55509602043e-05)
(-2.17518841263e-07 -2.91115820249e-06 -1.87756439645e-05)
(-5.89517428765e-07 -2.8308562519e-06 -1.85425901555e-05)
(-9.43011117497e-07 -2.68281008164e-06 -1.8142139568e-05)
(-1.2494440204e-06 -2.48601049668e-06 -1.76387439462e-05)
(-1.50883162688e-06 -2.25299807575e-06 -1.70392335152e-05)
(-1.71789549593e-06 -1.99754273974e-06 -1.63713606276e-05)
(-1.87827854059e-06 -1.73286071481e-06 -1.56687680351e-05)
(-1.99419956167e-06 -1.47118164762e-06 -1.49687058693e-05)
(-2.07281039895e-06 -1.22148149795e-06 -1.4302736454e-05)
(-2.12226918918e-06 -9.88666383537e-07 -1.3694725014e-05)
(-2.14982323212e-06 -7.74700500626e-07 -1.31652329151e-05)
(-2.16185001933e-06 -5.78774658562e-07 -1.27276860451e-05)
(-2.16526245352e-06 -3.99413062201e-07 -1.2387902435e-05)
(-2.16374300121e-06 -2.3317824969e-07 -1.21498633526e-05)
(-2.16049947893e-06 -7.66023933097e-08 -1.20108419469e-05)
(-1.89441281486e-07 -2.47577069935e-06 -1.2229537719e-05)
(-5.01033428902e-07 -2.39941991924e-06 -1.20509041897e-05)
(-7.98475139322e-07 -2.26486188606e-06 -1.17885188113e-05)
(-1.0530453455e-06 -2.08848062725e-06 -1.1452257198e-05)
(-1.26305862184e-06 -1.88180582298e-06 -1.10591448851e-05)
(-1.42760082609e-06 -1.6574627764e-06 -1.06220247342e-05)
(-1.54841953816e-06 -1.42761741962e-06 -1.01633358747e-05)
(-1.63043511428e-06 -1.20271813545e-06 -9.7063934218e-06)
(-1.6806466214e-06 -9.90355156542e-07 -9.2702851917e-06)
(-1.70665480399e-06 -7.9476237346e-07 -8.87032236813e-06)
(-1.71538879038e-06 -6.17575377437e-07 -8.52111188415e-06)
(-1.71290105347e-06 -4.57876867983e-07 -8.23039872346e-06)
(-1.70609502496e-06 -3.13949056279e-07 -8.00202141767e-06)
(-1.69646170556e-06 -1.82118678834e-07 -7.84212196639e-06)
(-1.68764988816e-06 -5.93300343668e-08 -7.74291998343e-06)
(-9.92760021316e-08 -1.26976648506e-06 -4.46819240384e-06)
(-2.62474028341e-07 -1.22055077139e-06 -4.3989857972e-06)
(-4.13618235032e-07 -1.14282392326e-06 -4.29653238578e-06)
(-5.38544397106e-07 -1.04295204702e-06 -4.17339290053e-06)
(-6.36881572875e-07 -9.28273517668e-07 -4.02849712029e-06)
(-7.08277777472e-07 -8.0629742322e-07 -3.8679126893e-06)
(-7.55101524351e-07 -6.83869797689e-07 -3.6993294516e-06)
(-7.8101746813e-07 -5.66716846356e-07 -3.53111013787e-06)
(-7.90716185905e-07 -4.58711609306e-07 -3.36989183866e-06)
(-7.88992957701e-07 -3.61871967159e-07 -3.22136338661e-06)
(-7.80235468857e-07 -2.76652157693e-07 -3.0912863266e-06)
(-7.68042169572e-07 -2.02272848747e-07 -2.98191704605e-06)
(-7.55972922792e-07 -1.36957445244e-07 -2.89685937939e-06)
(-7.44085779788e-07 -7.89309975781e-08 -2.83677475036e-06)
(-7.36713913853e-07 -2.49172098172e-08 -2.79659223118e-06)
(-2.07529231664e-07 -3.02588431602e-06 -3.64747760564e-05)
(-5.89785152613e-07 -2.93988826047e-06 -3.61782309888e-05)
(-9.65024514834e-07 -2.81802649866e-06 -3.56349581386e-05)
(-1.31947568587e-06 -2.6561687958e-06 -3.48673071012e-05)
(-1.64588886088e-06 -2.46286649342e-06 -3.39132007118e-05)
(-1.93871335963e-06 -2.24338075301e-06 -3.28116842072e-05)
(-2.19220931269e-06 -2.00565925258e-06 -3.16114543451e-05)
(-2.40152023802e-06 -1.75938823999e-06 -3.03792116924e-05)
(-2.5666280848e-06 -1.5128996923e-06 -2.91887674052e-05)
(-2.69251919008e-06 -1.27082252699e-06 -2.8101810736e-05)
(-2.78583201093e-06 -1.03445952363e-06 -2.71616690659e-05)
(-2.85239190169e-06 -8.0260969728e-07 -2.63989856789e-05)
(-2.89670089768e-06 -5.72824780373e-07 -2.58310119444e-05)
(-2.92304430798e-06 -3.44110102383e-07 -2.54615205406e-05)
(-2.93543681591e-06 -1.15585384873e-07 -2.52793243084e-05)
(-2.1694869092e-07 -2.97353155879e-06 -3.58223140433e-05)
(-6.16903536354e-07 -2.8874114197e-06 -3.55334099039e-05)
(-1.00441481383e-06 -2.7561146238e-06 -3.49802663801e-05)
(-1.36494626161e-06 -2.58415981558e-06 -3.42060550773e-05)
(-1.69332978422e-06 -2.38087550565e-06 -3.32465091393e-05)
(-1.98405760265e-06 -2.15269936624e-06 -3.2141788119e-05)
(-2.23168542473e-06 -1.90877691771e-06 -3.09432197533e-05)
(-2.43214116234e-06 -1.65979613829e-06 -2.9720155308e-05)
(-2.58680074885e-06 -1.41425577847e-06 -2.8546294354e-05)
(-2.70189913304e-06 -1.17651901026e-06 -2.74801466363e-05)
(-2.78481861438e-06 -9.47931179374e-07 -2.65617533933e-05)
(-2.84202505541e-06 -7.27668415465e-07 -2.5819034568e-05)
(-2.87880462157e-06 -5.14468368166e-07 -2.52654038208e-05)
(-2.90081642764e-06 -3.06413237536e-07 -2.49041749347e-05)
(-2.91270066094e-06 -1.01894659982e-07 -2.47219310149e-05)
(-2.31082603587e-07 -3.0678583335e-06 -3.48069311503e-05)
(-6.51952313521e-07 -2.98134895042e-06 -3.45025136069e-05)
(-1.05669091869e-06 -2.83927963301e-06 -3.39393408385e-05)
(-1.43089699194e-06 -2.65330264241e-06 -3.31603751186e-05)
(-1.76897259756e-06 -2.43375315448e-06 -3.21996023718e-05)
(-2.06495842521e-06 -2.18889257324e-06 -3.10978682681e-05)
(-2.31361526923e-06 -1.92943157514e-06 -2.9909593473e-05)
(-2.51208154559e-06 -1.66748859293e-06 -2.87053263902e-05)
(-2.66339807599e-06 -1.41226153471e-06 -2.7556566724e-05)
(-2.77508639798e-06 -1.16813888317e-06 -2.65174628461e-05)
(-2.85524179608e-06 -9.36346228853e-07 -2.56240230091e-05)
(-2.91084484834e-06 -7.15770963731e-07 -2.49006864775e-05)
(-2.94706969337e-06 -5.04867331077e-07 -2.43586739443e-05)
(-2.9694732771e-06 -3.00641915485e-07 -2.40016897229e-05)
(-2.98325917416e-06 -1.00760368836e-07 -2.38198848648e-05)
(-2.48742741602e-07 -3.29068309781e-06 -3.32942493498e-05)
(-6.96985229218e-07 -3.19906925435e-06 -3.29878497707e-05)
(-1.12856073564e-06 -3.04372665529e-06 -3.24230854035e-05)
(-1.52385358009e-06 -2.83924477751e-06 -3.16501217982e-05)
(-1.8779642999e-06 -2.59709269044e-06 -3.07017063942e-05)
(-2.18430882278e-06 -2.32783362269e-06 -2.96190960734e-05)
(-2.43854855232e-06 -2.04433706919e-06 -2.84583172162e-05)
(-2.63954078571e-06 -1.7603930045e-06 -2.72889225087e-05)
(-2.79213338136e-06 -1.48604062757e-06 -2.61783550693e-05)
(-2.90508504109e-06 -1.22578645679e-06 -2.51756328974e-05)
(-2.98707918972e-06 -9.80595416677e-07 -2.43126675034e-05)
(-3.04532341575e-06 -7.48788576136e-07 -2.3610960566e-05)
(-3.08474733035e-06 -5.28060815478e-07 -2.30806330234e-05)
(-3.10975313594e-06 -3.14829972935e-07 -2.27262890274e-05)
(-3.12543685211e-06 -1.06363301562e-07 -2.25438330041e-05)
(-2.71357053028e-07 -3.60380287124e-06 -3.11591517372e-05)
(-7.52709737832e-07 -3.50929105279e-06 -3.08434423205e-05)
(-1.21751548131e-06 -3.33971569319e-06 -3.02870307872e-05)
(-1.63935519822e-06 -3.11330451199e-06 -2.9535106908e-05)
(-2.01369550643e-06 -2.84387461329e-06 -2.86195642795e-05)
(-2.33383436492e-06 -2.54452405267e-06 -2.7580623903e-05)
(-2.59669489105e-06 -2.2304551043e-06 -2.64731767444e-05)
(-2.80299361142e-06 -1.917052986e-06 -2.53629019565e-05)
(-2.95923714883e-06 -1.61530557405e-06 -2.43110759914e-05)
(-3.07511872047e-06 -1.33009790558e-06 -2.33609874912e-05)
(-3.15963664332e-06 -1.06236731269e-06 -2.2540918984e-05)
(-3.22002227584e-06 -8.10167470905e-07 -2.18706429006e-05)
(-3.2612723085e-06 -5.70828540021e-07 -2.13602739267e-05)
(-3.28707959834e-06 -3.40158470863e-07 -2.10154427365e-05)
(-3.30307344616e-06 -1.15455596161e-07 -2.08344565155e-05)
(-2.96831921302e-07 -3.96113316297e-06 -2.81944988629e-05)
(-8.15354915155e-07 -3.86133514966e-06 -2.78973315829e-05)
(-1.31691019061e-06 -3.67447941991e-06 -2.73615432126e-05)
(-1.76646494656e-06 -3.42370762516e-06 -2.66543873055e-05)
(-2.16115710789e-06 -3.12397350513e-06 -2.58003065983e-05)
(-2.49439739142e-06 -2.79163059296e-06 -2.48380661892e-05)
(-2.76484937835e-06 -2.44379295096e-06 -2.38184801501e-05)
(-2.9751538201e-06 -2.09717204595e-06 -2.28002747804e-05)
(-3.13328485294e-06 -1.76370584637e-06 -2.18363472711e-05)
(-3.24961241597e-06 -1.44897073587e-06 -2.09637962514e-05)
(-3.33338823941e-06 -1.15425113502e-06 -2.02080937974e-05)
(-3.39213707329e-06 -8.77711896415e-07 -1.95877071502e-05)
(-3.43148336948e-06 -6.16765145409e-07 -1.91125274295e-05)
(-3.45526259584e-06 -3.66707580539e-07 -1.87885665094e-05)
(-3.46992050011e-06 -1.24724339714e-07 -1.86130134565e-05)
(-3.21186807109e-07 -4.26579473833e-06 -2.42191704564e-05)
(-8.6982213401e-07 -4.16096810912e-06 -2.3930531279e-05)
(-1.40326735939e-06 -3.95791700629e-06 -2.34541873969e-05)
(-1.87485824554e-06 -3.68379370435e-06 -2.28271258046e-05)
(-2.28289079971e-06 -3.35647206956e-06 -2.20774937967e-05)
(-2.6223258483e-06 -2.99446461808e-06 -2.12374582826e-05)
(-2.89350117387e-06 -2.61664973098e-06 -2.03514148633e-05)
(-3.10104881476e-06 -2.24055934342e-06 -1.94686424559e-05)
(-3.25424948013e-06 -1.87890928879e-06 -1.86319413208e-05)
(-3.36404105365e-06 -1.5381924234e-06 -1.78720523552e-05)
(-3.4401434269e-06 -1.22037519691e-06 -1.72123995121e-05)
(-3.49087365939e-06 -9.23919195271e-07 -1.66692865836e-05)
(-3.5230162214e-06 -6.46432171301e-07 -1.62507501078e-05)
(-3.54070060455e-06 -3.82707056696e-07 -1.59625562234e-05)
(-3.55185271603e-06 -1.30136133699e-07 -1.57996361188e-05)
(-3.35558918204e-07 -4.3811825442e-06 -1.90519784915e-05)
(-8.94267884782e-07 -4.2662369156e-06 -1.88187902662e-05)
(-1.43593817422e-06 -4.0519773809e-06 -1.84186564205e-05)
(-1.90795410557e-06 -3.76359143753e-06 -1.79153383044e-05)
(-2.31003796659e-06 -3.42012460157e-06 -1.73168233254e-05)
(-2.63783715024e-06 -3.04265324877e-06 -1.6651085342e-05)
(-2.8939615371e-06 -2.65052162884e-06 -1.59520382276e-05)
(-3.08476570856e-06 -2.26139549117e-06 -1.52567011354e-05)
(-3.22056292488e-06 -1.88818110035e-06 -1.45961514851e-05)
(-3.31278964827e-06 -1.53806660043e-06 -1.39940397378e-05)
(-3.37190861005e-06 -1.21368545866e-06 -1.34706932678e-05)
(-3.40724065361e-06 -9.13707293954e-07 -1.30382724465e-05)
(-3.42636754615e-06 -6.35810600574e-07 -1.27022685879e-05)
(-3.43382951017e-06 -3.74468772248e-07 -1.2467807856e-05)
(-3.43930031171e-06 -1.27259465796e-07 -1.2330832799e-05)
(-3.08891186891e-07 -3.93014473535e-06 -1.26200317324e-05)
(-8.01550284162e-07 -3.81737277035e-06 -1.24436546496e-05)
(-1.28211678333e-06 -3.61406761304e-06 -1.21791931585e-05)
(-1.69602687854e-06 -3.34457105053e-06 -1.18428878532e-05)
(-2.04136455458e-06 -3.02651876072e-06 -1.14498079459e-05)
(-2.31671686662e-06 -2.67973245624e-06 -1.10137304342e-05)
(-2.5251425654e-06 -2.32241749139e-06 -1.05571799256e-05)
(-2.67389966446e-06 -1.97022057636e-06 -1.01033082758e-05)
(-2.77316545203e-06 -1.63463101048e-06 -9.67097639819e-06)
(-2.83392810045e-06 -1.32236820878e-06 -9.27558972928e-06)
(-2.86665581797e-06 -1.03600082334e-06 -8.93130043852e-06)
(-2.88037093572e-06 -7.74432901296e-07 -8.64451530322e-06)
(-2.88293498845e-06 -5.35304333867e-07 -8.41991132955e-06)
(-2.877928667e-06 -3.13513314732e-07 -8.26327823473e-06)
(-2.87584343936e-06 -1.0680026167e-07 -8.16567853287e-06)
(-2.03213979969e-07 -2.49253319191e-06 -5.04739254913e-06)
(-5.15638286702e-07 -2.40692758407e-06 -4.97478156057e-06)
(-8.17611655371e-07 -2.2667651703e-06 -4.86845763985e-06)
(-1.07223733308e-06 -2.08418047465e-06 -4.74037098784e-06)
(-1.27825847494e-06 -1.87202037518e-06 -4.58980198057e-06)
(-1.43523435908e-06 -1.64383058547e-06 -4.42332239182e-06)
(-1.54688289286e-06 -1.41164947755e-06 -4.24902173042e-06)
(-1.61913805278e-06 -1.18562852019e-06 -4.07545784957e-06)
(-1.65964030255e-06 -9.73039897689e-07 -3.90950786271e-06)
(-1.67646918537e-06 -7.78186808641e-07 -3.75721519712e-06)
(-1.67745346894e-06 -6.02573830732e-07 -3.62412181145e-06)
(-1.66897649303e-06 -4.45465772296e-07 -3.51205647274e-06)
(-1.65674855739e-06 -3.04888291374e-07 -3.4258705279e-06)
(-1.64266588055e-06 -1.7740385655e-07 -3.36426751406e-06)
(-1.636134379e-06 -6.08407411366e-08 -3.32489019514e-06)
)


// ************************************************************************* //
