/*--------------------------------*- C++ -*----------------------------------*\
| =========                 |                                                 |
| \\      /  F ield         | foam-extend: Open Source CFD                    |
|  \\    /   O peration     | Version:     4.1                                |
|   \\  /    A nd           | Web:         http://www.foam-extend.org         |
|    \\/     M anipulation  |                                                 |
\*---------------------------------------------------------------------------*/
FoamFile
{
    version     2.0;
    format      ascii;
    class       vectorField;
    location    "1";
    object      solidsCellD_iteration19;
}
// * * * * * * * * * * * * * * * * * * * * * * * * * * * * * * * * * * * * * //


1050
(
(3.49667839998e-07 3.13395909489e-06 -5.74528500829e-05)
(9.58788880613e-07 3.06125185032e-06 -5.69702287681e-05)
(1.57667013968e-06 2.93520753035e-06 -5.59801106372e-05)
(2.14227747761e-06 2.7565167069e-06 -5.45832811449e-05)
(2.66207185778e-06 2.5352846462e-06 -5.28616596515e-05)
(3.12563981698e-06 2.28207894473e-06 -5.09052993223e-05)
(3.52391097404e-06 2.0091559125e-06 -4.88091439194e-05)
(3.85006638403e-06 1.73131607007e-06 -4.66784440437e-05)
(4.10646879716e-06 1.4618438229e-06 -4.46227630141e-05)
(4.30348187079e-06 1.20820272333e-06 -4.27394177893e-05)
(4.453881253e-06 9.71985290611e-07 -4.11029153872e-05)
(4.5686719505e-06 7.49588435904e-07 -3.97649850734e-05)
(4.65429168996e-06 5.35818600393e-07 -3.87562230318e-05)
(4.71383523195e-06 3.22495862799e-07 -3.80902341621e-05)
(4.74276252054e-06 1.08417700594e-07 -3.77576656823e-05)
(3.70683347587e-07 3.38522592415e-06 -5.5773951522e-05)
(1.0090602791e-06 3.29932365937e-06 -5.52714830793e-05)
(1.65397941007e-06 3.15407868891e-06 -5.42633777362e-05)
(2.23988237677e-06 2.94968666706e-06 -5.28574366284e-05)
(2.7738097296e-06 2.69996460362e-06 -5.11364750501e-05)
(3.24486898895e-06 2.41973694077e-06 -4.91914340573e-05)
(3.64473734105e-06 2.12415813984e-06 -4.7117470269e-05)
(3.96895383124e-06 1.82952104101e-06 -4.50213826242e-05)
(4.22326956791e-06 1.54826880169e-06 -4.30118227481e-05)
(4.42064118326e-06 1.28572847742e-06 -4.11805613643e-05)
(4.57495124385e-06 1.04105185074e-06 -3.9594808631e-05)
(4.69690066306e-06 8.08386296608e-07 -3.82998805177e-05)
(4.79103964544e-06 5.81245765036e-07 -3.73215041682e-05)
(4.85881673115e-06 3.50962245505e-07 -3.66711484303e-05)
(4.89276200508e-06 1.19606392804e-07 -3.63374377613e-05)
(4.04644788559e-07 3.82573162351e-06 -5.34680101785e-05)
(1.08446383231e-06 3.73593908937e-06 -5.29540736758e-05)
(1.7700144334e-06 3.56614642433e-06 -5.19317576883e-05)
(2.38826989257e-06 3.32819376614e-06 -5.05261794429e-05)
(2.94629609033e-06 3.03996485787e-06 -4.88180558124e-05)
(3.4328047625e-06 2.72058810564e-06 -4.68965464282e-05)
(3.84058130924e-06 2.38847760226e-06 -4.48586172291e-05)
(4.16848047034e-06 2.06136023459e-06 -4.28124282399e-05)
(4.42591694153e-06 1.7507457967e-06 -4.08630483457e-05)
(4.6278640025e-06 1.45992954911e-06 -3.90944910809e-05)
(4.7883208083e-06 1.18619231809e-06 -3.75660658711e-05)
(4.91704818805e-06 9.22546410881e-07 -3.63170061595e-05)
(5.01700725494e-06 6.62940951385e-07 -3.53694582581e-05)
(5.0901239757e-06 3.99011414313e-07 -3.47363521197e-05)
(5.12573324759e-06 1.36849385007e-07 -3.44039952366e-05)
(4.43312039696e-07 4.49861714798e-06 -5.03839011089e-05)
(1.17191859878e-06 4.39325044567e-06 -4.98537891349e-05)
(1.91216760524e-06 4.18904924252e-06 -4.883669006e-05)
(2.57228792283e-06 3.90425422398e-06 -4.74594163571e-05)
(3.16302410037e-06 3.56097812241e-06 -4.57962616621e-05)
(3.67194380857e-06 3.18363389498e-06 -4.39325443897e-05)
(4.09380014822e-06 2.79467983681e-06 -4.19648672654e-05)
(4.43110675108e-06 2.41378158805e-06 -3.99997064155e-05)
(4.69651400147e-06 2.05203300398e-06 -3.81359557883e-05)
(4.90626521569e-06 1.711536186e-06 -3.6448942853e-05)
(5.07405478405e-06 1.38884597166e-06 -3.4990559097e-05)
(5.20888007174e-06 1.07692231104e-06 -3.37951119936e-05)
(5.31266850254e-06 7.70587713911e-07 -3.28814160148e-05)
(5.38827000683e-06 4.6140334436e-07 -3.22619512152e-05)
(5.42615434177e-06 1.58577620836e-07 -3.19255710456e-05)
(4.9424943797e-07 5.30714953951e-06 -4.63084022236e-05)
(1.28218168899e-06 5.18568060769e-06 -4.57834310955e-05)
(2.08678590259e-06 4.9419128376e-06 -4.47956569985e-05)
(2.79719594204e-06 4.60239877598e-06 -4.34777527467e-05)
(3.42627890276e-06 4.19409990318e-06 -4.18961683361e-05)
(3.96097598814e-06 3.74658629321e-06 -4.01302300708e-05)
(4.39846503513e-06 3.2866532984e-06 -3.82736829905e-05)
(4.74503144268e-06 2.83613636969e-06 -3.64281213296e-05)
(5.01604669406e-06 2.40660295851e-06 -3.46837596785e-05)
(5.22852998055e-06 2.00034840979e-06 -3.3106461401e-05)
(5.39603004385e-06 1.61471265906e-06 -3.17411510116e-05)
(5.52779871472e-06 1.24389158677e-06 -3.06186285476e-05)
(5.6263847159e-06 8.83837011276e-07 -2.97560551403e-05)
(5.69644033599e-06 5.25816520085e-07 -2.91635957734e-05)
(5.73128479527e-06 1.80872799085e-07 -2.88301484238e-05)
(5.5026126146e-07 6.16527125147e-06 -4.09739473182e-05)
(1.39929311704e-06 6.02356207128e-06 -4.04640003561e-05)
(2.27131622671e-06 5.73347771898e-06 -3.95391584725e-05)
(3.0320203798e-06 5.33266345433e-06 -3.83258080114e-05)
(3.69732725813e-06 4.85145592086e-06 -3.68791122674e-05)
(4.25352578093e-06 4.32558641162e-06 -3.52708646993e-05)
(4.70098413177e-06 3.78580087526e-06 -3.35875322383e-05)
(5.04967450936e-06 3.25655830457e-06 -3.19210340854e-05)
(5.31730437542e-06 2.75089633066e-06 -3.03496628544e-05)
(5.5216637158e-06 2.27257129218e-06 -2.89289490353e-05)
(5.67694044751e-06 1.82061320549e-06 -2.76967894638e-05)
(5.79396186487e-06 1.39083806661e-06 -2.66803357077e-05)
(5.87739503155e-06 9.80235197079e-07 -2.58960820655e-05)
(5.9341007855e-06 5.78943173114e-07 -2.53524690492e-05)
(5.96130640774e-06 1.99133491356e-07 -2.50354455703e-05)
(6.03150036048e-07 6.86716950057e-06 -3.41501450691e-05)
(1.49517066173e-06 6.70317520108e-06 -3.36839849871e-05)
(2.41471203047e-06 6.37080862517e-06 -3.28667124152e-05)
(3.20919608614e-06 5.91382862349e-06 -3.18196667496e-05)
(3.89321824162e-06 5.36773249323e-06 -3.05807110208e-05)
(4.4542897168e-06 4.77211330179e-06 -2.92085724313e-05)
(4.89574215074e-06 4.16154718234e-06 -2.77778807462e-05)
(5.2309771043e-06 3.5628083206e-06 -2.63654812898e-05)
(5.479529253e-06 2.99111605621e-06 -2.503472756e-05)
(5.66013626337e-06 2.45256983194e-06 -2.383063024e-05)
(5.78843010864e-06 1.94816518148e-06 -2.27844355137e-05)
(5.87767823866e-06 1.47493446804e-06 -2.19180673954e-05)
(5.93530663913e-06 1.03055429347e-06 -2.12453078641e-05)
(5.97054319608e-06 6.03882298464e-07 -2.077310843e-05)
(5.98483366304e-06 2.07661414437e-07 -2.04852273252e-05)
(6.25104495659e-07 7.1201272733e-06 -2.57156266794e-05)
(1.51092865365e-06 6.93447576301e-06 -2.53281998597e-05)
(2.42810975689e-06 6.57080235244e-06 -2.46801989194e-05)
(3.20914245513e-06 6.08074161604e-06 -2.38648832838e-05)
(3.86973986781e-06 5.49899422235e-06 -2.29091116526e-05)
(4.3986009295e-06 4.86820193065e-06 -2.18557385245e-05)
(4.80274503672e-06 4.22397841663e-06 -2.07622907876e-05)
(5.0980956289e-06 3.59410625676e-06 -1.96860314107e-05)
(5.30524073393e-06 2.9952666169e-06 -1.86723450156e-05)
(5.4437192528e-06 2.43564643097e-06 -1.77546650223e-05)
(5.53083204248e-06 1.91771575729e-06 -1.69574604163e-05)
(5.58197969399e-06 1.43885120808e-06 -1.62962112632e-05)
(5.60668352841e-06 9.96716806477e-07 -1.57796290743e-05)
(5.61522112303e-06 5.79485243006e-07 -1.54124052654e-05)
(5.61337830557e-06 1.99434613405e-07 -1.5178033425e-05)
(5.61623886801e-07 6.23207613781e-06 -1.58494525932e-05)
(1.3115472313e-06 6.05430816829e-06 -1.55835787063e-05)
(2.09146596565e-06 5.71463956235e-06 -1.51606503518e-05)
(2.74998092947e-06 5.26669290595e-06 -1.46498984063e-05)
(3.29416752934e-06 4.7402913496e-06 -1.40548851939e-05)
(3.7179947233e-06 4.17363071707e-06 -1.34018911492e-05)
(4.02982582089e-06 3.59865049176e-06 -1.27269404745e-05)
(4.24559812707e-06 3.03987977072e-06 -1.20642113993e-05)
(4.38427512958e-06 2.51261876411e-06 -1.14399232189e-05)
(4.46408564353e-06 2.02507412448e-06 -1.08747007706e-05)
(4.5018026211e-06 1.57996528918e-06 -1.03847466482e-05)
(4.51239002256e-06 1.17459247435e-06 -9.97881761004e-06)
(4.50514046093e-06 8.06811061923e-07 -9.66048461499e-06)
(4.48975787739e-06 4.65576213563e-07 -9.43326856182e-06)
(4.47416103582e-06 1.60944683261e-07 -9.28145478664e-06)
(3.25987493918e-07 3.5734892062e-06 -5.65084129854e-06)
(7.48417734788e-07 3.44550431069e-06 -5.54020407435e-06)
(1.18162601434e-06 3.23056702796e-06 -5.38914257376e-06)
(1.54120802318e-06 2.95379350375e-06 -5.20624806752e-06)
(1.82737223178e-06 2.63462479869e-06 -4.99518068827e-06)
(2.03871823593e-06 2.29580624372e-06 -4.76498399359e-06)
(2.18252764867e-06 1.95685689399e-06 -4.52916394973e-06)
(2.27010520319e-06 1.63240330973e-06 -4.29951106718e-06)
(2.31394465112e-06 1.33142642985e-06 -4.08428774322e-06)
(2.32615401825e-06 1.05863480815e-06 -3.89043669521e-06)
(2.31791301813e-06 8.15166044718e-07 -3.72381548679e-06)
(2.29874339535e-06 5.98723381712e-07 -3.5867816244e-06)
(2.2747076019e-06 4.06956114789e-07 -3.47991323907e-06)
(2.25047432113e-06 2.33688826326e-07 -3.4051650395e-06)
(2.23473800774e-06 8.19886795613e-08 -3.35340817829e-06)
(2.19627997151e-07 1.826409221e-06 -5.76863028876e-05)
(6.18864730855e-07 1.79240824362e-06 -5.72126150844e-05)
(1.01788021701e-06 1.72350356303e-06 -5.62236061993e-05)
(1.3841856068e-06 1.62444801857e-06 -5.48286338197e-05)
(1.722076071e-06 1.49995691906e-06 -5.31100460989e-05)
(2.02438019323e-06 1.35706456655e-06 -5.11564095207e-05)
(2.28547531304e-06 1.20289814319e-06 -4.90616612694e-05)
(2.50182879578e-06 1.04575747342e-06 -4.69309448059e-05)
(2.67584120336e-06 8.92704701743e-07 -4.48747350168e-05)
(2.81439023527e-06 7.47202957244e-07 -4.29907373412e-05)
(2.92527364849e-06 6.09319829305e-07 -4.13534616458e-05)
(3.01477551886e-06 4.7601812674e-07 -4.00146615233e-05)
(3.08502885842e-06 3.43847068591e-07 -3.90050534009e-05)
(3.13752016659e-06 2.08005130446e-07 -3.83405078633e-05)
(3.17096850903e-06 7.06974592672e-08 -3.80075863146e-05)
(2.32491516639e-07 1.96455558179e-06 -5.59890436247e-05)
(6.4940053442e-07 1.92164311376e-06 -5.54836032266e-05)
(1.06413009686e-06 1.84330135041e-06 -5.44743203398e-05)
(1.44264214706e-06 1.73005532979e-06 -5.3066867574e-05)
(1.78882567804e-06 1.59018532766e-06 -5.13441563721e-05)
(2.09526599194e-06 1.43302800307e-06 -4.93959302928e-05)
(2.35689591643e-06 1.26724298103e-06 -4.73171767106e-05)
(2.57172135142e-06 1.1017853819e-06 -4.52155190053e-05)
(2.74400640389e-06 9.4301005822e-07 -4.32007804076e-05)
(2.88184236334e-06 7.93031338812e-07 -4.13651254662e-05)
(2.99343905158e-06 6.50452708354e-07 -3.97759760781e-05)
(3.08481503436e-06 5.11042873843e-07 -3.84785812765e-05)
(3.15686460723e-06 3.70625484773e-07 -3.7498360411e-05)
(3.21110245979e-06 2.25205439738e-07 -3.68488752254e-05)
(3.24388611155e-06 7.69089155838e-08 -3.65154835328e-05)
(2.51352741639e-07 2.23920959223e-06 -5.37163279868e-05)
(6.93190354681e-07 2.19365512083e-06 -5.31999991102e-05)
(1.13157140425e-06 2.09880119971e-06 -5.21770079401e-05)
(1.52810541941e-06 1.96290757779e-06 -5.07688514439e-05)
(1.88695062043e-06 1.79725048586e-06 -4.90567467483e-05)
(2.20052932942e-06 1.61399223194e-06 -4.71287368956e-05)
(2.46483880926e-06 1.42408975358e-06 -4.50820424506e-05)
(2.67999373597e-06 1.23747759307e-06 -4.30262420645e-05)
(2.8522881653e-06 1.05990829529e-06 -4.10678820084e-05)
(2.99076064746e-06 8.92249629231e-07 -3.92915420698e-05)
(3.10357178993e-06 7.31984734787e-07 -3.77569852095e-05)
(3.19622011544e-06 5.74268548408e-07 -3.6503375529e-05)
(3.26859344859e-06 4.15122619209e-07 -3.55523009951e-05)
(3.32323632999e-06 2.51108418906e-07 -3.49170894994e-05)
(3.35357773469e-06 8.50825558199e-08 -3.45824960436e-05)
(2.74501677804e-07 2.68022093366e-06 -5.06611474382e-05)
(7.46507027338e-07 2.62417965346e-06 -5.01272358837e-05)
(1.21811438618e-06 2.50539814076e-06 -4.91089019779e-05)
(1.63961349508e-06 2.33697413352e-06 -4.77276744194e-05)
(2.01731350239e-06 2.13330820192e-06 -4.60587263464e-05)
(2.34307122991e-06 1.91027736082e-06 -4.41862714169e-05)
(2.61424809383e-06 1.68157696339e-06 -4.22074869617e-05)
(2.83321464893e-06 1.45849119546e-06 -4.02304751477e-05)
(3.00812395593e-06 1.2466239229e-06 -3.83555678872e-05)
(3.14870105308e-06 1.04621145973e-06 -3.6658560651e-05)
(3.26299924908e-06 8.54384527935e-07 -3.51918623098e-05)
(3.35628393928e-06 6.66326475117e-07 -3.39900374956e-05)
(3.42792576846e-06 4.78580462182e-07 -3.30718355107e-05)
(3.4816519318e-06 2.87585132194e-07 -3.24493785323e-05)
(3.51002153731e-06 9.67366718228e-08 -3.21101764225e-05)
(3.05094010823e-07 3.21937813269e-06 -4.65852998191e-05)
(8.15123483797e-07 3.15155090508e-06 -4.60570220834e-05)
(1.32644808357e-06 3.00454292807e-06 -4.50691206485e-05)
(1.77834148871e-06 2.79772322007e-06 -4.374676801e-05)
(2.1785187437e-06 2.54886125959e-06 -4.21591242981e-05)
(2.51855082486e-06 2.27736565453e-06 -4.03839825617e-05)
(2.79745285721e-06 1.99985523753e-06 -3.85157827786e-05)
(3.0198914159e-06 1.72915478075e-06 -3.66576165139e-05)
(3.19558271055e-06 1.47137001386e-06 -3.49008976269e-05)
(3.3347196193e-06 1.22704656425e-06 -3.33118676302e-05)
(3.44545677806e-06 9.93942390454e-07 -3.19360168893e-05)
(3.53356368947e-06 7.68065204823e-07 -3.0804833649e-05)
(3.59901064531e-06 5.46657505728e-07 -2.99363310069e-05)
(3.64727083938e-06 3.25930201941e-07 -2.93402856685e-05)
(3.6708483526e-06 1.08992807308e-07 -2.90039984846e-05)
(3.38325807752e-07 3.78993949567e-06 -4.12276175709e-05)
(8.86878796309e-07 3.70749214613e-06 -4.07154224096e-05)
(1.43926873021e-06 3.52877447736e-06 -3.97925042798e-05)
(1.9211197841e-06 3.27991240292e-06 -3.85752270243e-05)
(2.34224220623e-06 2.98135606392e-06 -3.71228224408e-05)
(2.69371776673e-06 2.65651921775e-06 -3.55051769699e-05)
(2.97660405695e-06 2.32469958604e-06 -3.38096195484e-05)
(3.19773180309e-06 2.00057980687e-06 -3.21293997775e-05)
(3.36818287728e-06 1.69147220945e-06 -3.0543896076e-05)
(3.49873920782e-06 1.39910313828e-06 -2.9109204968e-05)
(3.59826153929e-06 1.12246583522e-06 -2.78639315384e-05)
(3.67383173021e-06 8.58553667738e-07 -2.68358998026e-05)
(3.72683104616e-06 6.0517833703e-07 -2.60427740004e-05)
(3.76454661147e-06 3.57793687162e-07 -2.54928126357e-05)
(3.78046467584e-06 1.19009108625e-07 -2.51709663376e-05)
(3.68063673681e-07 4.24550323898e-06 -3.43391471222e-05)
(9.42916122286e-07 4.14829599204e-06 -3.38688712019e-05)
(1.52200790075e-06 3.94104491589e-06 -3.30505637633e-05)
(2.02171834168e-06 3.65483272514e-06 -3.19994913472e-05)
(2.45119402843e-06 3.31300765077e-06 -3.07543904231e-05)
(2.80223516991e-06 2.94172093316e-06 -2.93726605764e-05)
(3.07778336135e-06 2.56273004994e-06 -2.79297421147e-05)
(3.28668270822e-06 2.19243314726e-06 -2.65034060041e-05)
(3.44115132687e-06 1.8397928419e-06 -2.51578165199e-05)
(3.55278622925e-06 1.50822035648e-06 -2.39388013886e-05)
(3.63170084349e-06 1.19807260505e-06 -2.28786070564e-05)
(3.68674430105e-06 9.07035660358e-07 -2.19996857185e-05)
(3.72090999869e-06 6.33250044618e-07 -2.13169238216e-05)
(3.74318998975e-06 3.71127980873e-07 -2.08370572646e-05)
(3.74859685529e-06 1.22746688993e-07 -2.05434170659e-05)
(3.76109500281e-07 4.38267402228e-06 -2.57656817241e-05)
(9.41401703273e-07 4.27022919818e-06 -2.53701487902e-05)
(1.51204028633e-06 4.04300952175e-06 -2.47226466925e-05)
(1.99641741644e-06 3.73617194794e-06 -2.3903625235e-05)
(2.40451390747e-06 3.37249636388e-06 -2.29424701882e-05)
(2.72916702129e-06 2.97979860871e-06 -2.18808389884e-05)
(2.97547687606e-06 2.58051170283e-06 -2.07769381503e-05)
(3.15383459533e-06 2.19177327158e-06 -1.96885371045e-05)
(3.27718526057e-06 1.82363666852e-06 -1.86615475703e-05)
(3.35786868475e-06 1.48083264304e-06 -1.77303071875e-05)
(3.40721587954e-06 1.16459747182e-06 -1.69203749315e-05)
(3.43536568545e-06 8.72780731802e-07 -1.62475583172e-05)
(3.4464970383e-06 6.0351968919e-07 -1.57216321385e-05)
(3.45014878901e-06 3.5067654978e-07 -1.53470032745e-05)
(3.44364843593e-06 1.15279594728e-07 -1.5107607242e-05)
(3.27493659619e-07 3.77156781556e-06 -1.56697514475e-05)
(8.00499499546e-07 3.66123216716e-06 -1.53978350255e-05)
(1.27529418348e-06 3.45140192636e-06 -1.49770321609e-05)
(1.67393089598e-06 3.17461092279e-06 -1.44653710069e-05)
(2.00135507509e-06 2.85020855905e-06 -1.38687024083e-05)
(2.25365073366e-06 2.50278490488e-06 -1.32120980091e-05)
(2.43678466881e-06 2.15205638711e-06 -1.2531784175e-05)
(2.56091658482e-06 1.81300323803e-06 -1.18619562041e-05)
(2.63797660121e-06 1.49476067972e-06 -1.12290980915e-05)
(2.67949099564e-06 1.20195000529e-06 -1.06545937933e-05)
(2.69619895511e-06 9.3585488499e-07 -1.01554432036e-05)
(2.69760068103e-06 6.94257655315e-07 -9.74055991176e-06)
(2.68780427276e-06 4.75769046657e-07 -9.41472340657e-06)
(2.67576163657e-06 2.7418901892e-07 -9.18136849812e-06)
(2.66033554735e-06 8.92233050474e-08 -9.02581564944e-06)
(1.57502486198e-07 1.87877099097e-06 -5.12146820237e-06)
(3.96358123648e-07 1.80619549933e-06 -5.01459710436e-06)
(6.2422275259e-07 1.68835176032e-06 -4.87035675717e-06)
(8.11475925227e-07 1.53685128627e-06 -4.69529386117e-06)
(9.58255601698e-07 1.36329363787e-06 -4.49294030079e-06)
(1.06388396343e-06 1.18073576694e-06 -4.27140442544e-06)
(1.13275490852e-06 9.99892327686e-07 -4.04343343648e-06)
(1.17145753259e-06 8.28637964872e-07 -3.82020488038e-06)
(1.18720409794e-06 6.71630116473e-07 -3.60980524698e-06)
(1.18694697529e-06 5.31000672289e-07 -3.41937695081e-06)
(1.17690902092e-06 4.068678042e-07 -3.25490702869e-06)
(1.16231059608e-06 2.97452189281e-07 -3.11871371551e-06)
(1.14575622292e-06 2.01252045657e-07 -3.0122561933e-06)
(1.13022716729e-06 1.15128016573e-07 -2.93688955231e-06)
(1.1197345263e-06 3.5751140377e-08 -2.88384405507e-06)
(8.94572207438e-08 2.99351661793e-07 -5.78947855432e-05)
(2.54933130247e-07 2.85677790908e-07 -5.74230796678e-05)
(4.19542373139e-07 2.72973334881e-07 -5.64355379925e-05)
(5.69242481495e-07 2.50892813483e-07 -5.50431451683e-05)
(7.07365259074e-07 2.2057028337e-07 -5.33270870748e-05)
(8.30713255235e-07 1.86362888224e-07 -5.13753221667e-05)
(9.3686290806e-07 1.51322280743e-07 -4.92816538542e-05)
(1.02467203103e-06 1.1886941668e-07 -4.71514830256e-05)
(1.09592653525e-06 9.17632676272e-08 -4.50953739616e-05)
(1.154234552e-06 7.114154421e-08 -4.32106409383e-05)
(1.20327430149e-06 5.65921061458e-08 -4.15717084775e-05)
(1.24590976185e-06 4.58009108252e-08 -4.02305050583e-05)
(1.28133637897e-06 3.58520001475e-08 -3.92175966095e-05)
(1.30759292123e-06 2.26460118319e-08 -3.85503646187e-05)
(1.32498638283e-06 7.51241422335e-09 -3.8215650824e-05)
(9.54096085611e-08 4.0956914017e-07 -5.61664431487e-05)
(2.68065331953e-07 3.93794410914e-07 -5.56600982569e-05)
(4.39905997295e-07 3.7943997496e-07 -5.46505780456e-05)
(5.96640019389e-07 3.51875006218e-07 -5.32427933223e-05)
(7.40286717586e-07 3.15753018615e-07 -5.15193243702e-05)
(8.67546346621e-07 2.76179397557e-07 -4.95694429124e-05)
(9.76289430976e-07 2.36772764576e-07 -4.74886067662e-05)
(1.06632507875e-06 2.01091865152e-07 -4.53850877465e-05)
(1.14048764961e-06 1.7122985295e-07 -4.33687745696e-05)
(1.20303148498e-06 1.47196756375e-07 -4.15313346671e-05)
(1.25781850118e-06 1.27134080815e-07 -3.99401749277e-05)
(1.30729331514e-06 1.07339201348e-07 -3.8640646405e-05)
(1.34904893322e-06 8.38301198907e-08 -3.76579047912e-05)
(1.38014767403e-06 5.34052193076e-08 -3.70053720102e-05)
(1.3985849098e-06 1.9121862017e-08 -3.66681179976e-05)
(1.03701054235e-07 5.8851314637e-07 -5.38978330171e-05)
(2.87961643058e-07 5.75650832516e-07 -5.33792158908e-05)
(4.71371146354e-07 5.53299945995e-07 -5.23548936646e-05)
(6.37270843364e-07 5.14801585913e-07 -5.09436831973e-05)
(7.87883780553e-07 4.66289390368e-07 -4.92279423801e-05)
(9.19772485583e-07 4.13941953969e-07 -4.72952224501e-05)
(1.03159177719e-06 3.62428569734e-07 -4.52434485712e-05)
(1.1242852085e-06 3.15563587268e-07 -4.31830167299e-05)
(1.20157054888e-06 2.74751354137e-07 -4.12206431359e-05)
(1.26784859135e-06 2.38937343738e-07 -3.94405693161e-05)
(1.32654933273e-06 2.05315195003e-07 -3.79027183152e-05)
(1.37939035939e-06 1.69812846655e-07 -3.66463510976e-05)
(1.42300044899e-06 1.28810061149e-07 -3.5693056616e-05)
(1.45539243855e-06 8.02987986476e-08 -3.50560648995e-05)
(1.47364193228e-06 2.77604132097e-08 -3.4718665865e-05)
(1.143551754e-07 8.62709461257e-07 -5.08584456346e-05)
(3.13276036604e-07 8.4506357723e-07 -5.03269272084e-05)
(5.1356681647e-07 8.09953592191e-07 -4.93061035919e-05)
(6.92742021722e-07 7.5429055669e-07 -4.79208804824e-05)
(8.53952149173e-07 6.85676514168e-07 -4.6246904221e-05)
(9.93549985708e-07 6.12045047091e-07 -4.43678897788e-05)
(1.11090881149e-06 5.3927132324e-07 -4.23817944643e-05)
(1.20801235801e-06 4.716004324e-07 -4.03976130874e-05)
(1.28923401292e-06 4.1008052414e-07 -3.85159861299e-05)
(1.3589434811e-06 3.53130387109e-07 -3.6812602642e-05)
(1.42018416079e-06 2.97748292127e-07 -3.53402535909e-05)
(1.47432790046e-06 2.40163159786e-07 -3.41338008151e-05)
(1.51756104911e-06 1.77596851525e-07 -3.32122064851e-05)
(1.5492538061e-06 1.08716204442e-07 -3.2587794622e-05)
(1.56667014041e-06 3.67950995717e-08 -3.22457156547e-05)
(1.2961520426e-07 1.18948104894e-06 -4.67927460196e-05)
(3.48911873379e-07 1.16574033333e-06 -4.62635657723e-05)
(5.70268438216e-07 1.11475483882e-06 -4.52724457607e-05)
(7.66172958785e-07 1.03798546172e-06 -4.3945720555e-05)
(9.40302782806e-07 9.44558259279e-07 -4.23525497395e-05)
(1.08889815172e-06 8.44062997426e-07 -4.05702422075e-05)
(1.21217983433e-06 7.43666933011e-07 -3.86939881497e-05)
(1.3131039508e-06 6.48213830594e-07 -3.68276059646e-05)
(1.3964859785e-06 5.58903839618e-07 -3.50627695476e-05)
(1.46658916179e-06 4.74354223141e-07 -3.34657753135e-05)
(1.52633387227e-06 3.92115610987e-07 -3.20826566911e-05)
(1.57738385057e-06 3.09225845244e-07 -3.09452995466e-05)
(1.61626672498e-06 2.23745123502e-07 -3.00719896162e-05)
(1.64434668188e-06 1.34806423282e-07 -2.94729279611e-05)
(1.65927803981e-06 4.50152346736e-08 -2.91326933092e-05)
(1.46448393917e-07 1.53358705847e-06 -4.14176194225e-05)
(3.87075771216e-07 1.50168130257e-06 -4.09034843394e-05)
(6.3083485351e-07 1.43283374643e-06 -3.99792807726e-05)
(8.43841005466e-07 1.33260792164e-06 -3.87584563698e-05)
(1.03067248607e-06 1.21145245389e-06 -3.73010398218e-05)
(1.18723282011e-06 1.08078949496e-06 -3.56764641852e-05)
(1.3146820119e-06 9.49057169571e-07 -3.39728264427e-05)
(1.4167719999e-06 8.21962030222e-07 -3.22839647747e-05)
(1.49866428499e-06 7.01416906039e-07 -3.06895462123e-05)
(1.56472561409e-06 5.86884566411e-07 -2.92459801815e-05)
(1.61830394829e-06 4.7691440343e-07 -2.79926096388e-05)
(1.6619755521e-06 3.69369068556e-07 -2.69576813114e-05)
(1.69307150904e-06 2.62840993506e-07 -2.61591014583e-05)
(1.71495309894e-06 1.56311118414e-07 -2.56055836551e-05)
(1.72586852835e-06 5.16952209642e-08 -2.52796137592e-05)
(1.61765867578e-07 1.8160342724e-06 -3.44869113907e-05)
(4.18986413404e-07 1.77675794935e-06 -3.40144548448e-05)
(6.7847604999e-07 1.6914905925e-06 -3.31946547695e-05)
(9.02865938859e-07 1.57006796537e-06 -3.21403122517e-05)
(1.09629555474e-06 1.42404301659e-06 -3.08905659413e-05)
(1.25488115339e-06 1.2662614982e-06 -2.95024401834e-05)
(1.38062180643e-06 1.10630916382e-06 -2.80520046555e-05)
(1.47795156578e-06 9.50887910814e-07 -2.66174176611e-05)
(1.55235419544e-06 8.02985479772e-07 -2.52631229337e-05)
(1.60859810503e-06 6.63225848698e-07 -2.40354589656e-05)
(1.65090816605e-06 5.31191389461e-07 -2.29674368126e-05)
(1.68308166636e-06 4.05312115134e-07 -2.20817791058e-05)
(1.70329983231e-06 2.84515820675e-07 -2.13936415297e-05)
(1.71690279129e-06 1.67221771376e-07 -2.09102908681e-05)
(1.72234976253e-06 5.47976299089e-08 -2.06127542045e-05)
(1.6690155738e-07 1.93283824227e-06 -2.58413904224e-05)
(4.22702365571e-07 1.88589271563e-06 -2.54434226087e-05)
(6.81343020545e-07 1.78831344283e-06 -2.47946846939e-05)
(9.00855322052e-07 1.65390944656e-06 -2.39735224616e-05)
(1.08604916812e-06 1.49381565676e-06 -2.30089415501e-05)
(1.23363924825e-06 1.32149038415e-06 -2.19426014496e-05)
(1.34642242246e-06 1.1469403605e-06 -2.08330230145e-05)
(1.42941744425e-06 9.774162831e-07 -1.97381403221e-05)
(1.48836552576e-06 8.16795445405e-07 -1.87041444648e-05)
(1.5285564935e-06 6.66613342736e-07 -1.77659631971e-05)
(1.55506632936e-06 5.27096993101e-07 -1.6949642042e-05)
(1.57250095451e-06 3.96899624703e-07 -1.62709054378e-05)
(1.5798212457e-06 2.75130895666e-07 -1.57400427792e-05)
(1.58357537516e-06 1.60104493655e-07 -1.53620549031e-05)
(1.58266193103e-06 5.20625280164e-08 -1.51192134749e-05)
(1.45623414785e-07 1.6877564793e-06 -1.56256520999e-05)
(3.62342902615e-07 1.63918998793e-06 -1.53514558947e-05)
(5.78709663433e-07 1.54681726264e-06 -1.49315924187e-05)
(7.59946379972e-07 1.42348112172e-06 -1.44194890468e-05)
(9.08823500467e-07 1.2785283261e-06 -1.38222770732e-05)
(1.02337875008e-06 1.12377667701e-06 -1.31643197073e-05)
(1.10691183215e-06 9.67947267992e-07 -1.24819710848e-05)
(1.16413690488e-06 8.17519280223e-07 -1.18093755252e-05)
(1.20039676051e-06 6.7624511252e-07 -1.11732348777e-05)
(1.22081011635e-06 5.45825701418e-07 -1.05953939188e-05)
(1.23024822108e-06 4.26659805075e-07 -1.00929364759e-05)
(1.23305350372e-06 3.17374931858e-07 -9.67453102098e-06)
(1.22866105952e-06 2.17875937379e-07 -9.34591408561e-06)
(1.22455834443e-06 1.25531691203e-07 -9.11090564549e-06)
(1.21764259709e-06 4.01530759824e-08 -8.95216487392e-06)
(6.55431049069e-08 8.01938777943e-07 -4.96652271112e-06)
(1.70999064534e-07 7.699533572e-07 -4.86245681356e-06)
(2.69677390511e-07 7.19722012951e-07 -4.72011925735e-06)
(3.50595123945e-07 6.54479522201e-07 -4.54847785716e-06)
(4.13732815571e-07 5.79884768563e-07 -4.34980135912e-06)
(4.58891253153e-07 5.01830832515e-07 -4.13195777711e-06)
(4.88151415791e-07 4.24882274158e-07 -3.90737112991e-06)
(5.04496198782e-07 3.52316319754e-07 -3.68698190769e-06)
(5.11095302381e-07 2.86003377696e-07 -3.47889404526e-06)
(5.11015659707e-07 2.26654569275e-07 -3.29039858602e-06)
(5.06906162398e-07 1.74167900336e-07 -3.12736147216e-06)
(5.01043454133e-07 1.27544998401e-07 -2.99201505741e-06)
(4.93726077168e-07 8.63940675633e-08 -2.88663476368e-06)
(4.87301072295e-07 4.93779952638e-08 -2.81160503899e-06)
(4.8239175024e-07 1.49608070738e-08 -2.75870976829e-06)
(-3.7469902592e-08 -1.4173565209e-06 -5.8099718298e-05)
(-1.10658146737e-07 -1.39647908409e-06 -5.76263169488e-05)
(-1.83095197267e-07 -1.3509610355e-06 -5.66399885427e-05)
(-2.53891789464e-07 -1.29268614736e-06 -5.52493224536e-05)
(-3.19894976519e-07 -1.2241391903e-06 -5.35352012455e-05)
(-3.80519408093e-07 -1.14356466082e-06 -5.15846265943e-05)
(-4.35605348565e-07 -1.05165483673e-06 -4.94910655946e-05)
(-4.84758037968e-07 -9.49385001755e-07 -4.73603006842e-05)
(-5.26962219511e-07 -8.37844254603e-07 -4.53031245242e-05)
(-5.61083982428e-07 -7.18087151743e-07 -4.34165105003e-05)
(-5.86218567908e-07 -5.91238306779e-07 -4.1774916886e-05)
(-6.01362632672e-07 -4.59354910618e-07 -4.04307648547e-05)
(-6.07839774151e-07 -3.25286068982e-07 -3.94148214228e-05)
(-6.09608600044e-07 -1.93404700617e-07 -3.87444407953e-05)
(-6.12297418111e-07 -6.53108360541e-08 -3.84063639069e-05)
(-4.03216009251e-08 -1.29252569641e-06 -5.63491526133e-05)
(-1.18970799652e-07 -1.27311004469e-06 -5.58465209652e-05)
(-1.93439906418e-07 -1.2235372327e-06 -5.48369364202e-05)
(-2.63179678972e-07 -1.16432739624e-06 -5.34299167349e-05)
(-3.26759247926e-07 -1.09471217425e-06 -5.1707180646e-05)
(-3.83566039986e-07 -1.01337929281e-06 -4.97570528674e-05)
(-4.33333210668e-07 -9.21258658004e-07 -4.76751185057e-05)
(-4.75214430264e-07 -8.19533344337e-07 -4.55702790476e-05)
(-5.078605533e-07 -7.09864127639e-07 -4.35524894784e-05)
(-5.30097899469e-07 -5.94330549577e-07 -4.17128890386e-05)
(-5.41287591332e-07 -4.75709789327e-07 -4.01189773019e-05)
(-5.4134039798e-07 -3.57961391988e-07 -3.88165954114e-05)
(-5.33878776561e-07 -2.45508633115e-07 -3.78313707516e-05)
(-5.24910667341e-07 -1.42350251368e-07 -3.71768421364e-05)
(-5.21950102288e-07 -4.60999672061e-08 -3.68374561468e-05)
(-4.06416972308e-08 -1.17250554046e-06 -5.40893894806e-05)
(-1.20011039733e-07 -1.14552876933e-06 -5.35691564023e-05)
(-1.9321491222e-07 -1.09526362659e-06 -5.25436684696e-05)
(-2.60233678925e-07 -1.0353888096e-06 -5.11316809385e-05)
(-3.20083652129e-07 -9.65273105163e-07 -4.94149898606e-05)
(-3.72215646594e-07 -8.84291119678e-07 -4.74803499015e-05)
(-4.15951895602e-07 -7.93616857819e-07 -4.54259965987e-05)
(-4.50123294091e-07 -6.94865028548e-07 -4.33629753679e-05)
(-4.73440367583e-07 -5.90497579204e-07 -4.13980113263e-05)
(-4.85331240561e-07 -4.83580564514e-07 -3.96148930343e-05)
(-4.86151115479e-07 -3.77785091684e-07 -3.8073772197e-05)
(-4.77140803748e-07 -2.77306140277e-07 -3.68143289022e-05)
(-4.63506926833e-07 -1.85974948744e-07 -3.58585489444e-05)
(-4.51105011922e-07 -1.05861667118e-07 -3.52196330305e-05)
(-4.46529851063e-07 -3.39463125797e-08 -3.48805680944e-05)
(-4.0807827255e-08 -1.02607860469e-06 -5.10551204863e-05)
(-1.19927246037e-07 -1.00010046182e-06 -5.05232758345e-05)
(-1.90128936957e-07 -9.51069674858e-07 -4.95010464131e-05)
(-2.52898603495e-07 -8.92951464964e-07 -4.8114063034e-05)
(-3.07583672368e-07 -8.25289297633e-07 -4.64378824938e-05)
(-3.53528109765e-07 -7.47843400241e-07 -4.45556678964e-05)
(-3.89950506958e-07 -6.62154062269e-07 -4.25658415464e-05)
(-4.15691370936e-07 -5.70370531033e-07 -4.05780443694e-05)
(-4.29918726268e-07 -4.75611997622e-07 -3.8692909216e-05)
(-4.32938532358e-07 -3.81456551369e-07 -3.69857895968e-05)
(-4.26106823524e-07 -2.91631261825e-07 -3.55097920504e-05)
(-4.11560631687e-07 -2.09655291667e-07 -3.43001312365e-05)
(-3.95334657359e-07 -1.3803891758e-07 -3.33760620248e-05)
(-3.82587990765e-07 -7.7283901746e-08 -3.27500488913e-05)
(-3.7764711777e-07 -2.46313221124e-08 -3.24071726209e-05)
(-3.88010996502e-08 -8.77062600319e-07 -4.69913881866e-05)
(-1.13639560308e-07 -8.52422169359e-07 -4.64613561735e-05)
(-1.78446012147e-07 -8.06315696539e-07 -4.54681134567e-05)
(-2.35113989261e-07 -7.51792945437e-07 -4.41390425778e-05)
(-2.83290877016e-07 -6.88617812796e-07 -4.25430855956e-05)
(-3.22262616626e-07 -6.16948191139e-07 -4.07572152452e-05)
(-3.51173924429e-07 -5.38721346408e-07 -3.88771181597e-05)
(-3.69083281704e-07 -4.56546317567e-07 -3.70070651479e-05)
(-3.75824624556e-07 -3.73880605261e-07 -3.52386131107e-05)
(-3.72587090094e-07 -2.94280263132e-07 -3.36378370412e-05)
(-3.61419284812e-07 -2.20911789856e-07 -3.22511644195e-05)
(-3.44724120475e-07 -1.56247834143e-07 -3.1110741216e-05)
(-3.28697578363e-07 -1.0157756799e-07 -3.0234979275e-05)
(-3.17203206352e-07 -5.62144280195e-08 -2.96343256065e-05)
(-3.12614550355e-07 -1.78567197525e-08 -2.92935274907e-05)
(-3.54059656673e-08 -7.19657237365e-07 -4.16093872499e-05)
(-1.03491523973e-07 -6.97220820493e-07 -4.10946837105e-05)
(-1.60759870643e-07 -6.55632540966e-07 -4.0169384828e-05)
(-2.09520689018e-07 -6.0660789785e-07 -3.89468787706e-05)
(-2.49655841855e-07 -5.5021646745e-07 -3.74869852219e-05)
(-2.80660394743e-07 -4.86964816782e-07 -3.5859073081e-05)
(-3.01774733184e-07 -4.19016352936e-07 -3.41517738471e-05)
(-3.12502155493e-07 -3.49207206159e-07 -3.24592276885e-05)
(-3.13369720782e-07 -2.80867736926e-07 -3.08609815098e-05)
(-3.0616226095e-07 -2.17031512654e-07 -2.94134518672e-05)
(-2.9308069389e-07 -1.59968820385e-07 -2.81565095667e-05)
(-2.762429203e-07 -1.11213456265e-07 -2.71185988758e-05)
(-2.61733453571e-07 -7.13180240787e-08 -2.63176389613e-05)
(-2.5201921944e-07 -3.91276672383e-08 -2.57625802257e-05)
(-2.4783629295e-07 -1.2414915248e-08 -2.54358933577e-05)
(-3.02572970585e-08 -5.58726333335e-07 -3.46620620306e-05)
(-8.78464404687e-08 -5.38047287096e-07 -3.41879319502e-05)
(-1.35682697997e-07 -5.02055715026e-07 -3.3367640414e-05)
(-1.74850487514e-07 -4.60055212446e-07 -3.23117482809e-05)
(-2.0587508622e-07 -4.12464403981e-07 -3.10598510707e-05)
(-2.28480666165e-07 -3.59862380197e-07 -2.96688373262e-05)
(-2.42066803219e-07 -3.04512868381e-07 -2.82152413668e-05)
(-2.46672003372e-07 -2.49043309269e-07 -2.67773466096e-05)
(-2.43359050896e-07 -1.96278954203e-07 -2.54195027387e-05)
(-2.34097040861e-07 -1.48479518444e-07 -2.41882464628e-05)
(-2.20764893022e-07 -1.07008498773e-07 -2.31170856884e-05)
(-2.04882717356e-07 -7.27349657218e-08 -2.2228798935e-05)
(-1.92434419203e-07 -4.57418922614e-08 -2.1538639151e-05)
(-1.84215230243e-07 -2.49401530904e-08 -2.10542012129e-05)
(-1.80260628849e-07 -7.94168131226e-09 -2.07557584484e-05)
(-2.32223778916e-08 -3.95759788244e-07 -2.59874531591e-05)
(-6.83542017816e-08 -3.77448469398e-07 -2.55890587844e-05)
(-1.03058206098e-07 -3.48771478113e-07 -2.49392011039e-05)
(-1.30977207861e-07 -3.15526646919e-07 -2.41172391822e-05)
(-1.52091377357e-07 -2.78430325274e-07 -2.31509621093e-05)
(-1.66107065623e-07 -2.3823743469e-07 -2.20825286851e-05)
(-1.72804403925e-07 -1.96978110371e-07 -2.09706318766e-05)
(-1.72534850513e-07 -1.56867055554e-07 -1.98731800249e-05)
(-1.6660683664e-07 -1.19950655194e-07 -1.88363554047e-05)
(-1.56765443569e-07 -8.77378616257e-08 -1.78953959635e-05)
(-1.44365266662e-07 -6.09061954315e-08 -1.70765447215e-05)
(-1.30448339266e-07 -3.98911831887e-08 -1.6395303314e-05)
(-1.20557690202e-07 -2.44194304072e-08 -1.58623580641e-05)
(-1.13889582457e-07 -1.31244521919e-08 -1.54831016415e-05)
(-1.09687968446e-07 -4.05472383719e-09 -1.52393458978e-05)
(-1.24608774576e-08 -2.12615433442e-07 -1.57248329637e-05)
(-3.77215125818e-08 -2.0123566661e-07 -1.54487315635e-05)
(-5.54361647376e-08 -1.82892700988e-07 -1.50294556532e-05)
(-6.92317494435e-08 -1.61927652016e-07 -1.4516455938e-05)
(-7.86259164355e-08 -1.38954889593e-07 -1.39183747242e-05)
(-8.37269405926e-08 -1.14528081763e-07 -1.32591853356e-05)
(-8.40938720455e-08 -9.02467314262e-08 -1.25753757997e-05)
(-8.03154647869e-08 -6.75557065373e-08 -1.19010110887e-05)
(-7.34426129605e-08 -4.76580791804e-08 -1.12628906456e-05)
(-6.46475678757e-08 -3.139281654e-08 -1.06831475008e-05)
(-5.48315711328e-08 -1.89306427678e-08 -1.01787444015e-05)
(-4.46120103307e-08 -1.06359092857e-08 -9.75806167202e-06)
(-3.85299932184e-08 -5.25708183864e-09 -9.42773195311e-06)
(-3.29169691263e-08 -2.81708051439e-09 -9.19195179275e-06)
(-3.0456795022e-08 -9.03523667958e-10 -9.02979783936e-06)
(2.6275036302e-10 -2.46911959678e-08 -4.98379162182e-06)
(-4.04681663226e-09 -2.27790474559e-08 -4.88021859638e-06)
(-4.28249800691e-09 -1.81851893606e-08 -4.73765820928e-06)
(-3.63071613866e-09 -1.38354445263e-08 -4.56635996648e-06)
(-2.29970912416e-09 -9.27024792513e-09 -4.36786209047e-06)
(-1.71895363544e-10 -4.68872917482e-09 -4.15007334414e-06)
(2.72511326628e-09 -4.95758431241e-10 -3.92528213972e-06)
(6.22600828078e-09 2.96348081292e-09 -3.70434932252e-06)
(1.00006522423e-08 5.47880891292e-09 -3.4954845637e-06)
(1.38084738712e-08 6.87862506816e-09 -3.30617087778e-06)
(1.73858650601e-08 7.19898402319e-09 -3.14215876382e-06)
(2.07152881163e-08 6.28614399001e-09 -3.00566408717e-06)
(2.243111799e-08 4.81913275394e-09 -2.89972620835e-06)
(2.39238895465e-08 2.57852295677e-09 -2.82343380308e-06)
(2.42815325604e-08 8.74877513884e-10 -2.76895635072e-06)
(-1.66630391614e-07 -3.14010873568e-06 -5.82697370084e-05)
(-4.8106940937e-07 -3.07854412764e-06 -5.77910160035e-05)
(-7.92918088745e-07 -2.97515862378e-06 -5.68039842783e-05)
(-1.08642841043e-06 -2.83564807525e-06 -5.54126282711e-05)
(-1.35890644107e-06 -2.66704355798e-06 -5.36977957129e-05)
(-1.60575658232e-06 -2.47063862188e-06 -5.17458747088e-05)
(-1.82386315824e-06 -2.25101992603e-06 -4.96503117532e-05)
(-2.011096625e-06 -2.01363597513e-06 -4.75174562358e-05)
(-2.1672159032e-06 -1.76340191092e-06 -4.54582432176e-05)
(-2.2936941106e-06 -1.50352780126e-06 -4.35691602798e-05)
(-2.39264352837e-06 -1.2359006184e-06 -4.1924621048e-05)
(-2.46537695455e-06 -9.62325239595e-07 -4.05774911577e-05)
(-2.51366424613e-06 -6.85566429297e-07 -3.95590082042e-05)
(-2.54082939907e-06 -4.09253424631e-07 -3.88863431076e-05)
(-2.5566803753e-06 -1.38168319203e-07 -3.85471870086e-05)
(-1.77697441287e-07 -2.99316666584e-06 -5.65287273095e-05)
(-5.09357161781e-07 -2.9353416193e-06 -5.60267419896e-05)
(-8.31613304264e-07 -2.8230006917e-06 -5.50163907804e-05)
(-1.12923961868e-06 -2.67691057547e-06 -5.36094131448e-05)
(-1.40146243678e-06 -2.501411594e-06 -5.18868825766e-05)
(-1.64363483604e-06 -2.29918734793e-06 -4.99362445765e-05)
(-1.85282198721e-06 -2.07576665194e-06 -4.78532943403e-05)
(-2.02710658888e-06 -1.83706329639e-06 -4.57474778108e-05)
(-2.16673067777e-06 -1.58839173436e-06 -4.37285866553e-05)
(-2.27372985303e-06 -1.33386167263e-06 -4.18871560284e-05)
(-2.3508565056e-06 -1.07723010525e-06 -4.02908741884e-05)
(-2.4007453775e-06 -8.22731882959e-07 -3.89860222699e-05)
(-2.42809351646e-06 -5.75176977299e-07 -3.79985536866e-05)
(-2.43947505628e-06 -3.3840642026e-07 -3.73416346101e-05)
(-2.44619502031e-06 -1.11444767158e-07 -3.70015184256e-05)
(-1.86453817261e-07 -2.93295193331e-06 -5.42679673535e-05)
(-5.30710082413e-07 -2.86452291326e-06 -5.37469240394e-05)
(-8.61456407681e-07 -2.74258681781e-06 -5.27207970433e-05)
(-1.16235496539e-06 -2.58446361545e-06 -5.13093453162e-05)
(-1.43367608379e-06 -2.39581170985e-06 -4.95935301649e-05)
(-1.6707537894e-06 -2.18163633289e-06 -4.76594243285e-05)
(-1.87072585319e-06 -1.94897747265e-06 -4.56054295162e-05)
(-2.03222833416e-06 -1.70485514254e-06 -4.35428460489e-05)
(-2.15649499856e-06 -1.45551455856e-06 -4.15779639279e-05)
(-2.24682149396e-06 -1.20602877192e-06 -3.97939938742e-05)
(-2.30739988361e-06 -9.61054967106e-07 -3.8251406883e-05)
(-2.34264497857e-06 -7.24969175314e-07 -3.69901597332e-05)
(-2.35922731672e-06 -5.01776569114e-07 -3.60325852763e-05)
(-2.36433672407e-06 -2.92922601857e-07 -3.53916024827e-05)
(-2.3673362391e-06 -9.61001848588e-08 -3.50522752971e-05)
(-1.97167905263e-07 -2.91686804162e-06 -5.12304049214e-05)
(-5.55116749866e-07 -2.84490876126e-06 -5.06976298522e-05)
(-8.96383337549e-07 -2.71247733617e-06 -4.96749233668e-05)
(-1.20180328147e-06 -2.54060799291e-06 -4.82879707328e-05)
(-1.47308152306e-06 -2.33670891929e-06 -4.66120771605e-05)
(-1.70522208431e-06 -2.10825813908e-06 -4.47301238932e-05)
(-1.89592732424e-06 -1.86421820749e-06 -4.27407620131e-05)
(-2.04492606522e-06 -1.61309483224e-06 -4.07537568941e-05)
(-2.15499858308e-06 -1.36210251233e-06 -3.88691973537e-05)
(-2.23111349833e-06 -1.11683684948e-06 -3.7161945097e-05)
(-2.27903191291e-06 -8.81876835171e-07 -3.56854650979e-05)
(-2.30455285857e-06 -6.60540172261e-07 -3.44750266372e-05)
(-2.31532539471e-06 -4.54970873999e-07 -3.35501210144e-05)
(-2.31835096391e-06 -2.64480753319e-07 -3.29235019634e-05)
(-2.31928027774e-06 -8.66921314987e-08 -3.25820635982e-05)
(-2.08088530853e-07 -2.94642940772e-06 -4.71642524304e-05)
(-5.77614307749e-07 -2.87078308728e-06 -4.66328303996e-05)
(-9.2905516084e-07 -2.72806186749e-06 -4.56384688255e-05)
(-1.23877888934e-06 -2.54204117547e-06 -4.43089060081e-05)
(-1.50971446531e-06 -2.32212903402e-06 -4.27127898113e-05)
(-1.73665189386e-06 -2.07824663379e-06 -4.09272153808e-05)
(-1.91806131794e-06 -1.82144748726e-06 -3.9048088632e-05)
(-2.05510476908e-06 -1.56174721619e-06 -3.71796072883e-05)
(-2.15231957159e-06 -1.30718780103e-06 -3.54126887608e-05)
(-2.21630871455e-06 -1.06351153875e-06 -3.38130162568e-05)
(-2.25408111618e-06 -8.34691381218e-07 -3.24273787562e-05)
(-2.27221739078e-06 -6.22710771533e-07 -3.12877289385e-05)
(-2.27880664808e-06 -4.28019155097e-07 -3.04123544622e-05)
(-2.28022734081e-06 -2.48200237206e-07 -2.9812102705e-05)
(-2.27959892326e-06 -8.12595211162e-08 -2.94732454333e-05)
(-2.17866703237e-07 -2.9762821027e-06 -4.17865029642e-05)
(-5.95077703869e-07 -2.89698243267e-06 -4.12713309788e-05)
(-9.53657187739e-07 -2.74505300933e-06 -4.03452570996e-05)
(-1.26449670448e-06 -2.5464520973e-06 -3.91227216358e-05)
(-1.53187686367e-06 -2.31228491654e-06 -3.7662843672e-05)
(-1.75067167986e-06 -2.05502217711e-06 -3.60354733311e-05)
(-1.92054201206e-06 -1.78744473185e-06 -3.43294854569e-05)
(-2.04433755391e-06 -1.52086283936e-06 -3.26388406686e-05)
(-2.12830257252e-06 -1.2637752367e-06 -3.10424899614e-05)
(-2.18032021162e-06 -1.02171546657e-06 -2.9596651695e-05)
(-2.20814177213e-06 -7.97828326181e-07 -2.83415995616e-05)
(-2.21866743376e-06 -5.92998644328e-07 -2.73054976538e-05)
(-2.22036324171e-06 -4.06675093009e-07 -2.65058732355e-05)
(-2.21896464311e-06 -2.3541021006e-07 -2.59517807889e-05)
(-2.21593279005e-06 -7.69404938211e-08 -2.56264194865e-05)
(-2.22694718176e-07 -2.93652347313e-06 -3.48541234488e-05)
(-5.95368124666e-07 -2.85338984652e-06 -3.43790514254e-05)
(-9.50609126375e-07 -2.69620871787e-06 -3.35588320011e-05)
(-1.25355632964e-06 -2.49056501704e-06 -3.25028431425e-05)
(-1.50919238892e-06 -2.24921183371e-06 -3.12510747044e-05)
(-1.71310126053e-06 -1.98623186806e-06 -2.98607644466e-05)
(-1.86615314558e-06 -1.7157350078e-06 -2.8408622126e-05)
(-1.97293125389e-06 -1.4496076494e-06 -2.69726885625e-05)
(-2.04104778041e-06 -1.19640840953e-06 -2.56168527267e-05)
(-2.07915583876e-06 -9.61269535126e-07 -2.43876147512e-05)
(-2.09527355477e-06 -7.46519788387e-07 -2.33187285094e-05)
(-2.09631956527e-06 -5.52251880936e-07 -2.24326244257e-05)
(-2.09124609253e-06 -3.77312598815e-07 -2.17443389729e-05)
(-2.0848653261e-06 -2.17883234436e-07 -2.12614394588e-05)
(-2.07813216895e-06 -7.10005915051e-08 -2.09639618913e-05)
(-2.13857252275e-07 -2.72747943849e-06 -2.62071817968e-05)
(-5.60355530884e-07 -2.64196862117e-06 -2.58096913013e-05)
(-8.88952328146e-07 -2.48730270959e-06 -2.51588072965e-05)
(-1.16481885897e-06 -2.28643844393e-06 -2.43369945783e-05)
(-1.39264334504e-06 -2.05221115873e-06 -2.33705954885e-05)
(-1.56861767202e-06 -1.79964947815e-06 -2.23026374508e-05)
(-1.69516069586e-06 -1.54281118295e-06 -2.11918054428e-05)
(-1.77805027016e-06 -1.29330071947e-06 -2.00957542386e-05)
(-1.82562321197e-06 -1.05902626065e-06 -1.90604385555e-05)
(-1.84662424502e-06 -8.44511824377e-07 -1.81211935224e-05)
(-1.84890367253e-06 -6.51317474921e-07 -1.73041243974e-05)
(-1.83919146651e-06 -4.78902222359e-07 -1.66242400598e-05)
(-1.82635009001e-06 -3.25648148717e-07 -1.60924954187e-05)
(-1.813905319e-06 -1.87334644536e-07 -1.57142442238e-05)
(-1.80242222886e-06 -6.05552716355e-08 -1.5470977179e-05)
(-1.71445447688e-07 -2.1176239918e-06 -1.59865156972e-05)
(-4.39381087848e-07 -2.04506472422e-06 -1.57091922243e-05)
(-6.92182138967e-07 -1.91624466939e-06 -1.52892834878e-05)
(-9.01898586736e-07 -1.75110623572e-06 -1.47745106431e-05)
(-1.0703695313e-06 -1.56031307933e-06 -1.41747405758e-05)
(-1.19585068963e-06 -1.35685770489e-06 -1.35140282512e-05)
(-1.28083833796e-06 -1.15261787903e-06 -1.28289645437e-05)
(-1.33123077533e-06 -9.56899943319e-07 -1.2153501682e-05)
(-1.35444337909e-06 -7.75814287033e-07 -1.15144774634e-05)
(-1.35791944359e-06 -6.12697231784e-07 -1.09341798799e-05)
(-1.34837050436e-06 -4.68244263986e-07 -1.04291733597e-05)
(-1.3313523661e-06 -3.41738450886e-07 -1.00074519045e-05)
(-1.31442116339e-06 -2.30683252159e-07 -9.67656168172e-06)
(-1.29766723173e-06 -1.32177059178e-07 -9.44039643123e-06)
(-1.28483855371e-06 -4.21185855402e-08 -9.27698946398e-06)
(-6.6752553963e-08 -8.65679852927e-07 -5.24469804238e-06)
(-1.82947951712e-07 -8.28742991548e-07 -5.13914598644e-06)
(-2.84268998086e-07 -7.68719051052e-07 -4.99308917964e-06)
(-3.65689106757e-07 -6.9383784966e-07 -4.81795265654e-06)
(-4.27560246671e-07 -6.09042838145e-07 -4.61482059342e-06)
(-4.6948006616e-07 -5.20702326684e-07 -4.39199543758e-06)
(-4.93621348598e-07 -4.34232243247e-07 -4.16186670385e-06)
(-5.03346344779e-07 -3.53626166053e-07 -3.93543036539e-06)
(-5.02535051761e-07 -2.81205360806e-07 -3.72116107177e-06)
(-4.94808680247e-07 -2.18031513056e-07 -3.52680351365e-06)
(-4.83411320726e-07 -1.63893768012e-07 -3.35797548543e-06)
(-4.70682579032e-07 -1.18095757202e-07 -3.21703782503e-06)
(-4.5944503228e-07 -7.88124941455e-08 -3.10776812725e-06)
(-4.49305288162e-07 -4.51385153564e-08 -3.02859998738e-06)
(-4.42655622732e-07 -1.33015403775e-08 -2.97179013954e-06)
(-2.9646025475e-07 -4.72594258911e-06 -5.84374655594e-05)
(-8.43524170488e-07 -4.62125533853e-06 -5.79527444681e-05)
(-1.38880390092e-06 -4.46082965484e-06 -5.69641259392e-05)
(-1.89831490608e-06 -4.24128984555e-06 -5.55708584755e-05)
(-2.3703396744e-06 -3.97426284327e-06 -5.38539804595e-05)
(-2.79633732104e-06 -3.66469411828e-06 -5.18994316503e-05)
(-3.16971782808e-06 -3.32142137707e-06 -4.9800592642e-05)
(-3.48603406901e-06 -2.95494483165e-06 -4.76643352556e-05)
(-3.74578139847e-06 -2.57457179744e-06 -4.56017349977e-05)
(-3.95360868143e-06 -2.18600949546e-06 -4.37088757947e-05)
(-4.11545920175e-06 -1.79210510078e-06 -4.20601319037e-05)
(-4.23601154981e-06 -1.39409113714e-06 -4.07087647689e-05)
(-4.31907294965e-06 -9.94293706596e-07 -3.96864882476e-05)
(-4.36808407876e-06 -5.93848596642e-07 -3.90104419774e-05)
(-4.39573869944e-06 -2.00852259754e-07 -3.86714471539e-05)
(-3.15769187502e-07 -4.5841511075e-06 -5.67278831949e-05)
(-8.9151662372e-07 -4.48157774716e-06 -5.62249454722e-05)
(-1.45639298696e-06 -4.30668754597e-06 -5.52137018557e-05)
(-1.97620487518e-06 -4.07317391443e-06 -5.38069098408e-05)
(-2.45124133722e-06 -3.791593511e-06 -5.20849547723e-05)
(-2.87286986236e-06 -3.46933161264e-06 -5.01343996432e-05)
(-3.23484411086e-06 -3.11713997749e-06 -4.80509581636e-05)
(-3.53366986833e-06 -2.74642249197e-06 -4.59444141626e-05)
(-3.77134970851e-06 -2.36666363549e-06 -4.39243318064e-05)
(-3.95387973314e-06 -1.98412348591e-06 -4.20807792769e-05)
(-4.08828426591e-06 -1.60338789306e-06 -4.04817336294e-05)
(-4.18093173636e-06 -1.22821192223e-06 -3.9173954386e-05)
(-4.23889149199e-06 -8.62957468307e-07 -3.81838231651e-05)
(-4.2693751325e-06 -5.09324366563e-07 -3.75240094018e-05)
(-4.28703804157e-06 -1.68565841122e-07 -3.71843554827e-05)
(-3.34823454481e-07 -4.61323686572e-06 -5.44522199682e-05)
(-9.36628941734e-07 -4.49957897138e-06 -5.39297864222e-05)
(-1.52227714152e-06 -4.30621018433e-06 -5.29040267203e-05)
(-2.05391172198e-06 -4.04938010722e-06 -5.14947970894e-05)
(-2.53359492393e-06 -3.74187843193e-06 -4.97820621263e-05)
(-2.95235822869e-06 -3.39489469829e-06 -4.78512134742e-05)
(-3.30447462231e-06 -3.02195897811e-06 -4.58004604783e-05)
(-3.58804453773e-06 -2.63624570144e-06 -4.37409742044e-05)
(-3.80718958172e-06 -2.24821337413e-06 -4.17783615641e-05)
(-3.96985933272e-06 -1.86493061262e-06 -3.99952815901e-05)
(-4.08483523445e-06 -1.49172662849e-06 -3.84525702293e-05)
(-4.16049662484e-06 -1.13228601449e-06 -3.71904340774e-05)
(-4.20583953767e-06 -7.89963965986e-07 -3.62316845941e-05)
(-4.22865431445e-06 -4.638817973e-07 -3.55891843576e-05)
(-4.24329091338e-06 -1.5321476573e-07 -3.52497907655e-05)
(-3.57862377927e-07 -4.76391686814e-06 -5.13995802949e-05)
(-9.88622201291e-07 -4.64174174575e-06 -5.08659037804e-05)
(-1.60071793417e-06 -4.42610429083e-06 -4.98441980353e-05)
(-2.14829651995e-06 -4.14023690344e-06 -4.84594794711e-05)
(-2.63588067349e-06 -3.79978525449e-06 -4.67867539651e-05)
(-3.05390774997e-06 -3.42031073414e-06 -4.49087008826e-05)
(-3.39794268051e-06 -3.01874920386e-06 -4.29238224408e-05)
(-3.66839670664e-06 -2.61059299073e-06 -4.09415658636e-05)
(-3.87205256828e-06 -2.20743162072e-06 -3.90611678923e-05)
(-4.01915307726e-06 -1.81675863402e-06 -3.73569688526e-05)
(-4.12033330573e-06 -1.44366439117e-06 -3.58827200234e-05)
(-4.18550459021e-06 -1.09047152111e-06 -3.46735410473e-05)
(-4.2243524828e-06 -7.58419930622e-07 -3.37493807856e-05)
(-4.24433624554e-06 -4.44378107203e-07 -3.31240020029e-05)
(-4.25671394874e-06 -1.46891029146e-07 -3.27839062274e-05)
(-3.84092935751e-07 -5.00658852759e-06 -4.73292626013e-05)
(-1.04413786129e-06 -4.87504764397e-06 -4.67968840195e-05)
(-1.68496341039e-06 -4.63596531047e-06 -4.58028951002e-05)
(-2.25045386056e-06 -4.31822480845e-06 -4.44750475585e-05)
(-2.74708935814e-06 -3.94111729322e-06 -4.28817182616e-05)
(-3.16497340952e-06 -3.52450195346e-06 -4.110026391e-05)
(-3.50136774566e-06 -3.08898243327e-06 -3.92264480211e-05)
(-3.75944596347e-06 -2.65245404543e-06 -3.73639921387e-05)
(-3.94879531964e-06 -2.22768068847e-06 -3.56028916331e-05)
(-4.08180350123e-06 -1.82241949458e-06 -3.40083701336e-05)
(-4.17059499847e-06 -1.44117105941e-06 -3.2627400056e-05)
(-4.22607561545e-06 -1.08484113247e-06 -3.14913797639e-05)
(-4.25834281946e-06 -7.52770213708e-07 -3.06186260728e-05)
(-4.27460462791e-06 -4.3997073047e-07 -3.0021246035e-05)
(-4.2839736276e-06 -1.45360278149e-07 -2.96854388963e-05)
(-4.09984807676e-07 -5.26080082332e-06 -4.1966194469e-05)
(-1.09490108127e-06 -5.11947909394e-06 -4.14514137189e-05)
(-1.76157349521e-06 -4.8568059234e-06 -4.05250848819e-05)
(-2.34107451802e-06 -4.5077787982e-06 -3.9304312611e-05)
(-2.84235810423e-06 -4.09445917602e-06 -3.78470428653e-05)
(-3.25552295132e-06 -3.64140857331e-06 -3.62238373956e-05)
(-3.58024348455e-06 -3.17236971913e-06 -3.45234697337e-05)
(-3.82271583685e-06 -2.70746099808e-06 -3.28393788242e-05)
(-3.99516462134e-06 -2.26040431705e-06 -3.12496491419e-05)
(-4.11170873538e-06 -1.83908375518e-06 -2.98101477699e-05)
(-4.18556698834e-06 -1.44735580691e-06 -2.85612791948e-05)
(-4.22840227847e-06 -1.08510857307e-06 -2.7530527239e-05)
(-4.25102376082e-06 -7.50590650295e-07 -2.67350600545e-05)
(-4.2605376146e-06 -4.37303046e-07 -2.61844012578e-05)
(-4.26513479113e-06 -1.44209212752e-07 -2.5862484187e-05)
(-4.29035555668e-07 -5.38701664885e-06 -3.50742529151e-05)
(-1.11933350968e-06 -5.23594718404e-06 -3.45989476466e-05)
(-1.79383072016e-06 -4.95620511345e-06 -3.3779447868e-05)
(-2.37211017557e-06 -4.58456090912e-06 -3.27248071347e-05)
(-2.8635767898e-06 -4.14614001069e-06 -3.1475384338e-05)
(-3.25958073693e-06 -3.66861595513e-06 -3.00889868811e-05)
(-3.56216621886e-06 -3.17828798506e-06 -2.86422356894e-05)
(-3.78050867372e-06 -2.69658218816e-06 -2.72126859338e-05)
(-3.92893671228e-06 -2.23785805887e-06 -2.58635271629e-05)
(-4.0227583876e-06 -1.81008197103e-06 -2.46409767289e-05)
(-4.07595531907e-06 -1.41652869079e-06 -2.35787241907e-05)
(-4.10082212413e-06 -1.05636437914e-06 -2.26986116149e-05)
(-4.10915192663e-06 -7.27286370064e-07 -2.2015456731e-05)
(-4.10780719284e-06 -4.21864400812e-07 -2.15365704115e-05)
(-4.10501941035e-06 -1.38666749473e-07 -2.12427645568e-05)
(-4.23995047028e-07 -5.19225257392e-06 -2.64992809065e-05)
(-1.08084668769e-06 -5.03399162706e-06 -2.61037952844e-05)
(-1.72270462346e-06 -4.74986504147e-06 -2.54519513455e-05)
(-2.26474234286e-06 -4.37625078135e-06 -2.46310797872e-05)
(-2.71644481901e-06 -3.93804547262e-06 -2.36659187447e-05)
(-3.07036152782e-06 -3.46481028157e-06 -2.26006116731e-05)
(-3.33135712084e-06 -2.98303462784e-06 -2.14936766575e-05)
(-3.51070649608e-06 -2.51404562215e-06 -2.04023883255e-05)
(-3.6238615818e-06 -2.07181440807e-06 -1.93722764064e-05)
(-3.68649614636e-06 -1.66404264834e-06 -1.84384812403e-05)
(-3.71287033069e-06 -1.29331409527e-06 -1.7626711898e-05)
(-3.71548040754e-06 -9.58126089299e-07 -1.6951491343e-05)
(-3.70634774561e-06 -6.55754426421e-07 -1.64239376226e-05)
(-3.69153013308e-06 -3.78480109663e-07 -1.60489964967e-05)
(-3.67964874296e-06 -1.23763436906e-07 -1.58086812933e-05)
(-3.56027701072e-07 -4.21835368004e-06 -1.63959190329e-05)
(-8.82402309386e-07 -4.07920579225e-06 -1.61175619677e-05)
(-1.39687139052e-06 -3.83322560894e-06 -1.56964055771e-05)
(-1.82697523778e-06 -3.51459646632e-06 -1.51793072406e-05)
(-2.17678143912e-06 -3.14418188886e-06 -1.45774295464e-05)
(-2.44258742603e-06 -2.7478927185e-06 -1.39152275684e-05)
(-2.62974871292e-06 -2.34851857412e-06 -1.32293939922e-05)
(-2.74959700741e-06 -1.96373289468e-06 -1.25537833405e-05)
(-2.81602890004e-06 -1.60495461463e-06 -1.19151646516e-05)
(-2.84282470971e-06 -1.27837815673e-06 -1.13357520065e-05)
(-2.84264156691e-06 -9.85501705661e-07 -1.08315818561e-05)
(-2.82620519744e-06 -7.24632560367e-07 -1.04103584433e-05)
(-2.80393692189e-06 -4.92537117233e-07 -1.00803604793e-05)
(-2.77898327145e-06 -2.8275532309e-07 -9.84451856033e-06)
(-2.76179616771e-06 -9.14846513569e-08 -9.68239522569e-06)
(-1.65576255694e-07 -1.99658281567e-06 -5.69207893296e-06)
(-4.22588343307e-07 -1.91471451568e-06 -5.58197070159e-06)
(-6.61362962268e-07 -1.78466084399e-06 -5.43070665944e-06)
(-8.56287855361e-07 -1.62000632684e-06 -5.24893177092e-06)
(-1.00770272409e-06 -1.43217961897e-06 -5.03807045322e-06)
(-1.11478370912e-06 -1.23496059815e-06 -4.80702942828e-06)
(-1.18209002841e-06 -1.04007148309e-06 -4.56848467704e-06)
(-1.21668329039e-06 -8.56229825362e-07 -4.33372161973e-06)
(-1.2266078419e-06 -6.88696411013e-07 -4.1115310074e-06)
(-1.21957242631e-06 -5.40042666218e-07 -3.90989061416e-06)
(-1.2025797913e-06 -4.1023575201e-07 -3.73431504994e-06)
(-1.18102952196e-06 -2.97852423915e-07 -3.5873898611e-06)
(-1.15980573452e-06 -2.00114478676e-07 -3.47347466244e-06)
(-1.13986927839e-06 -1.14363404628e-07 -3.39028107557e-06)
(-1.12801232028e-06 -3.48675459042e-08 -3.33203311694e-06)
(-4.28261457336e-07 -6.01920518249e-06 -5.85757293804e-05)
(-1.18716474675e-06 -5.87677874644e-06 -5.80869279643e-05)
(-1.95242334514e-06 -5.65967888259e-06 -5.70954079983e-05)
(-2.66266807331e-06 -5.36185208933e-06 -5.56988675452e-05)
(-3.31829447548e-06 -4.99881129004e-06 -5.39780373795e-05)
(-3.90695242614e-06 -4.57979745485e-06 -5.20192514137e-05)
(-4.41757988239e-06 -4.11853860977e-06 -4.99160106821e-05)
(-4.84222570442e-06 -3.63194676241e-06 -4.7775479502e-05)
(-5.18203977955e-06 -3.13538267698e-06 -4.57084002028e-05)
(-5.44580758472e-06 -2.63847628541e-06 -4.38103399344e-05)
(-5.64451161347e-06 -2.14606828681e-06 -4.2155733265e-05)
(-5.78788258875e-06 -1.65926903768e-06 -4.0798172268e-05)
(-5.88424874752e-06 -1.17912518391e-06 -3.97698378098e-05)
(-5.94018113853e-06 -7.035192135e-07 -3.90879417393e-05)
(-5.9696322058e-06 -2.37005675154e-07 -3.87508778694e-05)
(-4.56670214733e-07 -5.99617625926e-06 -5.68879811386e-05)
(-1.25625272223e-06 -5.84889033229e-06 -5.63858138336e-05)
(-2.05300202294e-06 -5.60999508248e-06 -5.5373578883e-05)
(-2.78265208309e-06 -5.28694353579e-06 -5.39669835232e-05)
(-3.44805826376e-06 -4.89664935317e-06 -5.22457898562e-05)
(-4.03659044576e-06 -4.45228750702e-06 -5.02964903353e-05)
(-4.53768540661e-06 -3.97095274533e-06 -4.82147756744e-05)
(-4.94539910455e-06 -3.47127274525e-06 -4.61101074494e-05)
(-5.26383025763e-06 -2.96863510036e-06 -4.40909380326e-05)
(-5.50415933575e-06 -2.47263332359e-06 -4.22467753059e-05)
(-5.67901533747e-06 -1.98903958741e-06 -4.06458450609e-05)
(-5.80001723772e-06 -1.52044173281e-06 -3.93347360948e-05)
(-5.87795013504e-06 -1.06899973447e-06 -3.83410617323e-05)
(-5.92205626463e-06 -6.32038758688e-07 -3.76771709799e-05)
(-5.94646337858e-06 -2.10362141716e-07 -3.73406300554e-05)
(-4.89377656269e-07 -6.18539438396e-06 -5.45766590452e-05)
(-1.3308809866e-06 -6.02799338174e-06 -5.40547881365e-05)
(-2.1651904873e-06 -5.76244900787e-06 -5.30291359994e-05)
(-2.92032518744e-06 -5.40545581014e-06 -5.16221816678e-05)
(-3.60141783898e-06 -4.97687802068e-06 -4.99127838623e-05)
(-4.19505947838e-06 -4.49493074331e-06 -4.79867561205e-05)
(-4.69163836848e-06 -3.98067630085e-06 -4.59421034521e-05)
(-5.08814737553e-06 -3.45499125744e-06 -4.38890833186e-05)
(-5.39220494869e-06 -2.93384443678e-06 -4.19317655624e-05)
(-5.61764292737e-06 -2.42693478312e-06 -4.01522057692e-05)
(-5.77892964853e-06 -1.94006720782e-06 -3.86112365028e-05)
(-5.88925619647e-06 -1.47524379312e-06 -3.73486331417e-05)
(-5.96022523195e-06 -1.03354735349e-06 -3.6389445803e-05)
(-6.00138421311e-06 -6.09320788369e-07 -3.57442433673e-05)
(-6.02610481147e-06 -2.04304540535e-07 -3.54066469236e-05)
(-5.28214391597e-07 -6.5670234131e-06 -5.14936290947e-05)
(-1.41678417774e-06 -6.39711960273e-06 -5.09608040958e-05)
(-2.29859449816e-06 -6.09856121346e-06 -4.9939225662e-05)
(-3.0864627128e-06 -5.69818172165e-06 -4.85571471505e-05)
(-3.7890032491e-06 -5.21960438352e-06 -4.68882559843e-05)
(-4.39184587478e-06 -4.68705613726e-06 -4.50161985631e-05)
(-4.88747505247e-06 -4.12633998072e-06 -4.30392417803e-05)
(-5.27670100679e-06 -3.56117507101e-06 -4.10657028583e-05)
(-5.57104606086e-06 -3.00836545223e-06 -3.91932020354e-05)
(-5.78704635783e-06 -2.47749525004e-06 -3.74955870292e-05)
(-5.9408452558e-06 -1.97369815438e-06 -3.6026388414e-05)
(-6.04658436492e-06 -1.49737939978e-06 -3.48200237406e-05)
(-6.11579729181e-06 -1.0480104194e-06 -3.38987984582e-05)
(-6.15729994741e-06 -6.1738267346e-07 -3.32738311016e-05)
(-6.18334969559e-06 -2.08679479374e-07 -3.29360987049e-05)
(-5.74586153299e-07 -7.08122184586e-06 -4.74173982462e-05)
(-1.51347862539e-06 -6.89665825269e-06 -4.68855731386e-05)
(-2.44830673253e-06 -6.56225635521e-06 -4.5890810145e-05)
(-3.27363114517e-06 -6.11277633549e-06 -4.4565264639e-05)
(-4.00055700929e-06 -5.57711616292e-06 -4.2975678979e-05)
(-4.61422451571e-06 -4.98538655202e-06 -4.12007502174e-05)
(-5.10985519648e-06 -4.36846643951e-06 -3.93359277908e-05)
(-5.49257175073e-06 -3.7530631198e-06 -3.74836973686e-05)
(-5.77772672591e-06 -3.15712541103e-06 -3.57325051512e-05)
(-5.98417061571e-06 -2.59034272486e-06 -3.41472023285e-05)
(-6.12928095237e-06 -2.05725189457e-06 -3.2774400478e-05)
(-6.22790307177e-06 -1.55702441397e-06 -3.16444783043e-05)
(-6.29180220383e-06 -1.08783220556e-06 -3.0777086913e-05)
(-6.32958959885e-06 -6.39537667192e-07 -3.01830291241e-05)
(-6.35385405167e-06 -2.17385565665e-07 -2.98503791124e-05)
(-6.22613588893e-07 -7.62462597267e-06 -4.2081334001e-05)
(-1.60872915278e-06 -7.42445461884e-06 -4.15693564895e-05)
(-2.59575244166e-06 -7.05124551006e-06 -4.06408110397e-05)
(-3.45528979846e-06 -6.55082995031e-06 -3.94222466289e-05)
(-4.20197440282e-06 -5.95556342476e-06 -3.79686234732e-05)
(-4.8208596512e-06 -5.30236580675e-06 -3.63521380043e-05)
(-5.31096548498e-06 -4.62651373666e-06 -3.46611988359e-05)
(-5.68193526864e-06 -3.95761224324e-06 -3.29880655995e-05)
(-5.95256831871e-06 -3.31485396296e-06 -3.14094616606e-05)
(-6.14354195567e-06 -2.70833362711e-06 -2.99809532039e-05)
(-6.2733296244e-06 -2.14228670893e-06 -2.87424869124e-05)
(-6.35780229333e-06 -1.61528686954e-06 -2.77204070501e-05)
(-6.40983797863e-06 -1.1247991513e-06 -2.6931990041e-05)
(-6.43824465316e-06 -6.58884121119e-07 -2.6386242135e-05)
(-6.45721270041e-06 -2.24736735397e-07 -2.60686039969e-05)
(-6.64621101909e-07 -7.99695345964e-06 -3.52578965945e-05)
(-1.67300197565e-06 -7.78044646645e-06 -3.47858389222e-05)
(-2.68854824464e-06 -7.37650253471e-06 -3.39649953208e-05)
(-3.56280877786e-06 -6.83499760044e-06 -3.2912245538e-05)
(-4.31000785454e-06 -6.19313954542e-06 -3.16663505013e-05)
(-4.91705550854e-06 -5.49235117234e-06 -3.02865128697e-05)
(-5.3866399253e-06 -4.7717369821e-06 -2.8848989477e-05)
(-5.7327102647e-06 -4.06284502525e-06 -2.74303668847e-05)
(-5.97673226046e-06 -3.38608331901e-06 -2.60928088303e-05)
(-6.14073174348e-06 -2.75227012532e-06 -2.4882172963e-05)
(-6.24435308044e-06 -2.16555591625e-06 -2.38314130799e-05)
(-6.30483139603e-06 -1.62422417192e-06 -2.29614966035e-05)
(-6.33668860557e-06 -1.12546999186e-06 -2.22870408311e-05)
(-6.34905140762e-06 -6.558826577e-07 -2.18146250625e-05)
(-6.35812085939e-06 -2.24180460398e-07 -2.15262589336e-05)
(-6.74566475341e-07 -7.92900567941e-06 -2.68186474341e-05)
(-1.65373866306e-06 -7.69959574763e-06 -2.64283398901e-05)
(-2.64463695265e-06 -7.28003200463e-06 -2.57735797413e-05)
(-3.48601753666e-06 -6.7242939832e-06 -2.49541772675e-05)
(-4.19268249545e-06 -6.06892544598e-06 -2.39915008671e-05)
(-4.75323415847e-06 -5.35851592528e-06 -2.2931387842e-05)
(-5.17465008084e-06 -4.63271736413e-06 -2.18320068927e-05)
(-5.4738957785e-06 -3.92325353131e-06 -2.07499858433e-05)
(-5.67378723534e-06 -3.2506031e-06 -1.97302740611e-05)
(-5.79690468176e-06 -2.62598581756e-06 -1.88075817306e-05)
(-5.86378902049e-06 -2.05325617483e-06 -1.80064953766e-05)
(-5.89251779643e-06 -1.53033358007e-06 -1.73411615923e-05)
(-5.89839955489e-06 -1.05408182327e-06 -1.68226152255e-05)
(-5.89016984244e-06 -6.10919753658e-07 -1.64542585957e-05)
(-5.88616172462e-06 -2.09448102945e-07 -1.62180777388e-05)
(-5.94174285514e-07 -6.70213302439e-06 -1.69367955092e-05)
(-1.40055922621e-06 -6.49604508226e-06 -1.66620117376e-05)
(-2.22510944963e-06 -6.12061638231e-06 -1.62377998741e-05)
(-2.91973811839e-06 -5.63108408907e-06 -1.57192682495e-05)
(-3.49084676199e-06 -5.05858502023e-06 -1.51165924048e-05)
(-3.93259839169e-06 -4.44284897879e-06 -1.44553763435e-05)
(-4.25306201652e-06 -3.81877562634e-06 -1.37723450715e-05)
(-4.46930241011e-06 -3.21339360102e-06 -1.31011927176e-05)
(-4.60198192891e-06 -2.64421719932e-06 -1.2468575117e-05)
(-4.67143357168e-06 -2.12097072117e-06 -1.18962757875e-05)
(-4.69652049608e-06 -1.64646739956e-06 -1.13991214026e-05)
(-4.69330933555e-06 -1.21860403385e-06 -1.09848829412e-05)
(-4.67549689177e-06 -8.34048687137e-07 -1.06617152218e-05)
(-4.64975832155e-06 -4.80627848549e-07 -1.04302095301e-05)
(-4.63472842154e-06 -1.65914042655e-07 -1.02717557665e-05)
(-3.52006974469e-07 -3.84930993967e-06 -6.5483017442e-06)
(-8.08076419993e-07 -3.70732084713e-06 -6.43246424158e-06)
(-1.27243877341e-06 -3.47381678795e-06 -6.27181790311e-06)
(-1.65770069065e-06 -3.17501897099e-06 -6.07985598211e-06)
(-1.96424620012e-06 -2.83095463656e-06 -5.85740193334e-06)
(-2.1905581989e-06 -2.46564205548e-06 -5.61456588369e-06)
(-2.34414398092e-06 -2.09995891451e-06 -5.36471247095e-06)
(-2.43679882211e-06 -1.74969236199e-06 -5.11973282598e-06)
(-2.48192933131e-06 -1.42483589242e-06 -4.88889067534e-06)
(-2.49268649502e-06 -1.13083004087e-06 -4.68019671421e-06)
(-2.48125895728e-06 -8.68733504156e-07 -4.49875193959e-06)
(-2.45742584642e-06 -6.37011664052e-07 -4.34770061618e-06)
(-2.42968889312e-06 -4.32280040533e-07 -4.23104436578e-06)
(-2.40137080668e-06 -2.48362790365e-07 -4.14503779959e-06)
(-2.38488268679e-06 -8.76336259347e-08 -4.0866348788e-06)
)


// ************************************************************************* //
