/*--------------------------------*- C++ -*----------------------------------*\
| =========                 |                                                 |
| \\      /  F ield         | foam-extend: Open Source CFD                    |
|  \\    /   O peration     | Version:     4.1                                |
|   \\  /    A nd           | Web:         http://www.foam-extend.org         |
|    \\/     M anipulation  |                                                 |
\*---------------------------------------------------------------------------*/
FoamFile
{
    version     2.0;
    format      ascii;
    class       vectorField;
    location    "1";
    object      solidsCellD_iteration16;
}
// * * * * * * * * * * * * * * * * * * * * * * * * * * * * * * * * * * * * * //


1050
(
(2.85069057984e-07 2.30457046592e-06 -5.13777807129e-05)
(7.82969966923e-07 2.24301454968e-06 -5.09428769513e-05)
(1.28028472314e-06 2.14165893815e-06 -5.00820153467e-05)
(1.73924442065e-06 1.9997221948e-06 -4.88707753043e-05)
(2.1631640175e-06 1.82472178384e-06 -4.73787110474e-05)
(2.54346622603e-06 1.6249783932e-06 -4.56778881439e-05)
(2.86973074048e-06 1.41131449609e-06 -4.38473431418e-05)
(3.13432375026e-06 1.19749816176e-06 -4.19806300799e-05)
(3.33922627191e-06 9.95687893817e-07 -4.01779098002e-05)
(3.49443827933e-06 8.12110863056e-07 -3.85278059375e-05)
(3.61219424704e-06 6.47409726023e-07 -3.70966209562e-05)
(3.70259666349e-06 4.97564769531e-07 -3.59294254872e-05)
(3.77123122355e-06 3.56318622854e-07 -3.50524100172e-05)
(3.82034180978e-06 2.15586354505e-07 -3.44757655961e-05)
(3.84372805193e-06 7.22605140334e-08 -3.41901044559e-05)
(3.00394360768e-07 2.54676241024e-06 -5.00338746468e-05)
(8.22348566508e-07 2.47536070784e-06 -4.95981347239e-05)
(1.34442867409e-06 2.35789700083e-06 -4.87205858891e-05)
(1.82143315702e-06 2.19405587358e-06 -4.75009544826e-05)
(2.2585433726e-06 1.99466945445e-06 -4.60066783814e-05)
(2.64640606823e-06 1.77176985196e-06 -4.43103065939e-05)
(2.97530967138e-06 1.53886005706e-06 -4.24919110825e-05)
(3.23995928579e-06 1.31103455862e-06 -4.06480077446e-05)
(3.44552676402e-06 1.09946312241e-06 -3.88788724448e-05)
(3.60438169426e-06 9.08050701493e-07 -3.72685469948e-05)
(3.72964702247e-06 7.34777176603e-07 -3.58767814292e-05)
(3.83083143383e-06 5.73157712338e-07 -3.47431163751e-05)
(3.91130844684e-06 4.15412164902e-07 -3.3889784285e-05)
(3.97109692934e-06 2.53304303351e-07 -3.33252574624e-05)
(4.00089967729e-06 8.6810013406e-08 -3.30404256255e-05)
(3.30250274342e-07 2.96600685468e-06 -4.81597092358e-05)
(8.89899163187e-07 2.89500478089e-06 -4.76966901746e-05)
(1.44835022443e-06 2.7572503242e-06 -4.68077107275e-05)
(1.95621120729e-06 2.56483444338e-06 -4.55851955479e-05)
(2.41714412514e-06 2.33216498614e-06 -4.40964907746e-05)
(2.82122640002e-06 2.07493872121e-06 -4.24132413788e-05)
(3.15970264956e-06 1.80954161491e-06 -4.06188549477e-05)
(3.43049878377e-06 1.5522922964e-06 -3.88118995539e-05)
(3.64219184663e-06 1.31335677653e-06 -3.70896231534e-05)
(3.80891468409e-06 1.09455685377e-06 -3.55291593148e-05)
(3.94362694121e-06 8.91965674993e-07 -3.41830809297e-05)
(4.05463503866e-06 6.98083833089e-07 -3.30856676722e-05)
(4.14350745587e-06 5.0555641039e-07 -3.22559960259e-05)
(4.21035391454e-06 3.06925549131e-07 -3.17031020661e-05)
(4.24299768004e-06 1.0579082305e-07 -3.14169391176e-05)
(3.63534900979e-07 3.60394783204e-06 -4.55559268311e-05)
(9.69169642714e-07 3.51861505566e-06 -4.5092097013e-05)
(1.57977805845e-06 3.35182537748e-06 -4.42076738463e-05)
(2.12869610605e-06 3.11858036229e-06 -4.30073373666e-05)
(2.62263367993e-06 2.8371943971e-06 -4.15518513145e-05)
(3.05034214562e-06 2.52796284207e-06 -3.99111655453e-05)
(3.40494839998e-06 2.21098333355e-06 -3.81701052416e-05)
(3.68786923661e-06 1.90421564978e-06 -3.64265067918e-05)
(3.91062215891e-06 1.6173045618e-06 -3.47723587512e-05)
(4.08836713134e-06 1.35083806657e-06 -3.32771655729e-05)
(4.23350214001e-06 1.1001346028e-06 -3.19868147216e-05)
(4.35337060931e-06 8.57873455743e-07 -3.09312816529e-05)
(4.44832515803e-06 6.1769929112e-07 -3.01271559661e-05)
(4.51911972398e-06 3.72461738843e-07 -2.95833015906e-05)
(4.55458090872e-06 1.28431676816e-07 -2.92914634435e-05)
(4.09503523992e-07 4.37060723067e-06 -4.2067695389e-05)
(1.07355295936e-06 4.27224722123e-06 -4.16011754983e-05)
(1.74618897427e-06 4.07252237326e-06 -4.07377710236e-05)
(2.34526398227e-06 3.79139481466e-06 -3.95833764862e-05)
(2.87858591883e-06 3.4518951482e-06 -3.81915014428e-05)
(3.33406340256e-06 3.0789549006e-06 -3.66283904151e-05)
(3.707190281e-06 2.69664638869e-06 -3.49775819033e-05)
(4.00291482628e-06 2.32480316969e-06 -3.33327927903e-05)
(4.23519193127e-06 1.97345213513e-06 -3.17780372782e-05)
(4.41973122432e-06 1.64339807697e-06 -3.03741194551e-05)
(4.5684856924e-06 1.33069814176e-06 -2.91605201429e-05)
(4.68876678613e-06 1.02944545245e-06 -2.81639087998e-05)
(4.78139235653e-06 7.34741437874e-07 -2.74001204921e-05)
(4.84879811603e-06 4.39609052733e-07 -2.68772018413e-05)
(4.8821103199e-06 1.51503587153e-07 -2.65868376207e-05)
(4.60502824605e-07 5.19663387451e-06 -3.7416025242e-05)
(1.18743617863e-06 5.081790774e-06 -3.69685890824e-05)
(1.92713410274e-06 4.83928538304e-06 -3.6153650291e-05)
(2.57774268127e-06 4.50312703858e-06 -3.5085292778e-05)
(3.14967403566e-06 4.09719148432e-06 -3.38052567884e-05)
(3.63015465118e-06 3.65217656889e-06 -3.23742811516e-05)
(4.01774747346e-06 3.19556831327e-06 -3.08702135025e-05)
(4.32076013789e-06 2.74935078379e-06 -2.93779812236e-05)
(4.5551503439e-06 2.32481480194e-06 -2.79704489968e-05)
(4.73707686615e-06 1.92430609146e-06 -2.6698843677e-05)
(4.87868391251e-06 1.54560848901e-06 -2.55966477542e-05)
(4.98838704909e-06 1.18447598398e-06 -2.46872760182e-05)
(5.06893437669e-06 8.37374460963e-07 -2.39860233589e-05)
(5.12518655274e-06 4.96886993961e-07 -2.35006827829e-05)
(5.15177531378e-06 1.71034091398e-07 -2.32213215594e-05)
(5.11171687573e-07 5.90142789433e-06 -3.13920083118e-05)
(1.28657052877e-06 5.76520841868e-06 -3.09702569093e-05)
(2.07753861929e-06 5.48451621975e-06 -3.02525409351e-05)
(2.76745704407e-06 5.09543349986e-06 -2.93237266429e-05)
(3.36379171979e-06 4.62843585319e-06 -2.82201245501e-05)
(3.85548695824e-06 4.11704042317e-06 -2.69907718773e-05)
(4.24394940546e-06 3.59227738166e-06 -2.57037138308e-05)
(4.54063015117e-06 3.07804872219e-06 -2.44304314957e-05)
(4.76303938558e-06 2.58754028574e-06 -2.32299034442e-05)
(4.92791656678e-06 2.12558474145e-06 -2.21433927009e-05)
(5.04844747514e-06 1.69225430797e-06 -2.11991892676e-05)
(5.13517104096e-06 1.28455766569e-06 -2.04171258941e-05)
(5.19350849498e-06 8.99723556801e-07 -1.98100621882e-05)
(5.23097916925e-06 5.29478093738e-07 -1.93847035428e-05)
(5.24619464544e-06 1.82073255972e-07 -1.91295578229e-05)
(5.34837685868e-07 6.22366199787e-06 -2.38311191017e-05)
(1.31829373604e-06 6.06524265975e-06 -2.3490229832e-05)
(2.12011453017e-06 5.75371826675e-06 -2.29060178418e-05)
(2.8076976912e-06 5.33125525433e-06 -2.21782245882e-05)
(3.39194419292e-06 4.82708211206e-06 -2.13186168646e-05)
(3.86226603773e-06 4.27814036027e-06 -2.03670182729e-05)
(4.22375588751e-06 3.71623170388e-06 -1.9375509085e-05)
(4.49012427285e-06 3.16617632481e-06 -1.83975958162e-05)
(4.67970811908e-06 2.64253370943e-06 -1.74754202396e-05)
(4.8096987265e-06 2.15245682346e-06 -1.66390940788e-05)
(4.89481707746e-06 1.69807311432e-06 -1.59114040521e-05)
(4.94796969078e-06 1.27694179016e-06 -1.53078264376e-05)
(4.97688468646e-06 8.86301537431e-07 -1.48368462262e-05)
(4.99038168743e-06 5.17151184419e-07 -1.45027208902e-05)
(4.99118817222e-06 1.77786126737e-07 -1.42930486164e-05)
(4.88113121831e-07 5.55225307086e-06 -1.48585580603e-05)
(1.16500728278e-06 5.39812020916e-06 -1.46122524864e-05)
(1.85926908389e-06 5.10065276987e-06 -1.42379705627e-05)
(2.45020873658e-06 4.7071094173e-06 -1.37741810491e-05)
(2.93985743701e-06 4.24275502876e-06 -1.32330851632e-05)
(3.32352015589e-06 3.74084869664e-06 -1.26356639916e-05)
(3.60769598564e-06 3.23022776268e-06 -1.20157386739e-05)
(3.806398375e-06 2.73298259622e-06 -1.14059593801e-05)
(3.9365967532e-06 2.26257746556e-06 -1.08308474653e-05)
(4.01424863792e-06 1.82644351457e-06 -1.03085056394e-05)
(4.05396009048e-06 1.42738425766e-06 -9.85419924559e-06)
(4.06895878776e-06 1.06306416989e-06 -9.47749948741e-06)
(4.06723987182e-06 7.31189643033e-07 -9.18195604004e-06)
(4.05728806295e-06 4.23148739512e-07 -8.97078344625e-06)
(4.04458590691e-06 1.45917780878e-07 -8.8320379953e-06)
(2.89063438089e-07 3.25983489816e-06 -5.31746504731e-06)
(6.79882872962e-07 3.14473749991e-06 -5.22034228663e-06)
(1.07538492051e-06 2.95274783152e-06 -5.08211027608e-06)
(1.40527755697e-06 2.70371799245e-06 -4.91634563433e-06)
(1.66895961665e-06 2.41542654901e-06 -4.72328960606e-06)
(1.86488268406e-06 2.10803710562e-06 -4.51161022748e-06)
(1.99926967785e-06 1.79954496853e-06 -4.29368146446e-06)
(2.08233634841e-06 1.50353992185e-06 -4.08092616188e-06)
(2.12543543725e-06 1.22818385569e-06 -3.881136602e-06)
(2.13925481827e-06 9.77835290762e-07 -3.70024892289e-06)
(2.13384505421e-06 7.538728903e-07 -3.54392225393e-06)
(2.11809168872e-06 5.54301827231e-07 -3.41512980684e-06)
(2.09741991116e-06 3.77084602886e-07 -3.31415402328e-06)
(2.07611520681e-06 2.16937652558e-07 -3.24341336945e-06)
(2.06200305381e-06 7.56864426792e-08 -3.1944741607e-06)
(1.77835097444e-07 1.26400281174e-06 -5.15863321183e-05)
(5.00188951448e-07 1.23695890365e-06 -5.11565046618e-05)
(8.18609031203e-07 1.18388695447e-06 -5.02967864361e-05)
(1.11355983446e-06 1.10859039226e-06 -4.90880459809e-05)
(1.38695367852e-06 1.0143117821e-06 -4.75995305698e-05)
(1.63283525509e-06 9.06634809032e-07 -4.59017452242e-05)
(1.84477383822e-06 7.91708397427e-07 -4.40725973344e-05)
(2.01884424645e-06 6.77160345231e-07 -4.22058405241e-05)
(2.15721370222e-06 5.69398393086e-07 -4.0402651791e-05)
(2.2665607233e-06 4.7120231227e-07 -3.87520467717e-05)
(2.35444087911e-06 3.82172412457e-07 -3.73201781409e-05)
(2.42660515523e-06 2.99025083054e-07 -3.615216688e-05)
(2.48483245523e-06 2.17507102799e-07 -3.52744773694e-05)
(2.52982456753e-06 1.32457824685e-07 -3.46991031288e-05)
(2.55906519747e-06 4.5040066797e-08 -3.44135869049e-05)
(1.87439344861e-07 1.40707645637e-06 -5.02286953523e-05)
(5.24237261502e-07 1.37204918434e-06 -4.97913202606e-05)
(8.57272655517e-07 1.3114890169e-06 -4.89136782301e-05)
(1.16326678122e-06 1.22385635985e-06 -4.76936573908e-05)
(1.4446114458e-06 1.11618546763e-06 -4.61985557955e-05)
(1.69490757552e-06 9.96054255464e-07 -4.44997089002e-05)
(1.90832225531e-06 8.71050416495e-07 -4.26769717872e-05)
(2.08245731228e-06 7.49362656404e-07 -4.0827814525e-05)
(2.22122733673e-06 6.36612323493e-07 -3.9053734182e-05)
(2.33244295071e-06 5.34107732853e-07 -3.74392194432e-05)
(2.42395428425e-06 4.39777958297e-07 -3.6044075535e-05)
(2.50105737375e-06 3.48888904078e-07 -3.49079496409e-05)
(2.56401549663e-06 2.56276517448e-07 -3.40528652624e-05)
(2.61298197236e-06 1.57636434214e-07 -3.34887235536e-05)
(2.64308583062e-06 5.43034290958e-08 -3.32036493621e-05)
(2.0384606598e-07 1.67347379302e-06 -4.83851470567e-05)
(5.63498956689e-07 1.63990979685e-06 -4.79207300163e-05)
(9.18483211749e-07 1.56558451098e-06 -4.70316310232e-05)
(1.24191139524e-06 1.4584572357e-06 -4.58075591987e-05)
(1.53617030761e-06 1.32801363977e-06 -4.43158580946e-05)
(1.79452425394e-06 1.18450506102e-06 -4.26270806709e-05)
(2.01214845655e-06 1.03763665815e-06 -4.08248567059e-05)
(2.18867579187e-06 8.96426279115e-07 -3.90092161148e-05)
(2.3298996875e-06 7.65821149908e-07 -3.72789078562e-05)
(2.44444428547e-06 6.45804833767e-07 -3.57116441098e-05)
(2.53989323061e-06 5.33087264498e-07 -3.4360213712e-05)
(2.62081825102e-06 4.22363188321e-07 -3.32589830026e-05)
(2.68626173035e-06 3.08707730774e-07 -3.24265079828e-05)
(2.73718460496e-06 1.88692035902e-07 -3.18721105876e-05)
(2.76597794578e-06 6.43466818186e-08 -3.15841016174e-05)
(2.24781139688e-07 2.09718641048e-06 -4.58080373989e-05)
(6.13224992827e-07 2.05521554627e-06 -4.53412232006e-05)
(9.9967664828e-07 1.95994796604e-06 -4.4456458771e-05)
(1.34802834711e-06 1.82408088819e-06 -4.32533883067e-05)
(1.66178894368e-06 1.65956938636e-06 -4.17934827194e-05)
(1.93364262698e-06 1.4799404766e-06 -4.01455029771e-05)
(2.16004521194e-06 1.29742679858e-06 -3.83948025169e-05)
(2.34274457052e-06 1.12218676925e-06 -3.66408138469e-05)
(2.48920438708e-06 9.58920954516e-07 -3.49769733673e-05)
(2.60856115621e-06 8.06929462395e-07 -3.34732726534e-05)
(2.70805868669e-06 6.62530704088e-07 -3.21758548225e-05)
(2.79184584442e-06 5.20608303232e-07 -3.11150144019e-05)
(2.85829450155e-06 3.76912808067e-07 -3.03073140459e-05)
(2.90946997232e-06 2.28252401006e-07 -2.9761441416e-05)
(2.93687076218e-06 7.70876055679e-08 -2.94676105619e-05)
(2.52750700937e-07 2.61443596559e-06 -4.23241730333e-05)
(6.78655454102e-07 2.56091999003e-06 -4.1855834421e-05)
(1.10395380131e-06 2.44194481123e-06 -4.09926935627e-05)
(1.48323526393e-06 2.27220497097e-06 -3.98354172852e-05)
(1.82079349308e-06 2.0671537244e-06 -3.84390418147e-05)
(2.10894013392e-06 1.84331947792e-06 -3.68683728222e-05)
(2.34568546674e-06 1.61563290441e-06 -3.52075541775e-05)
(2.53486663427e-06 1.39559339709e-06 -3.35517449507e-05)
(2.68531583145e-06 1.18831437443e-06 -3.19861943782e-05)
(2.80645056882e-06 9.93413647513e-07 -3.05721380753e-05)
(2.90535812946e-06 8.07839093853e-07 -2.93493849208e-05)
(2.98644003207e-06 6.27425721593e-07 -2.83451695483e-05)
(3.04852500776e-06 4.48846484647e-07 -2.75759593683e-05)
(3.09548408816e-06 2.69141999682e-07 -2.7049724784e-05)
(3.11851280167e-06 9.02567628376e-08 -2.67567166233e-05)
(2.83585485638e-07 3.16765515383e-06 -3.76552419683e-05)
(7.49412776097e-07 3.10223077361e-06 -3.72065528948e-05)
(1.21623509013e-06 2.95402500822e-06 -3.63927009811e-05)
(1.62693674094e-06 2.74638108023e-06 -3.53215656874e-05)
(1.9876196217e-06 2.49583817244e-06 -3.40369153957e-05)
(2.29009142429e-06 2.22263137489e-06 -3.25979606446e-05)
(2.53429946024e-06 1.94401402971e-06 -3.10832908528e-05)
(2.72600912785e-06 1.67307153601e-06 -2.95790793198e-05)
(2.87520931959e-06 1.41598565637e-06 -2.81592447327e-05)
(2.99165681148e-06 1.17361805579e-06 -2.68755422482e-05)
(3.08282677363e-06 9.44252147553e-07 -2.57619769584e-05)
(3.15416195597e-06 7.24812378057e-07 -2.48425782658e-05)
(3.20578767615e-06 5.12679271274e-07 -2.41335300004e-05)
(3.24365875677e-06 3.04534934206e-07 -2.36426853037e-05)
(3.25960664063e-06 1.0154705578e-07 -2.33593406013e-05)
(3.12791258874e-07 3.62956917745e-06 -3.15751685586e-05)
(8.08654946091e-07 3.55059096896e-06 -3.11491900034e-05)
(1.30527095695e-06 3.37584928504e-06 -3.04311433786e-05)
(1.73800188249e-06 3.13284258756e-06 -2.94992860024e-05)
(2.11126255897e-06 2.84118615249e-06 -2.83906465079e-05)
(2.41793922337e-06 2.52340772602e-06 -2.71531844291e-05)
(2.65974385152e-06 2.19897633663e-06 -2.58555879072e-05)
(2.84426816378e-06 1.8824613901e-06 -2.45702220522e-05)
(2.98245665669e-06 1.581505518e-06 -2.3356814791e-05)
(3.0845816604e-06 1.2987248815e-06 -2.22572929818e-05)
(3.15909390334e-06 1.03396358101e-06 -2.13008089057e-05)
(3.2131147281e-06 7.84932514574e-07 -2.05078386589e-05)
(3.24840812614e-06 5.49398517284e-07 -1.98921310629e-05)
(3.27289085508e-06 3.23245719266e-07 -1.94602965564e-05)
(3.27934381746e-06 1.07159084034e-07 -1.92006072168e-05)
(3.23037351653e-07 3.81658362323e-06 -2.38929407513e-05)
(8.1877866612e-07 3.72202127654e-06 -2.3545752867e-05)
(1.31638681082e-06 3.52833036734e-06 -2.29618310351e-05)
(1.74193818187e-06 3.26427937467e-06 -2.22310464136e-05)
(2.10191670155e-06 2.94974316292e-06 -2.13668886925e-05)
(2.38994466966e-06 2.60870344161e-06 -2.04081879563e-05)
(2.60978678943e-06 2.26129697936e-06 -1.94075595383e-05)
(2.77043708273e-06 1.92278898276e-06 -1.8418997979e-05)
(2.88341360262e-06 1.60191507164e-06 -1.74850825673e-05)
(2.95945704065e-06 1.30279658047e-06 -1.66366062318e-05)
(3.00816451127e-06 1.0264663515e-06 -1.5897375451e-05)
(3.03818479886e-06 7.70882476285e-07 -1.52833885838e-05)
(3.05257705372e-06 5.33931581318e-07 -1.48039302063e-05)
(3.06001460383e-06 3.11092830737e-07 -1.44630207246e-05)
(3.0550432348e-06 1.02473408364e-07 -1.42488576845e-05)
(2.85794694185e-07 3.34623585485e-06 -1.47163570003e-05)
(7.0857863018e-07 3.25159155412e-06 -1.44650581976e-05)
(1.13001124267e-06 3.06863706986e-06 -1.40921960121e-05)
(1.48643943955e-06 2.82618215459e-06 -1.36274257888e-05)
(1.78002473654e-06 2.54080913331e-06 -1.30845273698e-05)
(2.00753858647e-06 2.23398011989e-06 -1.2483608349e-05)
(2.1737959573e-06 1.92342462461e-06 -1.185857578e-05)
(2.28770898324e-06 1.62262640256e-06 -1.12421433399e-05)
(2.35993139992e-06 1.3396395241e-06 -1.0659025936e-05)
(2.40047180838e-06 1.07872752404e-06 -1.012790874e-05)
(2.4187151259e-06 8.41201042625e-07 -9.6648746427e-06)
(2.42316528692e-06 6.24976101681e-07 -9.27975926011e-06)
(2.4169730546e-06 4.28711963325e-07 -8.97697296436e-06)
(2.40852660904e-06 2.47823249783e-07 -8.75976567495e-06)
(2.3943018644e-06 8.09494254041e-08 -8.61753821338e-06)
(1.41304842869e-07 1.70809527598e-06 -4.85400779175e-06)
(3.58357573906e-07 1.64333671892e-06 -4.75978063457e-06)
(5.6538335333e-07 1.53797634294e-06 -4.62716805237e-06)
(7.3647528086e-07 1.40183141713e-06 -4.46775015679e-06)
(8.70997164435e-07 1.24524826484e-06 -4.28186225359e-06)
(9.68344153216e-07 1.07986596208e-06 -4.07732510045e-06)
(1.0322360589e-06 9.15580878901e-07 -3.86582966505e-06)
(1.06864287376e-06 7.59683879146e-07 -3.65825794567e-06)
(1.08411701702e-06 6.164134839e-07 -3.46221743601e-06)
(1.08481402582e-06 4.87819175752e-07 -3.28382199787e-06)
(1.07640294618e-06 3.74161402202e-07 -3.12892012541e-06)
(1.06377640249e-06 2.73745668798e-07 -3.00041912729e-06)
(1.04904235615e-06 1.85473775561e-07 -2.8993312183e-06)
(1.03522234649e-06 1.06375368151e-07 -2.82778040391e-06)
(1.02541277963e-06 3.33143235343e-08 -2.77809485597e-06)
(6.84923155792e-08 2.83600055511e-08 -5.17859250595e-05)
(1.94783475196e-07 2.01020261468e-08 -5.13580102504e-05)
(3.19464282739e-07 1.46072854779e-08 -5.05004226979e-05)
(4.33777970839e-07 3.36239670703e-09 -4.92941990531e-05)
(5.39757085664e-07 -1.29651930681e-08 -4.78080007872e-05)
(6.34729597391e-07 -3.07979271687e-08 -4.61118715205e-05)
(7.15938341402e-07 -4.75482130138e-08 -4.42836077784e-05)
(7.82132450685e-07 -6.00247787143e-08 -4.24171815711e-05)
(8.34964107733e-07 -6.57165533714e-08 -4.06138543813e-05)
(8.77997109497e-07 -6.38129458763e-08 -3.89623865378e-05)
(9.149017478e-07 -5.48746376182e-08 -3.75288171077e-05)
(9.48292712617e-07 -4.13003943077e-08 -3.63585775091e-05)
(9.77378007336e-07 -2.63184778419e-08 -3.54781188066e-05)
(9.998732571e-07 -1.45637350113e-08 -3.49004533855e-05)
(1.01540775855e-06 -5.02181033366e-09 -3.46126836814e-05)
(7.34107456193e-08 1.45887374876e-07 -5.03988233073e-05)
(2.05572209378e-07 1.34622708515e-07 -4.9960372702e-05)
(3.36917058057e-07 1.28209218554e-07 -4.90830409476e-05)
(4.57744592337e-07 1.11803598529e-07 -4.78627038731e-05)
(5.69112133005e-07 9.00396119121e-08 -4.63667914373e-05)
(6.68108663882e-07 6.71430613984e-08 -4.46662866476e-05)
(7.52348271793e-07 4.62702216627e-08 -4.2841568584e-05)
(8.21509273239e-07 3.06884906462e-08 -4.09906555071e-05)
(8.78241996752e-07 2.22116336486e-08 -3.92151202177e-05)
(9.26751192979e-07 2.04913662313e-08 -3.75990541432e-05)
(9.70830509935e-07 2.34327043595e-08 -3.6202116733e-05)
(1.01260420973e-06 2.71350610136e-08 -3.50642176953e-05)
(1.04956273632e-06 2.71835200073e-08 -3.42071232057e-05)
(1.0781426553e-06 1.99581701596e-08 -3.36408959181e-05)
(1.09553579707e-06 7.95055412686e-09 -3.33529992598e-05)
(8.04455630899e-08 3.23659401473e-07 -4.85597020135e-05)
(2.23600576194e-07 3.16687134848e-07 -4.80961045439e-05)
(3.6636734729e-07 3.03488576216e-07 -4.72056382298e-05)
(4.9626529825e-07 2.77509070182e-07 -4.5979341027e-05)
(6.14906142288e-07 2.44410461364e-07 -4.44845159123e-05)
(7.19100846181e-07 2.09653418475e-07 -4.27914501026e-05)
(8.07252502005e-07 1.77405842423e-07 -4.09845097982e-05)
(8.80124947311e-07 1.51120596681e-07 -3.91644787857e-05)
(9.41210817181e-07 1.3190699362e-07 -3.74303469774e-05)
(9.94847558625e-07 1.18337487973e-07 -3.58595815392e-05)
(1.04429060353e-06 1.07311059256e-07 -3.45049950392e-05)
(1.09084152187e-06 9.45460147883e-08 -3.34011952493e-05)
(1.13087329462e-06 7.59351815449e-08 -3.25666509516e-05)
(1.1616443368e-06 4.92851649373e-08 -3.20107585628e-05)
(1.17947572161e-06 1.7491946988e-08 -3.17203744838e-05)
(9.0819421933e-08 5.90726652698e-07 -4.60010960842e-05)
(2.4842576583e-07 5.80887246467e-07 -4.55347568718e-05)
(4.07117259887e-07 5.55969719676e-07 -4.46476816229e-05)
(5.5052444171e-07 5.14623851973e-07 -4.34413826569e-05)
(6.8024341858e-07 4.63149129677e-07 -4.19771245888e-05)
(7.92949810499e-07 4.08677169307e-07 -4.03233377582e-05)
(8.87726425932e-07 3.56500203995e-07 -3.85661300263e-05)
(9.66298230777e-07 3.10409218823e-07 -3.68057411067e-05)
(1.03275194011e-06 2.71115425157e-07 -3.51359483269e-05)
(1.09132659042e-06 2.36647998295e-07 -3.36266437269e-05)
(1.14474681462e-06 2.0368745697e-07 -3.23241700359e-05)
(1.19383557003e-06 1.68299646035e-07 -3.12591737519e-05)
(1.23436693983e-06 1.27232547315e-07 -3.04482633972e-05)
(1.26483731614e-06 7.9214270316e-08 -2.99004166135e-05)
(1.28197153773e-06 2.70508592993e-08 -2.96035888755e-05)
(1.05022051169e-07 9.08015629467e-07 -4.25233140147e-05)
(2.82758741834e-07 8.90370676108e-07 -4.20531357519e-05)
(4.62316913849e-07 8.51818760627e-07 -4.11877782422e-05)
(6.22961132711e-07 7.91625718654e-07 -4.00271479924e-05)
(7.66392593104e-07 7.17721892602e-07 -3.86262499999e-05)
(8.89276761e-07 6.38565949126e-07 -3.70495254826e-05)
(9.9145593192e-07 5.60658006297e-07 -3.53817758921e-05)
(1.07551350779e-06 4.88281041961e-07 -3.37188288593e-05)
(1.14591197373e-06 4.22231109514e-07 -3.2146235151e-05)
(1.20668488466e-06 3.6073227405e-07 -3.0725247962e-05)
(1.26026354575e-06 3.0103475128e-07 -2.94960545026e-05)
(1.30760970254e-06 2.40076027688e-07 -2.8486381097e-05)
(1.34471800796e-06 1.75507014711e-07 -2.77128230648e-05)
(1.37204711775e-06 1.06741914799e-07 -2.71838420362e-05)
(1.38678136001e-06 3.58094173219e-08 -2.68873125271e-05)
(1.20850756219e-07 1.24252255793e-06 -3.78394495269e-05)
(3.20651264635e-07 1.21771103374e-06 -3.738931695e-05)
(5.23187990472e-07 1.16295595436e-06 -3.65745354334e-05)
(7.01806863692e-07 1.08144901283e-06 -3.55005246863e-05)
(8.59124477765e-07 9.82087659182e-07 -3.42115894609e-05)
(9.91530617077e-07 8.7488765627e-07 -3.27666445433e-05)
(1.09972549958e-06 7.67454427701e-07 -3.12449023419e-05)
(1.18696864014e-06 6.64806266081e-07 -2.97330907718e-05)
(1.25799345439e-06 5.68364874967e-07 -2.83054323617e-05)
(1.31677721303e-06 4.77230139075e-07 -2.70138726274e-05)
(1.36597246584e-06 3.89717518129e-07 -2.58929866988e-05)
(1.4073616199e-06 3.03678651202e-07 -2.49674048535e-05)
(1.43771348464e-06 2.17341334497e-07 -2.42535077475e-05)
(1.45964016251e-06 1.30122359836e-07 -2.37596360576e-05)
(1.4707927344e-06 4.31932369102e-08 -2.3472893408e-05)
(1.36071724032e-07 1.52766724325e-06 -3.17230400389e-05)
(3.54517325348e-07 1.49680806809e-06 -3.12956573678e-05)
(5.74528533122e-07 1.42613734349e-06 -3.05763661942e-05)
(7.66676643407e-07 1.32454879437e-06 -2.96419433779e-05)
(9.32828357962e-07 1.2013922161e-06 -2.85293575487e-05)
(1.06974784057e-06 1.06812919581e-06 -2.72864144119e-05)
(1.17888520385e-06 9.33281089598e-07 -2.59822482737e-05)
(1.26409039345e-06 8.02733737326e-07 -2.46895970218e-05)
(1.33032832434e-06 6.78861568065e-07 -2.34684587228e-05)
(1.38175010903e-06 5.61955548169e-07 -2.23611168994e-05)
(1.4217000606e-06 4.51417990103e-07 -2.1397374856e-05)
(1.45322230083e-06 3.45707074718e-07 -2.05981663968e-05)
(1.47398373262e-06 2.4344628769e-07 -1.99774404626e-05)
(1.48872000793e-06 1.43699460393e-07 -1.95422894801e-05)
(1.49495216056e-06 4.7224119635e-08 -1.9278886917e-05)
(1.42710291466e-07 1.66839338048e-06 -2.39767920298e-05)
(3.64312869605e-07 1.6297575978e-06 -2.36269979139e-05)
(5.88275991357e-07 1.54797746974e-06 -2.3042645731e-05)
(7.7993501669e-07 1.43325563747e-06 -2.23098848502e-05)
(9.42101225461e-07 1.29585662704e-06 -2.14428368666e-05)
(1.07215818134e-06 1.14730700664e-06 -2.04799943341e-05)
(1.17219867281e-06 9.96678458247e-07 -1.94742382737e-05)
(1.24661538819e-06 8.50352254878e-07 -1.84797391759e-05)
(1.30053629721e-06 7.11609887297e-07 -1.7539315154e-05)
(1.33842238264e-06 5.81783873925e-07 -1.66842393434e-05)
(1.3644542682e-06 4.61009395069e-07 -1.59388530614e-05)
(1.382686077e-06 3.47912855395e-07 -1.53191883569e-05)
(1.39149267477e-06 2.41440772785e-07 -1.48347753513e-05)
(1.39695909046e-06 1.40835647141e-07 -1.44901791595e-05)
(1.39679439556e-06 4.59342193894e-08 -1.42725374807e-05)
(1.26931793527e-07 1.49050013401e-06 -1.46922635518e-05)
(3.1951716404e-07 1.44919792627e-06 -1.44391032614e-05)
(5.11192128688e-07 1.36955931915e-06 -1.40663661019e-05)
(6.72631080761e-07 1.26212407955e-06 -1.36011328684e-05)
(8.05684188271e-07 1.13520958318e-06 -1.30574472667e-05)
(9.0859237913e-07 9.99169769222e-07 -1.24550491474e-05)
(9.84165320308e-07 8.61786260028e-07 -1.18278689805e-05)
(1.0365359573e-06 7.28873184272e-07 -1.12085567922e-05)
(1.07046516394e-06 6.03723235497e-07 -1.06219726997e-05)
(1.09027006028e-06 4.88013715558e-07 -1.00872297908e-05)
(1.10023113188e-06 3.82114682156e-07 -9.62066322894e-06)
(1.1043685873e-06 2.84582114437e-07 -9.23183683691e-06)
(1.10139441746e-06 1.95422781218e-07 -8.92579487701e-06)
(1.0987877072e-06 1.13188124598e-07 -8.70642246534e-06)
(1.09247339112e-06 3.65063895215e-08 -8.56213866077e-06)
(5.92297502571e-08 7.29003512428e-07 -4.72285558092e-06)
(1.54553732201e-07 7.00671390686e-07 -4.63041082139e-06)
(2.44177579915e-07 6.55651053988e-07 -4.49952189637e-06)
(3.18257689007e-07 5.97042001371e-07 -4.34284363293e-06)
(3.76134948427e-07 5.29701629641e-07 -4.15999438059e-06)
(4.1777335436e-07 4.58954063955e-07 -3.95852722923e-06)
(4.44905388762e-07 3.89019336507e-07 -3.74982894861e-06)
(4.60256175067e-07 3.22915425244e-07 -3.54455685059e-06)
(4.66697834281e-07 2.62353181199e-07 -3.35030860098e-06)
(4.66920321323e-07 2.0809789529e-07 -3.17336038587e-06)
(4.63416163324e-07 1.60086258293e-07 -3.01952701387e-06)
(4.58360700677e-07 1.17279352345e-07 -2.89152366308e-06)
(4.51644903465e-07 7.96177145589e-08 -2.79116458349e-06)
(4.45933014201e-07 4.57492469588e-08 -2.71993974284e-06)
(4.41389000563e-07 1.40158085585e-08 -2.67028711437e-06)
(-3.8088894165e-08 -1.3755131471e-06 -5.19841245846e-05)
(-1.11800046273e-07 -1.35243689139e-06 -5.15556245632e-05)
(-1.84266736685e-07 -1.3086252629e-06 -5.06992516197e-05)
(-2.54660064897e-07 -1.25285933831e-06 -4.94947158533e-05)
(-3.2032686474e-07 -1.18710004768e-06 -4.80101247224e-05)
(-3.8092740294e-07 -1.10972353808e-06 -4.63147458405e-05)
(-4.36292681908e-07 -1.0214262505e-06 -4.44862157463e-05)
(-4.85902466431e-07 -9.23040251469e-07 -4.26189546292e-05)
(-5.28728344367e-07 -8.1553775209e-07 -4.08144919579e-05)
(-5.63540188346e-07 -6.99921546284e-07 -3.91613465537e-05)
(-5.89312430522e-07 -5.77102962474e-07 -3.77254239717e-05)
(-6.05140077264e-07 -4.48989643251e-07 -3.65526405174e-05)
(-6.1216606803e-07 -3.18194069326e-07 -3.56697642394e-05)
(-6.14238878475e-07 -1.89450050963e-07 -3.50898578144e-05)
(-6.16335683618e-07 -6.38854233216e-08 -3.47995530906e-05)
(-4.00373290231e-08 -1.24771045184e-06 -5.05820317799e-05)
(-1.18491972875e-07 -1.22757838193e-06 -5.0144984409e-05)
(-1.92480903407e-07 -1.18000336643e-06 -4.92681898103e-05)
(-2.61389082363e-07 -1.12398571121e-06 -4.80486761166e-05)
(-3.24386923187e-07 -1.05793213661e-06 -4.65532287012e-05)
(-3.81114531153e-07 -9.80601430897e-07 -4.48521660334e-05)
(-4.31180605801e-07 -8.92845399215e-07 -4.30261626775e-05)
(-4.73646783296e-07 -7.95680865998e-07 -4.11738041131e-05)
(-5.07172038717e-07 -6.90595168938e-07 -3.93967748303e-05)
(-5.30447519545e-07 -5.79531359814e-07 -3.77787483617e-05)
(-5.42705195535e-07 -4.6498092829e-07 -3.63792782586e-05)
(-5.43882442745e-07 -3.5068855946e-07 -3.52388165747e-05)
(-5.37281335872e-07 -2.40932043272e-07 -3.43795384733e-05)
(-5.28803699385e-07 -1.39941800521e-07 -3.38116466377e-05)
(-5.2556464711e-07 -4.54027355663e-08 -3.35215181935e-05)
(-4.04742401117e-08 -1.12723002629e-06 -4.87465587085e-05)
(-1.18810824717e-07 -1.1009489655e-06 -4.82830245756e-05)
(-1.90468225998e-07 -1.05276293374e-06 -4.73916798849e-05)
(-2.56379375426e-07 -9.96385365352e-07 -4.61650195026e-05)
(-3.15517673428e-07 -9.30483271941e-07 -4.4669288584e-05)
(-3.67597776553e-07 -8.54119864067e-07 -4.29743069443e-05)
(-4.11754106958e-07 -7.68298255557e-07 -4.11649031286e-05)
(-4.46739050089e-07 -6.74452175393e-07 -3.93424457705e-05)
(-4.71223437522e-07 -5.74819135716e-07 -3.76059980042e-05)
(-4.84409889464e-07 -4.72265682627e-07 -3.60326329752e-05)
(-4.86494828398e-07 -3.70154253237e-07 -3.46751731385e-05)
(-4.78671467311e-07 -2.72512752144e-07 -3.35686959187e-05)
(-4.65806686893e-07 -1.83175897638e-07 -3.27319232312e-05)
(-4.53737613946e-07 -1.04467784483e-07 -3.21742254756e-05)
(-4.49007905015e-07 -3.35626240218e-08 -3.18822656414e-05)
(-3.98634683626e-08 -9.85133543197e-07 -4.61936105522e-05)
(-1.17199484102e-07 -9.58644503695e-07 -4.57264567509e-05)
(-1.85866826722e-07 -9.12284375114e-07 -4.48381210377e-05)
(-2.47435475951e-07 -8.57829294397e-07 -4.36303439673e-05)
(-3.01488560577e-07 -7.94688491474e-07 -4.21640633565e-05)
(-3.47524341688e-07 -7.22079032088e-07 -4.0507334965e-05)
(-3.84538875973e-07 -6.41314163504e-07 -3.87468194676e-05)
(-4.11295448144e-07 -5.54337661917e-07 -3.698330837e-05)
(-4.26862381597e-07 -4.64028217264e-07 -3.5310601362e-05)
(-4.31271543362e-07 -3.73760989712e-07 -3.37982247671e-05)
(-4.25735216254e-07 -2.86979237173e-07 -3.24926048919e-05)
(-4.12331488969e-07 -2.07117028221e-07 -3.14248166216e-05)
(-3.96829206967e-07 -1.36857972417e-07 -3.06116135387e-05)
(-3.84488830268e-07 -7.68835147188e-08 -3.00621192991e-05)
(-3.7962357855e-07 -2.4567709316e-08 -2.97645591144e-05)
(-3.77065790108e-08 -8.39797413403e-07 -4.27174733993e-05)
(-1.10549396278e-07 -8.16818072727e-07 -4.22462263186e-05)
(-1.73650759874e-07 -7.73405768702e-07 -4.13793191861e-05)
(-2.29012721286e-07 -7.22448646932e-07 -4.02169121039e-05)
(-2.76600357191e-07 -6.63605794392e-07 -3.88137492644e-05)
(-3.15690588452e-07 -5.96527442599e-07 -3.72340010892e-05)
(-3.45234265736e-07 -5.22860250207e-07 -3.55629690728e-05)
(-3.64217888395e-07 -4.4500444444e-07 -3.38968720161e-05)
(-3.72310495193e-07 -3.66199911597e-07 -3.23211983289e-05)
(-3.70413881872e-07 -2.89820612443e-07 -3.0896915436e-05)
(-3.60481878892e-07 -2.18773355927e-07 -2.96644126981e-05)
(-3.44867731501e-07 -1.55500656396e-07 -2.86518368119e-05)
(-3.2957550118e-07 -1.01557773052e-07 -2.78757998689e-05)
(-3.18730630743e-07 -5.64386566828e-08 -2.73451102903e-05)
(-3.145691481e-07 -1.79777103182e-08 -2.70480689932e-05)
(-3.42484562353e-08 -6.88295156636e-07 -3.80281463812e-05)
(-1.00189027498e-07 -6.68159183393e-07 -3.75776257955e-05)
(-1.55498340025e-07 -6.2876136486e-07 -3.67616859851e-05)
(-2.02949957684e-07 -5.83056836185e-07 -3.56861815656e-05)
(-2.42585009636e-07 -5.30545128131e-07 -3.43950161645e-05)
(-2.73766822111e-07 -4.71398555213e-07 -3.29471349508e-05)
(-2.95564973863e-07 -4.07468139989e-07 -3.14222048009e-05)
(-3.07410028329e-07 -3.41380401773e-07 -2.99072176523e-05)
(-3.09608099327e-07 -2.76285972837e-07 -2.84762951187e-05)
(-3.03703540296e-07 -2.15047024811e-07 -2.71812343097e-05)
(-2.91881997284e-07 -1.59694486588e-07 -2.60569714875e-05)
(-2.76152844193e-07 -1.11723720576e-07 -2.51285852464e-05)
(-2.624088755e-07 -7.1980777938e-08 -2.44124238572e-05)
(-2.53424428499e-07 -3.95313759999e-08 -2.39171769866e-05)
(-2.49770717589e-07 -1.25344028388e-08 -2.36300923144e-05)
(-2.92468775953e-08 -5.33788662737e-07 -3.18966121032e-05)
(-8.46603699076e-08 -5.14656454237e-07 -3.14680585146e-05)
(-1.30684229882e-07 -4.81432509989e-07 -3.07483132348e-05)
(-1.68794158267e-07 -4.4236881483e-07 -2.98127428459e-05)
(-1.99505700873e-07 -3.98342063248e-07 -2.8698350079e-05)
(-2.22360624268e-07 -3.49244369127e-07 -2.74530121762e-05)
(-2.36619301386e-07 -2.97197359635e-07 -2.6146222048e-05)
(-2.42235325395e-07 -2.44661037387e-07 -2.48508411408e-05)
(-2.40042251598e-07 -1.94361020208e-07 -2.3626760411e-05)
(-2.31895958211e-07 -1.48412078995e-07 -2.25162663099e-05)
(-2.19735040613e-07 -1.08041046724e-07 -2.15495882467e-05)
(-2.04841738667e-07 -7.41243763786e-08 -2.07479649429e-05)
(-1.93010009765e-07 -4.69783331225e-08 -2.01252943611e-05)
(-1.8539626769e-07 -2.56166164954e-08 -1.96890786142e-05)
(-1.81878477682e-07 -8.12703552202e-09 -1.94250886517e-05)
(-2.21721401531e-08 -3.78305777806e-07 -2.41253985735e-05)
(-6.56945780758e-08 -3.61366456539e-07 -2.37750389658e-05)
(-9.88955471799e-08 -3.34109608099e-07 -2.31903440477e-05)
(-1.25758734224e-07 -3.03333814366e-07 -2.24568732238e-05)
(-1.46607775023e-07 -2.68839977231e-07 -2.15885666874e-05)
(-1.60736222332e-07 -2.31345225912e-07 -2.06240853613e-05)
(-1.67929699711e-07 -1.92561307467e-07 -1.96164549571e-05)
(-1.68411156932e-07 -1.54610412293e-07 -1.86198486262e-05)
(-1.63295708115e-07 -1.19457149691e-07 -1.76770235702e-05)
(-1.54359415271e-07 -8.84372664821e-08 -1.68194140043e-05)
(-1.42987344473e-07 -6.22187318521e-08 -1.60716651308e-05)
(-1.29860749107e-07 -4.13968491533e-08 -1.54497181179e-05)
(-1.20590010328e-07 -2.57911185315e-08 -1.496312849e-05)
(-1.14713467458e-07 -1.38840179624e-08 -1.46170416873e-05)
(-1.10929192195e-07 -4.24377005459e-09 -1.43985448737e-05)
(-1.18765118672e-08 -2.02697731672e-07 -1.47983421442e-05)
(-3.51425559998e-08 -1.92365684486e-07 -1.45440454723e-05)
(-5.1351410307e-08 -1.7478163269e-07 -1.41712887884e-05)
(-6.45549553413e-08 -1.55261371463e-07 -1.3705414745e-05)
(-7.36368180191e-08 -1.33882235443e-07 -1.31609399872e-05)
(-7.88401304356e-08 -1.11024324458e-07 -1.25574898224e-05)
(-7.95770552677e-08 -8.82371362161e-08 -1.19290454345e-05)
(-7.63533073263e-08 -6.68693200903e-08 -1.13081777623e-05)
(-7.01175051165e-08 -4.80468200492e-08 -1.07197658989e-05)
(-6.21344579483e-08 -3.23825910276e-08 -1.01831610549e-05)
(-5.31707223966e-08 -2.01372124368e-08 -9.71478505328e-06)
(-4.35392869688e-08 -1.19084065899e-08 -9.323864158e-06)
(-3.82408101679e-08 -6.33050394914e-09 -9.01592299602e-06)
(-3.33506287188e-08 -3.13662187793e-09 -8.7956673848e-06)
(-3.09853096205e-08 -9.13729658358e-10 -8.64837404705e-06)
(4.59011264694e-10 -2.17171876965e-08 -4.75325066484e-06)
(-3.1830134511e-09 -1.98912485123e-08 -4.66074115153e-06)
(-3.13206013977e-09 -1.59505248523e-08 -4.52957159703e-06)
(-2.07085763647e-09 -1.2080331569e-08 -4.37284328215e-06)
(-6.18352112185e-10 -8.10532251852e-09 -4.18986042743e-06)
(1.52499019995e-09 -4.07825522757e-09 -3.98812182434e-06)
(4.29653338388e-09 -3.71561993606e-10 -3.77892073835e-06)
(7.59058110742e-09 2.67436315995e-09 -3.57285332396e-06)
(1.10951905291e-08 4.87455228953e-09 -3.37758752997e-06)
(1.45297167604e-08 6.1711623722e-09 -3.19959042625e-06)
(1.77774925157e-08 6.52981158843e-09 -3.04467560876e-06)
(2.09038288696e-08 5.68278781343e-09 -2.91541328557e-06)
(2.22377680446e-08 4.47757121394e-09 -2.81438383479e-06)
(2.35977629682e-08 2.55235513865e-09 -2.74198449117e-06)
(2.39865972756e-08 8.80979592021e-10 -2.69116075456e-06)
(-1.46405866286e-07 -2.78362859294e-06 -5.21609422368e-05)
(-4.22448304769e-07 -2.7246344496e-06 -5.17288863125e-05)
(-6.94638625691e-07 -2.63194100343e-06 -5.08720831959e-05)
(-9.51970457974e-07 -2.50841383385e-06 -4.96669809666e-05)
(-1.19163639196e-06 -2.35952824594e-06 -4.81815277375e-05)
(-1.40997597822e-06 -2.18603936451e-06 -4.64845392145e-05)
(-1.60358687794e-06 -1.99206233551e-06 -4.465381959e-05)
(-1.77002878058e-06 -1.7825231006e-06 -4.27843272488e-05)
(-1.90889905076e-06 -1.56184117895e-06 -4.09777368635e-05)
(-2.02144711248e-06 -1.33275120865e-06 -3.93221767744e-05)
(-2.10956505746e-06 -1.0965552893e-06 -3.78833804514e-05)
(-2.17450250918e-06 -8.5473364218e-07 -3.67077190836e-05)
(-2.21765480468e-06 -6.09322147478e-07 -3.58223917053e-05)
(-2.24210585297e-06 -3.64279463068e-07 -3.52404760094e-05)
(-2.25582444653e-06 -1.2285674848e-07 -3.49484612641e-05)
(-1.55112512477e-07 -2.64057688151e-06 -5.07683806494e-05)
(-4.4587096573e-07 -2.5867471746e-06 -5.0330001642e-05)
(-7.26618749719e-07 -2.48629028819e-06 -4.94529018125e-05)
(-9.86780002183e-07 -2.3576788743e-06 -4.82333269298e-05)
(-1.22566571502e-06 -2.20356682542e-06 -4.67376413473e-05)
(-1.43943194266e-06 -2.02590121292e-06 -4.50356206226e-05)
(-1.62470361035e-06 -1.82958922287e-06 -4.32083564848e-05)
(-1.77926928844e-06 -1.61992732156e-06 -4.1354873618e-05)
(-1.9031918821e-06 -1.40161899726e-06 -3.95767160993e-05)
(-1.99820772119e-06 -1.17812640464e-06 -3.79570162831e-05)
(-2.06677597747e-06 -9.52393196913e-07 -3.65553599658e-05)
(-2.11124935129e-06 -7.28089209281e-07 -3.54127345902e-05)
(-2.1355623344e-06 -5.09302640529e-07 -3.45514767745e-05)
(-2.14567994545e-06 -3.00028306246e-07 -3.39817959128e-05)
(-2.15157529017e-06 -9.88171239053e-08 -3.36900495419e-05)
(-1.62852955966e-07 -2.58001181531e-06 -4.89277880408e-05)
(-4.6405494244e-07 -2.5185672628e-06 -4.84645356267e-05)
(-7.51182021352e-07 -2.40983445955e-06 -4.75724032296e-05)
(-1.01407589949e-06 -2.27105439668e-06 -4.63461601274e-05)
(-1.25216848017e-06 -2.10601474117e-06 -4.48508271165e-05)
(-1.46150518932e-06 -1.9184318501e-06 -4.31558565055e-05)
(-1.63866702872e-06 -1.71449708051e-06 -4.13464361521e-05)
(-1.78197041691e-06 -1.5005138309e-06 -3.95241384727e-05)
(-1.8923469659e-06 -1.28201134128e-06 -3.77876765569e-05)
(-1.97262724187e-06 -1.06328729204e-06 -3.62135609631e-05)
(-2.02654955411e-06 -8.48075160022e-07 -3.48547757031e-05)
(-2.05796895236e-06 -6.40240543872e-07 -3.37468023975e-05)
(-2.07257976846e-06 -4.4330074766e-07 -3.29084882942e-05)
(-2.07685553771e-06 -2.58942783124e-07 -3.23492506376e-05)
(-2.07964415165e-06 -8.49167198074e-08 -3.20562176602e-05)
(-1.71727442613e-07 -2.56434171796e-06 -4.63721669457e-05)
(-4.84890522627e-07 -2.49920383756e-06 -4.59034689606e-05)
(-7.8158021403e-07 -2.38216816779e-06 -4.50141867488e-05)
(-1.0489620589e-06 -2.23178986158e-06 -4.38061218909e-05)
(-1.28756559947e-06 -2.05381835696e-06 -4.23396762056e-05)
(-1.49299497785e-06 -1.85396475739e-06 -4.0682803446e-05)
(-1.66229273468e-06 -1.64016315168e-06 -3.89225252707e-05)
(-1.7947925201e-06 -1.42006198388e-06 -3.71597048659e-05)
(-1.89280095716e-06 -1.20007533784e-06 -3.54876580254e-05)
(-1.9606615807e-06 -9.84984970663e-07 -3.39753299182e-05)
(-2.00353982856e-06 -7.78471377136e-07 -3.26693321375e-05)
(-2.02648326856e-06 -5.83540895606e-07 -3.1600956743e-05)
(-2.03614444544e-06 -4.02213659985e-07 -3.07869593343e-05)
(-2.03884975346e-06 -2.33978218698e-07 -3.02368289695e-05)
(-2.0398787373e-06 -7.66468542716e-08 -2.99396474583e-05)
(-1.8129982325e-07 -2.5913604638e-06 -4.2892352675e-05)
(-5.05282555637e-07 -2.52496305476e-06 -4.24193761273e-05)
(-8.11499851748e-07 -2.3998994514e-06 -4.15515176622e-05)
(-1.08342091633e-06 -2.23747429839e-06 -4.03886227173e-05)
(-1.32250432165e-06 -2.04555131241e-06 -3.8985233542e-05)
(-1.52396237593e-06 -1.83201461377e-06 -3.74056646425e-05)
(-1.68555087986e-06 -1.60668746725e-06 -3.57354959088e-05)
(-1.80792280237e-06 -1.37860698053e-06 -3.40708564664e-05)
(-1.89494808493e-06 -1.15497829876e-06 -3.24966671286e-05)
(-1.95246969913e-06 -9.40760575928e-07 -3.10733706492e-05)
(-1.98679382628e-06 -7.39111415513e-07 -2.98415893869e-05)
(-2.003612045e-06 -5.51889362799e-07 -2.88295671984e-05)
(-2.01005500647e-06 -3.79688461692e-07 -2.80536819433e-05)
(-2.01206455132e-06 -2.20468780546e-07 -2.75230969239e-05)
(-2.01201244595e-06 -7.21825141053e-08 -2.72272353247e-05)
(-1.89910778275e-07 -2.62332224747e-06 -3.82062570595e-05)
(-5.21948980713e-07 -2.55518446537e-06 -3.77550408229e-05)
(-8.35403067378e-07 -2.42176039591e-06 -3.69383676225e-05)
(-1.10925923469e-06 -2.24843672237e-06 -3.5862548988e-05)
(-1.34612457436e-06 -2.0437259373e-06 -3.45711877211e-05)
(-1.54113208258e-06 -1.81803240468e-06 -3.31236634553e-05)
(-1.69316624499e-06 -1.58270620936e-06 -3.15998651073e-05)
(-1.8044321918e-06 -1.34794719324e-06 -3.00866126882e-05)
(-1.88031916849e-06 -1.12139821759e-06 -2.86574715029e-05)
(-1.92786356585e-06 -9.07868651159e-07 -2.73638484604e-05)
(-1.95403289688e-06 -7.09818986769e-07 -2.62409833845e-05)
(-1.96465026674e-06 -5.28098365686e-07 -2.53140294645e-05)
(-1.96721503538e-06 -3.62401921853e-07 -2.45989700888e-05)
(-1.96723165283e-06 -2.1000043618e-07 -2.41045823991e-05)
(-1.9652146467e-06 -6.86507792713e-08 -2.38187922796e-05)
(-1.94872164571e-07 -2.59897029636e-06 -3.20868171731e-05)
(-5.24403961213e-07 -2.52713981046e-06 -3.16579629195e-05)
(-8.36587660478e-07 -2.38994222263e-06 -3.09379134373e-05)
(-1.10514845974e-06 -2.20997303019e-06 -3.00022728111e-05)
(-1.33287845581e-06 -1.99851734521e-06 -2.88879049435e-05)
(-1.51565140107e-06 -1.76699222277e-06 -2.76431820635e-05)
(-1.65351873119e-06 -1.52813895493e-06 -2.63377277303e-05)
(-1.75029343821e-06 -1.29268875087e-06 -2.50441891617e-05)
(-1.81262212882e-06 -1.06837561679e-06 -2.38219984487e-05)
(-1.84830757568e-06 -8.59705208509e-07 -2.27132274929e-05)
(-1.86452636031e-06 -6.68593057662e-07 -2.17483642057e-05)
(-1.86694532753e-06 -4.95213353032e-07 -2.0948544565e-05)
(-1.86362474901e-06 -3.38588855233e-07 -2.03273551158e-05)
(-1.85931339458e-06 -1.9573834023e-07 -1.98924503624e-05)
(-1.8539159377e-06 -6.38453751072e-08 -1.96296271944e-05)
(-1.87556398146e-07 -2.42869968249e-06 -2.43406869629e-05)
(-4.96581906819e-07 -2.35406160661e-06 -2.39907064449e-05)
(-7.87490423191e-07 -2.21801582834e-06 -2.34057684173e-05)
(-1.03342372217e-06 -2.04169519238e-06 -2.26722352141e-05)
(-1.23768983696e-06 -1.83531516406e-06 -2.18039312503e-05)
(-1.39639961184e-06 -1.61185208829e-06 -2.08399203417e-05)
(-1.51124637777e-06 -1.38381564373e-06 -1.98332682595e-05)
(-1.58712060385e-06 -1.16174660645e-06 -1.88379399386e-05)
(-1.63136987695e-06 -9.52789502693e-07 -1.7896423771e-05)
(-1.65194295392e-06 -7.60939026444e-07 -1.70401611242e-05)
(-1.65579127098e-06 -5.87682683046e-07 -1.62938547326e-05)
(-1.64841380805e-06 -4.32751568419e-07 -1.56729842026e-05)
(-1.63815940573e-06 -2.94571961852e-07 -1.5187101645e-05)
(-1.62856290712e-06 -1.69631466045e-07 -1.48417699715e-05)
(-1.61848996681e-06 -5.48920360603e-08 -1.4624326818e-05)
(-1.51524388246e-07 -1.90120559364e-06 -1.50504191522e-05)
(-3.91472590239e-07 -1.83774041349e-06 -1.47956164984e-05)
(-6.16705635345e-07 -1.72322643973e-06 -1.44216933992e-05)
(-8.0545130739e-07 -1.57682437982e-06 -1.39544149299e-05)
(-9.57538095806e-07 -1.40720740514e-06 -1.34084188024e-05)
(-1.07162147969e-06 -1.22553915137e-06 -1.28036197204e-05)
(-1.14942153141e-06 -1.04264968752e-06 -1.21740410412e-05)
(-1.19608228353e-06 -8.66992698179e-07 -1.155213412e-05)
(-1.21823587289e-06 -7.04073907569e-07 -1.09627356705e-05)
(-1.22268069089e-06 -5.56797849636e-07 -1.04253610539e-05)
(-1.21526345908e-06 -4.26028530775e-07 -9.95629317945e-06)
(-1.20066992669e-06 -3.11403349687e-07 -9.56422556877e-06)
(-1.18650887117e-06 -2.10322689535e-07 -9.2553492526e-06)
(-1.17234064247e-06 -1.20606134939e-07 -9.03508514991e-06)
(-1.16037970776e-06 -3.85942025237e-08 -8.88680289516e-06)
(-6.00710280633e-08 -7.86380494777e-07 -4.99933336287e-06)
(-1.64839756068e-07 -7.53265805719e-07 -4.90483517514e-06)
(-2.56527857704e-07 -6.99712600851e-07 -4.77065176273e-06)
(-3.30328850752e-07 -6.32440528629e-07 -4.6103474924e-06)
(-3.86698925058e-07 -5.56098367368e-07 -4.42313481869e-06)
(-4.25066700738e-07 -4.7620034898e-07 -4.21674158689e-06)
(-4.47312259136e-07 -3.97749030494e-07 -4.00258286467e-06)
(-4.5642583589e-07 -3.24462071582e-07 -3.79137110158e-06)
(-4.55951482874e-07 -2.58449857854e-07 -3.59098740949e-06)
(-4.49205515634e-07 -2.00623212835e-07 -3.40817784288e-06)
(-4.39006253165e-07 -1.50956912028e-07 -3.24873604895e-06)
(-4.27445058294e-07 -1.08910613749e-07 -3.1151820871e-06)
(-4.17482604347e-07 -7.26688300728e-08 -3.01105550055e-06)
(-4.08241524425e-07 -4.16377927256e-08 -2.9361543818e-06)
(-4.01931680468e-07 -1.24229689623e-08 -2.8829169869e-06)
(-2.54802729325e-07 -4.07017693926e-06 -5.23409992284e-05)
(-7.25620359713e-07 -3.97345715006e-06 -5.19044628291e-05)
(-1.1916021473e-06 -3.83244188722e-06 -5.1046237141e-05)
(-1.62958943528e-06 -3.64204468568e-06 -4.98392952522e-05)
(-2.03677971198e-06 -3.41126610945e-06 -4.83515301134e-05)
(-2.40617815226e-06 -3.14376353395e-06 -4.66515381442e-05)
(-2.73066277543e-06 -2.84740786432e-06 -4.48172767607e-05)
(-3.00531556355e-06 -2.53181924313e-06 -4.29441913654e-05)
(-3.23032324417e-06 -2.20541579787e-06 -4.11340963043e-05)
(-3.40999195457e-06 -1.87294475067e-06 -3.94747949084e-05)
(-3.5499358918e-06 -1.53631461627e-06 -3.80318618288e-05)
(-3.6545146017e-06 -1.19630766437e-06 -3.68521038185e-05)
(-3.72681080191e-06 -8.53986124891e-07 -3.59632635926e-05)
(-3.76997336602e-06 -5.11019052333e-07 -3.53785087256e-05)
(-3.79357845142e-06 -1.72647534771e-07 -3.50862030899e-05)
(-2.70147430271e-07 -3.93660190641e-06 -5.09752118911e-05)
(-7.65421780316e-07 -3.84369468125e-06 -5.05345339768e-05)
(-1.24790382209e-06 -3.69062748777e-06 -4.96572363275e-05)
(-1.69407385256e-06 -3.48884083464e-06 -4.84377607826e-05)
(-2.10345838432e-06 -3.24633136174e-06 -4.69421796135e-05)
(-2.46875288869e-06 -2.96886287631e-06 -4.52397949034e-05)
(-2.78299299994e-06 -2.66596452674e-06 -4.34118485728e-05)
(-3.04217481228e-06 -2.34796859133e-06 -4.15575910898e-05)
(-3.24789911162e-06 -2.02329477977e-06 -3.97783267232e-05)
(-3.40570431964e-06 -1.69699885644e-06 -3.81567249698e-05)
(-3.52215320368e-06 -1.37240526199e-06 -3.67524753e-05)
(-3.60290321337e-06 -1.05248596516e-06 -3.56072083075e-05)
(-3.65370524156e-06 -7.40265421543e-07 -3.47437308299e-05)
(-3.68096536378e-06 -4.37871880056e-07 -3.41718466314e-05)
(-3.69669393967e-06 -1.44992466759e-07 -3.38799300937e-05)
(-2.8671206804e-07 -3.96128101988e-06 -4.91175735133e-05)
(-8.04653220556e-07 -3.8614142907e-06 -4.86542406567e-05)
(-1.30454280047e-06 -3.69277808611e-06 -4.77625265048e-05)
(-1.76146867419e-06 -3.47122633459e-06 -4.6538136321e-05)
(-2.17561011072e-06 -3.20669534503e-06 -4.50451561327e-05)
(-2.5391061838e-06 -2.90808957296e-06 -4.33526991719e-05)
(-2.8453300836e-06 -2.58734638711e-06 -4.15459508624e-05)
(-3.0917851405e-06 -2.25637171643e-06 -3.97262759329e-05)
(-3.28199104806e-06 -1.92441427474e-06 -3.79917552687e-05)
(-3.4232277958e-06 -1.59717758399e-06 -3.64183283937e-05)
(-3.52352347358e-06 -1.27858594898e-06 -3.50591787075e-05)
(-3.59008930299e-06 -9.716365144e-07 -3.39503024596e-05)
(-3.63035662498e-06 -6.78548739271e-07 -3.31109725933e-05)
(-3.65107958107e-06 -3.99145050542e-07 -3.25503387727e-05)
(-3.66491666404e-06 -1.31889738792e-07 -3.22578582497e-05)
(-3.06463679709e-07 -4.1026611161e-06 -4.65479195721e-05)
(-8.5061920457e-07 -3.99518468871e-06 -4.6078287117e-05)
(-1.37472298866e-06 -3.80804937847e-06 -4.51893888031e-05)
(-1.84719616177e-06 -3.56169399362e-06 -4.39828592884e-05)
(-2.26987698373e-06 -3.26864750726e-06 -4.2518737485e-05)
(-2.63416144906e-06 -2.94151944676e-06 -4.08649472816e-05)
(-2.93454820477e-06 -2.59536221148e-06 -3.91085078864e-05)
(-3.17069959819e-06 -2.2441437691e-06 -3.73499060408e-05)
(-3.34853246324e-06 -1.89809890004e-06 -3.56816526885e-05)
(-3.47736765391e-06 -1.56328462682e-06 -3.41720815918e-05)
(-3.56677891789e-06 -1.2434192684e-06 -3.28679289568e-05)
(-3.62519055934e-06 -9.40442712925e-07 -3.18006530979e-05)
(-3.66069498343e-06 -6.54899405381e-07 -3.09872298799e-05)
(-3.67942801656e-06 -3.84262142636e-07 -3.04375612519e-05)
(-3.69142523768e-06 -1.27004383967e-07 -3.01424276934e-05)
(-3.29712306201e-07 -4.33083286615e-06 -4.30630129894e-05)
(-9.01666256914e-07 -4.21647426318e-06 -4.25888944235e-05)
(-1.45288787474e-06 -4.01028142497e-06 -4.17211409714e-05)
(-1.94338518736e-06 -3.7365159701e-06 -4.05594753443e-05)
(-2.37627588074e-06 -3.41131441929e-06 -3.91583124069e-05)
(-2.74243854373e-06 -3.05104092133e-06 -3.75822254503e-05)
(-3.03792854587e-06 -2.67409363227e-06 -3.5916755085e-05)
(-3.26494322178e-06 -2.29660639268e-06 -3.42575327679e-05)
(-3.43190556091e-06 -1.92989102868e-06 -3.26886125728e-05)
(-3.55003112271e-06 -1.58029973797e-06 -3.12698604114e-05)
(-3.63009830564e-06 -1.25108467399e-06 -3.0041961091e-05)
(-3.68127550847e-06 -9.43052383798e-07 -2.90330457448e-05)
(-3.71206709119e-06 -6.55331252604e-07 -2.82593344311e-05)
(-3.72840608145e-06 -3.8372349097e-07 -2.77306862129e-05)
(-3.73779892667e-06 -1.26788030176e-07 -2.74378343897e-05)
(-3.52752134291e-07 -4.57844265314e-06 -3.83891928673e-05)
(-9.50306919943e-07 -4.45704126545e-06 -3.79380005039e-05)
(-1.52749385222e-06 -4.22956189548e-06 -3.71209033546e-05)
(-2.03321585267e-06 -3.92825807334e-06 -3.60461624826e-05)
(-2.47293133166e-06 -3.57051898921e-06 -3.47567888305e-05)
(-2.83734933185e-06 -3.17708011973e-06 -3.33127669884e-05)
(-3.12477952568e-06 -2.76910583533e-06 -3.17939243084e-05)
(-3.34016881705e-06 -2.36467495199e-06 -3.02865622046e-05)
(-3.49427086798e-06 -1.97597077137e-06 -2.88634159452e-05)
(-3.59979757982e-06 -1.6095835339e-06 -2.75753975058e-05)
(-3.66834258632e-06 -1.26833841928e-06 -2.64577832058e-05)
(-3.70953797264e-06 -9.52182196304e-07 -2.55355120896e-05)
(-3.73256973763e-06 -6.59452655243e-07 -2.48241669849e-05)
(-3.74358721698e-06 -3.84989798481e-07 -2.43327580172e-05)
(-3.74891796195e-06 -1.27024787528e-07 -2.40503345152e-05)
(-3.71271286277e-07 -4.72362197265e-06 -3.23041051333e-05)
(-9.78099794581e-07 -4.59361486378e-06 -3.18755015257e-05)
(-1.56664084515e-06 -4.35146880161e-06 -3.11555811542e-05)
(-2.07562476075e-06 -4.02892051209e-06 -3.02209767356e-05)
(-2.51014688472e-06 -3.64754713442e-06 -2.91085126452e-05)
(-2.86229544767e-06 -3.2303915792e-06 -2.78671979528e-05)
(-3.13263676886e-06 -2.80108293775e-06 -2.65665967238e-05)
(-3.32885992497e-06 -2.37885344807e-06 -2.52788945424e-05)
(-3.46361365604e-06 -1.97647607116e-06 -2.40628375709e-05)
(-3.55062784395e-06 -1.60080103648e-06 -2.29601039832e-05)
(-3.60203365998e-06 -1.25448071497e-06 -2.20011206998e-05)
(-3.62789833821e-06 -9.36868138474e-07 -2.1206732639e-05)
(-3.63854287131e-06 -6.45755972546e-07 -2.05901754252e-05)
(-3.64015874434e-06 -3.75367431335e-07 -2.01590013453e-05)
(-3.63911361768e-06 -1.23506799516e-07 -1.98996041514e-05)
(-3.6873559379e-07 -4.59344373269e-06 -2.46228767722e-05)
(-9.52533882881e-07 -4.45553316171e-06 -2.42743656736e-05)
(-1.5182975884e-06 -4.20784290282e-06 -2.36890429035e-05)
(-1.99947490045e-06 -3.88177933005e-06 -2.29561536829e-05)
(-2.40247924376e-06 -3.49784564545e-06 -2.20890575848e-05)
(-2.72011706973e-06 -3.08148849004e-06 -2.11275099963e-05)
(-2.95579956426e-06 -2.65635304982e-06 -2.01244930487e-05)
(-3.11913619459e-06 -2.24165772452e-06 -1.91336302925e-05)
(-3.2238064522e-06 -1.84986309725e-06 -1.81969736733e-05)
(-3.28382424856e-06 -1.48778710205e-06 -1.73457337578e-05)
(-3.31152082989e-06 -1.15792571877e-06 -1.66043659206e-05)
(-3.31737252732e-06 -8.59101838178e-07 -1.59879408244e-05)
(-3.31236544811e-06 -5.88592653717e-07 -1.55058869148e-05)
(-3.30193352487e-06 -3.40299793021e-07 -1.51635838325e-05)
(-3.2924675904e-06 -1.11377426965e-07 -1.49489378335e-05)
(-3.12838544277e-07 -3.77535375042e-06 -1.543822184e-05)
(-7.85447277021e-07 -3.65326864021e-06 -1.51832400281e-05)
(-1.2439973982e-06 -3.43596538391e-06 -1.48078309218e-05)
(-1.63067480049e-06 -3.15446215742e-06 -1.43387669395e-05)
(-1.94622512962e-06 -2.82617476378e-06 -1.37910909603e-05)
(-2.18759459307e-06 -2.47346549645e-06 -1.31851995837e-05)
(-2.35873489988e-06 -2.11699252584e-06 -1.25551926103e-05)
(-2.46953415658e-06 -1.77274957245e-06 -1.19334122492e-05)
(-2.53241070544e-06 -1.45094951518e-06 -1.13445826023e-05)
(-2.5596902155e-06 -1.15715376427e-06 -1.08081641386e-05)
(-2.56238558776e-06 -8.93130948109e-07 -1.03401052288e-05)
(-2.54987806758e-06 -6.57564426952e-07 -9.94876173671e-06)
(-2.53212944722e-06 -4.47220227247e-07 -9.64064132158e-06)
(-2.51134327705e-06 -2.57191647988e-07 -9.42101520767e-06)
(-2.4962596414e-06 -8.34341927287e-08 -9.27378707532e-06)
(-1.48975092281e-07 -1.81871960796e-06 -5.42143015629e-06)
(-3.83063498551e-07 -1.74483236095e-06 -5.32275553503e-06)
(-6.00386051743e-07 -1.62833624109e-06 -5.18389608277e-06)
(-7.78480405004e-07 -1.48005008862e-06 -5.01757232824e-06)
(-9.17422067485e-07 -1.31042091128e-06 -4.82339592505e-06)
(-1.01622518591e-06 -1.13155458794e-06 -4.60951831936e-06)
(-1.07878451066e-06 -9.54271352172e-07 -4.38764849363e-06)
(-1.11143382667e-06 -7.86664362855e-07 -4.16876928557e-06)
(-1.12149858995e-06 -6.33522467506e-07 -3.96104105037e-06)
(-1.11593293822e-06 -4.97209698257e-07 -3.77143747052e-06)
(-1.10100112982e-06 -3.78002727503e-07 -3.60573988238e-06)
(-1.08168327217e-06 -2.74637673514e-07 -3.46658752435e-06)
(-1.06271012494e-06 -1.84547877788e-07 -3.35807320627e-06)
(-1.04459482299e-06 -1.05517253251e-07 -3.27953419732e-06)
(-1.03378826252e-06 -3.24131212073e-08 -3.22485357291e-06)
(-3.63643040717e-07 -5.10010452628e-06 -5.25034805153e-05)
(-1.01170944355e-06 -4.9704802579e-06 -5.20640045536e-05)
(-1.6581621684e-06 -4.78130830768e-06 -5.12028141472e-05)
(-2.26234558456e-06 -4.52512657167e-06 -4.99923930782e-05)
(-2.82223214115e-06 -4.21397126977e-06 -4.85004116044e-05)
(-3.32749733362e-06 -3.85491187313e-06 -4.67958300459e-05)
(-3.76617663685e-06 -3.46016920073e-06 -4.49569859218e-05)
(-4.12962220733e-06 -3.04547654639e-06 -4.30796251512e-05)
(-4.41854519582e-06 -2.62491219403e-06 -4.12652284559e-05)
(-4.64136515716e-06 -2.20659597951e-06 -3.96010656205e-05)
(-4.80853205214e-06 -1.79406751001e-06 -3.8152622264e-05)
(-4.92894331863e-06 -1.38779286735e-06 -3.69671057162e-05)
(-5.00992437202e-06 -9.87192977384e-07 -3.60727827379e-05)
(-5.05742782678e-06 -5.90067972587e-07 -3.54827874251e-05)
(-5.08142620857e-06 -1.98446916564e-07 -3.51909218859e-05)
(-3.85988927723e-07 -5.07323028608e-06 -5.11555662079e-05)
(-1.06857291766e-06 -4.94108327435e-06 -5.07133545462e-05)
(-1.74180450676e-06 -4.73407180502e-06 -4.98348440513e-05)
(-2.36213422953e-06 -4.4569325559e-06 -4.86148517203e-05)
(-2.93029842445e-06 -4.12322191312e-06 -4.71190859486e-05)
(-3.43538598514e-06 -3.74343003049e-06 -4.5417017585e-05)
(-3.86575746195e-06 -3.33275878727e-06 -4.3590217865e-05)
(-4.21468607742e-06 -2.90837286309e-06 -4.17375868476e-05)
(-4.48563384342e-06 -2.4841241019e-06 -3.99592729814e-05)
(-4.68919839197e-06 -2.06777243865e-06 -3.83372000148e-05)
(-4.83721691527e-06 -1.66348379485e-06 -3.69312717188e-05)
(-4.9400012101e-06 -1.27281730773e-06 -3.5783259796e-05)
(-5.00668725806e-06 -8.96251209662e-07 -3.49165524899e-05)
(-5.04535926271e-06 -5.31224765738e-07 -3.43411990127e-05)
(-5.06627467682e-06 -1.76680089999e-07 -3.40496930501e-05)
(-4.13889723893e-07 -5.24442209584e-06 -4.92620269445e-05)
(-1.1336781621e-06 -5.10695062823e-06 -4.8799073423e-05)
(-1.83952688734e-06 -4.8781051321e-06 -4.79070193415e-05)
(-2.48322861178e-06 -4.57262038686e-06 -4.66837879478e-05)
(-3.06664768326e-06 -4.20652427215e-06 -4.51929041221e-05)
(-3.57772383995e-06 -3.79462768169e-06 -4.35040234086e-05)
(-4.00553647902e-06 -3.35562734968e-06 -4.17023795839e-05)
(-4.3461375603e-06 -2.90864226741e-06 -3.98884169284e-05)
(-4.60623259359e-06 -2.46793054198e-06 -3.81586500121e-05)
(-4.79879308622e-06 -2.04119078633e-06 -3.65882285389e-05)
(-4.93709795351e-06 -1.63252165872e-06 -3.52304500212e-05)
(-5.0326129686e-06 -1.24305393009e-06 -3.4121121667e-05)
(-5.09498254095e-06 -8.72299328286e-07 -3.32808245894e-05)
(-5.13241160311e-06 -5.15753816322e-07 -3.27182474967e-05)
(-5.15485216057e-06 -1.72903981266e-07 -3.24257559885e-05)
(-4.47087805791e-07 -5.59759222364e-06 -4.66639853371e-05)
(-1.21014484477e-06 -5.45000265529e-06 -4.61948346566e-05)
(-1.95959370567e-06 -5.1935579594e-06 -4.53054332874e-05)
(-2.63465760087e-06 -4.85114877466e-06 -4.41001464181e-05)
(-3.23960702957e-06 -4.4418140227e-06 -4.26384228117e-05)
(-3.76122730317e-06 -3.98553615023e-06 -4.0989171881e-05)
(-4.19048154913e-06 -3.50536048426e-06 -3.92393647256e-05)
(-4.52701543101e-06 -3.02288438563e-06 -3.74883620969e-05)
(-4.78110131267e-06 -2.55301735676e-06 -3.58270290743e-05)
(-4.96808655921e-06 -2.10327239686e-06 -3.43229993801e-05)
(-5.10251137563e-06 -1.67712585383e-06 -3.30229934397e-05)
(-5.19644183822e-06 -1.27449440068e-06 -3.19579542273e-05)
(-5.25928005919e-06 -8.93573653573e-07 -3.11462855252e-05)
(-5.2980810469e-06 -5.27917785917e-07 -3.05970678867e-05)
(-5.32239724248e-06 -1.78417262863e-07 -3.030345049e-05)
(-4.87960010991e-07 -6.07730997225e-06 -4.31708117202e-05)
(-1.29911866803e-06 -5.91788221339e-06 -4.26968924848e-05)
(-2.09833934135e-06 -5.63215916379e-06 -4.1828097209e-05)
(-2.81019708934e-06 -5.24771050177e-06 -4.06675754066e-05)
(-3.4403691815e-06 -4.78848933235e-06 -3.92689287558e-05)
(-3.97495892057e-06 -4.27960059812e-06 -3.76979776352e-05)
(-4.40746661977e-06 -3.74873473679e-06 -3.60401140929e-05)
(-4.7415237185e-06 -3.22013007917e-06 -3.43897684178e-05)
(-4.99086305816e-06 -2.70969885561e-06 -3.28294321436e-05)
(-5.17280344132e-06 -2.22510352889e-06 -3.14183976813e-05)
(-5.30268398667e-06 -1.76935161107e-06 -3.01972516417e-05)
(-5.39291194012e-06 -1.34149693918e-06 -2.91933952454e-05)
(-5.45301553272e-06 -9.38944778902e-07 -2.84237514356e-05)
(-5.48963849681e-06 -5.53726567562e-07 -2.7897784295e-05)
(-5.51277289344e-06 -1.88182411076e-07 -2.76073766579e-05)
(-5.30363289997e-07 -6.59725776565e-06 -3.85177971359e-05)
(-1.38969683931e-06 -6.42562511754e-06 -3.80679182684e-05)
(-2.24059391363e-06 -6.10495138398e-06 -3.72488947173e-05)
(-2.98749801083e-06 -5.6756739413e-06 -3.61752485303e-05)
(-3.63970010502e-06 -5.16321674878e-06 -3.48883736654e-05)
(-4.18310482461e-06 -4.59878768513e-06 -3.34496956737e-05)
(-4.61477368495e-06 -4.01391066366e-06 -3.19388130215e-05)
(-4.94245543879e-06 -3.43524936534e-06 -3.04409068573e-05)
(-5.18292421046e-06 -2.87978557178e-06 -2.90273598035e-05)
(-5.35492804926e-06 -2.35574531993e-06 -2.77486253695e-05)
(-5.47438507292e-06 -1.86606947127e-06 -2.66397851716e-05)
(-5.55432300142e-06 -1.40945123547e-06 -2.57249746193e-05)
(-5.60537589014e-06 -9.83079958767e-07 -2.50195886517e-05)
(-5.63461197492e-06 -5.77779009261e-07 -2.45324292484e-05)
(-5.65352313363e-06 -1.97003629047e-07 -2.42532968646e-05)
(-5.69874750472e-07 -6.98348700577e-06 -3.249012732e-05)
(-1.45708998475e-06 -6.79766872816e-06 -3.20641983861e-05)
(-2.34062052073e-06 -6.44985835407e-06 -3.1342578341e-05)
(-3.10787831971e-06 -5.98218010516e-06 -3.0409098243e-05)
(-3.76653354001e-06 -5.42614324953e-06 -2.92992010973e-05)
(-4.3046490767e-06 -4.81646179913e-06 -2.80632106894e-05)
(-4.72279994828e-06 -4.18818260469e-06 -2.67704643748e-05)
(-5.03270784508e-06 -3.56958033862e-06 -2.54922320821e-05)
(-5.25351086282e-06 -2.97866538014e-06 -2.42862482032e-05)
(-5.40491212101e-06 -2.42464044996e-06 -2.31937922666e-05)
(-5.50356607189e-06 -1.91081741785e-06 -2.22448156484e-05)
(-5.5636653781e-06 -1.43569402727e-06 -2.14593655216e-05)
(-5.59769853351e-06 -9.96374346525e-07 -2.08502662809e-05)
(-5.61331613175e-06 -5.82633711781e-07 -2.0424812173e-05)
(-5.62403597133e-06 -1.9900280333e-07 -2.01699455707e-05)
(-5.8199076571e-07 -6.99744602278e-06 -2.4927496753e-05)
(-1.45485935706e-06 -6.79790703469e-06 -2.45826776542e-05)
(-2.32730956113e-06 -6.43388809834e-06 -2.39953743134e-05)
(-3.07331361913e-06 -5.95056481736e-06 -2.32634476355e-05)
(-3.70297652371e-06 -5.37816526872e-06 -2.23984279688e-05)
(-4.20544587055e-06 -4.75500867587e-06 -2.14413367097e-05)
(-4.58553894916e-06 -4.11648171815e-06 -2.04449523782e-05)
(-4.85776115497e-06 -3.49105226159e-06 -1.94622897874e-05)
(-5.04240337025e-06 -2.89683008502e-06 -1.85348295918e-05)
(-5.15942930639e-06 -2.34378945878e-06 -1.76934557056e-05)
(-5.22632393354e-06 -1.83561751796e-06 -1.69617578323e-05)
(-5.25850559445e-06 -1.37051434888e-06 -1.63541446352e-05)
(-5.26961914404e-06 -9.45284523817e-07 -1.58799551967e-05)
(-5.26689305822e-06 -5.49596935512e-07 -1.55438152655e-05)
(-5.26616599485e-06 -1.88161028675e-07 -1.53331866401e-05)
(-5.18788602997e-07 -6.00316192123e-06 -1.59390194749e-05)
(-1.24912263918e-06 -5.82228254531e-06 -1.56873217725e-05)
(-1.98594315511e-06 -5.49133850167e-06 -1.530920615e-05)
(-2.61173836211e-06 -5.05922957287e-06 -1.48391543285e-05)
(-3.12817199701e-06 -4.55213069836e-06 -1.42910388407e-05)
(-3.53034556995e-06 -4.00436177569e-06 -1.36862997145e-05)
(-3.82428585988e-06 -3.44747516467e-06 -1.30591083087e-05)
(-4.02491293174e-06 -2.90587578999e-06 -1.24415975717e-05)
(-4.15067702613e-06 -2.39513094263e-06 -1.18583552257e-05)
(-4.21949457348e-06 -1.92411447236e-06 -1.13285762687e-05)
(-4.24778616509e-06 -1.4959400005e-06 -1.08672036484e-05)
(-4.24984858851e-06 -1.1088474336e-06 -1.04822951393e-05)
(-4.23815810551e-06 -7.5970720887e-07 -1.01804660847e-05)
(-4.21801338165e-06 -4.39193812905e-07 -9.96535651923e-06)
(-4.20668859428e-06 -1.51322482246e-07 -9.82151290211e-06)
(-3.14020003975e-07 -3.52799443505e-06 -6.21004117419e-06)
(-7.38125770643e-07 -3.3994909237e-06 -6.10634553488e-06)
(-1.16407265759e-06 -3.18972234539e-06 -5.95961907975e-06)
(-1.51915721593e-06 -2.91977186177e-06 -5.78461431059e-06)
(-1.80305909499e-06 -2.60788305863e-06 -5.58054679661e-06)
(-2.01407386471e-06 -2.27525954916e-06 -5.35653189164e-06)
(-2.15857515173e-06 -1.94114797914e-06 -5.12492008131e-06)
(-2.24716927858e-06 -1.62020779164e-06 -4.89720903463e-06)
(-2.29198292288e-06 -1.32154365192e-06 -4.68197482573e-06)
(-2.30472442706e-06 -1.05027068958e-06 -4.48628266653e-06)
(-2.29648613196e-06 -8.07840402782e-07 -4.31557061565e-06)
(-2.27625710017e-06 -5.9296310499e-07 -4.17278998917e-06)
(-2.25198000959e-06 -4.02683513894e-07 -4.0620686291e-06)
(-2.22675182051e-06 -2.31840834012e-07 -3.98130344299e-06)
(-2.21252077639e-06 -8.13338710775e-08 -3.92671173476e-06)
)


// ************************************************************************* //
