/*--------------------------------*- C++ -*----------------------------------*\
| =========                 |                                                 |
| \\      /  F ield         | foam-extend: Open Source CFD                    |
|  \\    /   O peration     | Version:     4.1                                |
|   \\  /    A nd           | Web:         http://www.foam-extend.org         |
|    \\/     M anipulation  |                                                 |
\*---------------------------------------------------------------------------*/
FoamFile
{
    version     2.0;
    format      ascii;
    class       vectorField;
    location    "1";
    object      solidsCellD_iteration15;
}
// * * * * * * * * * * * * * * * * * * * * * * * * * * * * * * * * * * * * * //


1050
(
(2.63641633347e-07 2.03790296533e-06 -4.92588915979e-05)
(7.24398354457e-07 1.98041783204e-06 -4.88397036633e-05)
(1.18187056629e-06 1.88700463873e-06 -4.80221666017e-05)
(1.60528613767e-06 1.75678383122e-06 -4.68739241003e-05)
(1.99709444908e-06 1.59644690808e-06 -4.54600643422e-05)
(2.34911936525e-06 1.41373190978e-06 -4.38462232582e-05)
(2.65067838157e-06 1.21905840094e-06 -4.21059374198e-05)
(2.8940285165e-06 1.0257945437e-06 -4.03288998678e-05)
(3.08108662408e-06 8.45630511636e-07 -3.86121384876e-05)
(3.22170650775e-06 6.84390666345e-07 -3.70412423533e-05)
(3.32789982627e-06 5.42487559407e-07 -3.56796592417e-05)
(3.40947190991e-06 4.15822382771e-07 -3.45701625738e-05)
(3.47176302306e-06 2.97899264663e-07 -3.37374973767e-05)
(3.51675446888e-06 1.80624086888e-07 -3.31908717738e-05)
(3.53804659607e-06 6.04527301012e-08 -3.29207975679e-05)
(2.77136118367e-07 2.27572937449e-06 -4.80206935007e-05)
(7.6022142799e-07 2.20927086505e-06 -4.760818779e-05)
(1.24162329736e-06 2.10071287634e-06 -4.67744554215e-05)
(1.68230424222e-06 1.94983142181e-06 -4.56183511016e-05)
(2.08684895177e-06 1.7665158564e-06 -4.42016737277e-05)
(2.44633554884e-06 1.56201775626e-06 -4.25903203211e-05)
(2.75082129696e-06 1.34931615992e-06 -4.08591376447e-05)
(2.99487552668e-06 1.1430332975e-06 -3.91012786823e-05)
(3.18349265019e-06 9.53833139905e-07 -3.74142171668e-05)
(3.32878649448e-06 7.85165667895e-07 -3.58792915327e-05)
(3.44357413632e-06 6.34719967871e-07 -3.45536481145e-05)
(3.53698070566e-06 4.95899620788e-07 -3.3474802965e-05)
(3.61206360924e-06 3.60659773682e-07 -3.26638565802e-05)
(3.66843574243e-06 2.20873605112e-07 -3.21284494955e-05)
(3.69652894284e-06 7.59066951855e-08 -3.18602152882e-05)
(3.05395221364e-07 2.68526067312e-06 -4.62885892548e-05)
(8.24748082319e-07 2.6205823159e-06 -4.58416354427e-05)
(1.3410612322e-06 2.49318525978e-06 -4.49978553472e-05)
(1.81191143236e-06 2.31543940955e-06 -4.3837970791e-05)
(2.23996471585e-06 2.10069295232e-06 -4.24246189554e-05)
(2.61575892395e-06 1.86362311814e-06 -4.0823135514e-05)
(2.93028087767e-06 1.61993223924e-06 -3.91122591993e-05)
(3.1812524735e-06 1.38539877403e-06 -3.7387396654e-05)
(3.3769512494e-06 1.16968641556e-06 -3.57431390262e-05)
(3.53115095445e-06 9.74152161366e-07 -3.42542047603e-05)
(3.65642287925e-06 7.94568389464e-07 -3.29707881259e-05)
(3.76061866549e-06 6.23360710959e-07 -3.19253931343e-05)
(3.84493590629e-06 4.52896581199e-07 -3.11360640352e-05)
(3.90896458813e-06 2.75959630804e-07 -3.06105471761e-05)
(3.94030599626e-06 9.53400963847e-08 -3.034014077e-05)
(3.36893241817e-07 3.30755207545e-06 -4.38427802928e-05)
(9.01057276711e-07 3.2291167438e-06 -4.34016486013e-05)
(1.46821488488e-06 3.07466701787e-06 -4.25625704346e-05)
(1.97952244998e-06 2.85829612441e-06 -4.14231293863e-05)
(2.44038832916e-06 2.59718908471e-06 -4.00392094863e-05)
(2.84001243642e-06 2.3103785771e-06 -3.84752866738e-05)
(3.17122141001e-06 2.01713530471e-06 -3.68122014973e-05)
(3.43513349716e-06 1.73478453089e-06 -3.51449701507e-05)
(3.64284385516e-06 1.47246080259e-06 -3.35632363175e-05)
(3.80906607708e-06 1.23027626817e-06 -3.21344658114e-05)
(3.94573876178e-06 1.00322346556e-06 -3.0902381529e-05)
(4.05969751305e-06 7.83962708311e-07 -2.9895351126e-05)
(4.15086846165e-06 5.65878592461e-07 -2.91291993732e-05)
(4.21938091636e-06 3.42176271012e-07 -2.8611466254e-05)
(4.25374083716e-06 1.18156917647e-07 -2.83348986032e-05)
(3.80913034827e-07 4.05564105085e-06 -4.05527209256e-05)
(1.00278289654e-06 3.96492552114e-06 -4.01058944853e-05)
(1.63074546795e-06 3.77977495987e-06 -3.9284794504e-05)
(2.19170778241e-06 3.51806490209e-06 -3.81867685421e-05)
(2.69192730263e-06 3.20149135821e-06 -3.68604461531e-05)
(3.11973418975e-06 2.85352578168e-06 -3.53673991272e-05)
(3.47027502414e-06 2.49725441281e-06 -3.37877679694e-05)
(3.74807822138e-06 2.151776398e-06 -3.22126925442e-05)
(3.96655867257e-06 1.82659641462e-06 -3.07240414396e-05)
(4.14090247556e-06 1.52204650057e-06 -2.93808258501e-05)
(4.28251284481e-06 1.2338066982e-06 -2.82204981195e-05)
(4.39809638862e-06 9.5597456462e-07 -2.72681042106e-05)
(4.48797404504e-06 6.83477034343e-07 -2.65390321167e-05)
(4.55387844739e-06 4.09841563535e-07 -2.60405392971e-05)
(4.58638961682e-06 1.41350461352e-07 -2.57651663796e-05)
(4.29970078798e-07 4.86501017623e-06 -3.61338851217e-05)
(1.1147121528e-06 4.75905331572e-06 -3.57076472779e-05)
(1.80895587632e-06 4.53264313643e-06 -3.49304012166e-05)
(2.42137108417e-06 4.21832072061e-06 -3.391235224e-05)
(2.96059047269e-06 3.837952417e-06 -3.26903977409e-05)
(3.41431005393e-06 3.42051922214e-06 -3.13211570209e-05)
(3.78065793005e-06 2.99232062932e-06 -2.98796525957e-05)
(4.06737429083e-06 2.57444550537e-06 -2.8448523899e-05)
(4.28975026013e-06 2.17760777582e-06 -2.70987240357e-05)
(4.46332319161e-06 1.80370643992e-06 -2.58799415705e-05)
(4.59954725808e-06 1.45012615878e-06 -2.48239711863e-05)
(4.70605971018e-06 1.11259938667e-06 -2.39526453405e-05)
(4.78501580022e-06 7.8749993976e-07 -2.32807902432e-05)
(4.84061223287e-06 4.6814760301e-07 -2.28159920555e-05)
(4.86674468638e-06 1.6118582146e-07 -2.25497008028e-05)
(4.79359692354e-07 5.56471927116e-06 -3.03872958955e-05)
(1.21384968849e-06 5.43785803313e-06 -2.99802184972e-05)
(1.96006414549e-06 5.17470549235e-06 -2.92969343443e-05)
(2.61303272068e-06 4.80896953868e-06 -2.84095175657e-05)
(3.17815415263e-06 4.36931199895e-06 -2.73534698668e-05)
(3.64495021313e-06 3.88719572986e-06 -2.61742274481e-05)
(4.01432565759e-06 3.3923050405e-06 -2.49377444067e-05)
(4.2970322235e-06 2.9075012394e-06 -2.3713774024e-05)
(4.50980464753e-06 2.44529085834e-06 -2.25597064366e-05)
(4.66864590148e-06 2.01009904655e-06 -2.15154041563e-05)
(4.78592096356e-06 1.60168207212e-06 -2.06079912502e-05)
(4.871257542e-06 1.21701711134e-06 -1.98563262207e-05)
(4.92941073698e-06 8.53234353112e-07 -1.92728678411e-05)
(4.96731128659e-06 5.02956480044e-07 -1.88642692749e-05)
(4.98267251834e-06 1.7294528825e-07 -1.86206769592e-05)
(5.03321652846e-07 5.90526995953e-06 -2.31339065883e-05)
(1.25003799882e-06 5.75624116164e-06 -2.2809005394e-05)
(2.0109078486e-06 5.46281279598e-06 -2.22466311407e-05)
(2.66499288527e-06 5.06393459136e-06 -2.15498998762e-05)
(3.22159364275e-06 4.58705822198e-06 -2.072446721e-05)
(3.67057158566e-06 4.067069742e-06 -1.98090985172e-05)
(4.01643875015e-06 3.53434566696e-06 -1.88540504135e-05)
(4.2721039478e-06 3.01262180593e-06 -1.79116485119e-05)
(4.45504248227e-06 2.51573167831e-06 -1.70228056417e-05)
(4.58159585709e-06 2.0504738113e-06 -1.62162947391e-05)
(4.66561033627e-06 1.61883291148e-06 -1.55141719163e-05)
(4.71912646189e-06 1.21841142807e-06 -1.49318157382e-05)
(4.74924172432e-06 8.46332783367e-07 -1.44776444251e-05)
(4.76426006805e-06 4.94517309027e-07 -1.41557378088e-05)
(4.76587268653e-06 1.6991248852e-07 -1.39550268054e-05)
(4.61866987402e-07 5.30557370538e-06 -1.44825259853e-05)
(1.11202074275e-06 5.15961576927e-06 -1.42427196826e-05)
(1.77538273072e-06 4.87719343499e-06 -1.38862233426e-05)
(2.34144790308e-06 4.50309970752e-06 -1.34394369494e-05)
(2.81095334091e-06 4.06106610683e-06 -1.29180654695e-05)
(3.17964563684e-06 3.58257936417e-06 -1.23408722945e-05)
(3.45346517888e-06 3.09527136415e-06 -1.17411231754e-05)
(3.64570296404e-06 2.62034774556e-06 -1.1151032492e-05)
(3.77255772218e-06 2.1706371912e-06 -1.05944656206e-05)
(3.84915951691e-06 1.7532866048e-06 -1.00884071625e-05)
(3.8893589633e-06 1.37109353116e-06 -9.64761870401e-06)
(3.90575390107e-06 1.02184822135e-06 -9.28197239083e-06)
(3.90585928809e-06 7.03220645407e-07 -8.99508400127e-06)
(3.89772646112e-06 4.07410438575e-07 -8.78995912773e-06)
(3.88597518064e-06 1.40328816895e-07 -8.65581980995e-06)
(2.7567781602e-07 3.14298876728e-06 -5.18975360228e-06)
(6.54491109915e-07 3.03268153962e-06 -5.09773259697e-06)
(1.03594754506e-06 2.84893822443e-06 -4.96393948584e-06)
(1.35467504418e-06 2.61007524009e-06 -4.80465752766e-06)
(1.60981432802e-06 2.33317014764e-06 -4.61832744952e-06)
(1.79982578501e-06 2.03744129402e-06 -4.41360144798e-06)
(1.93056973094e-06 1.74028119043e-06 -4.20240687064e-06)
(2.01185654078e-06 1.45489284943e-06 -3.99610001239e-06)
(2.05459579067e-06 1.18914600654e-06 -3.80229804046e-06)
(2.06894918353e-06 9.47253105741e-07 -3.62645719879e-06)
(2.06455169375e-06 7.30647871343e-07 -3.4740755808e-06)
(2.05003660088e-06 5.37456858953e-07 -3.34839635153e-06)
(2.03058629033e-06 3.6575456457e-07 -3.24961300619e-06)
(2.01032815638e-06 2.10570428203e-07 -3.18019056823e-06)
(1.99677984576e-06 7.32903255427e-08 -3.13200497897e-06)
(1.64006090564e-07 1.08317510866e-06 -4.94592883964e-05)
(4.60700717661e-07 1.0585069239e-06 -4.90423543636e-05)
(7.52352285099e-07 1.01045175886e-06 -4.82259247369e-05)
(1.02343023322e-06 9.42606110522e-07 -4.70803579568e-05)
(1.2751298591e-06 8.57815250039e-07 -4.56701539665e-05)
(1.50177295598e-06 7.61268864675e-07 -4.4059332458e-05)
(1.69676202613e-06 6.58840798292e-07 -4.23202923639e-05)
(1.85611955524e-06 5.57899818972e-07 -4.05430948242e-05)
(1.98197657752e-06 4.64576910458e-07 -3.88258194898e-05)
(2.08093972911e-06 3.81436633667e-07 -3.72544389705e-05)
(2.16046458588e-06 3.07993295285e-07 -3.58921890322e-05)
(2.22613904297e-06 2.4094714781e-07 -3.47818957041e-05)
(2.27966333246e-06 1.75845011336e-07 -3.39486562651e-05)
(2.32153767882e-06 1.07402476933e-07 -3.34032369538e-05)
(2.34906746405e-06 3.65055433924e-08 -3.31333054678e-05)
(1.72466304299e-07 1.22730636681e-06 -4.82079044385e-05)
(4.82565984211e-07 1.19476722257e-06 -4.77943977535e-05)
(7.88533026079e-07 1.13979411375e-06 -4.69611166181e-05)
(1.07027470174e-06 1.06020478955e-06 -4.58050033344e-05)
(1.32975617619e-06 9.62673509476e-07 -4.4387769205e-05)
(1.56085358093e-06 8.54306611247e-07 -4.27740733756e-05)
(1.75760762927e-06 7.42350255168e-07 -4.10385716895e-05)
(1.91756057555e-06 6.34692366937e-07 -3.92754444113e-05)
(2.04453154249e-06 5.36658415812e-07 -3.75834109017e-05)
(2.14621217917e-06 4.49301295704e-07 -3.60442883482e-05)
(2.23030858247e-06 3.70398417752e-07 -3.47152131685e-05)
(2.3018958022e-06 2.95139107869e-07 -3.3633877364e-05)
(2.36109396338e-06 2.18127191965e-07 -3.28212370086e-05)
(2.40767343279e-06 1.34944150098e-07 -3.22860320608e-05)
(2.43656578388e-06 4.66733655488e-08 -3.2017234796e-05)
(1.87978792482e-07 1.48936175311e-06 -4.65055318893e-05)
(5.20183527043e-07 1.45976596605e-06 -4.60577584835e-05)
(8.47477101997e-07 1.39195762831e-06 -4.52140686064e-05)
(1.14638283746e-06 1.29395281561e-06 -4.40528898088e-05)
(1.41875143028e-06 1.17471599625e-06 -4.2636775757e-05)
(1.65813097559e-06 1.0439656318e-06 -4.10299768613e-05)
(1.85956580351e-06 9.10987072053e-07 -3.93114884591e-05)
(2.02259249097e-06 7.84448661786e-07 -3.75781892993e-05)
(2.15283898593e-06 6.68992618125e-07 -3.59261716126e-05)
(2.25875139113e-06 5.64319544054e-07 -3.44307464909e-05)
(2.34770458132e-06 4.66953238169e-07 -3.31422200853e-05)
(2.42399033753e-06 3.71522617477e-07 -3.20932542621e-05)
(2.48645071926e-06 2.72878495842e-07 -3.1301423903e-05)
(2.53557706925e-06 1.67558085055e-07 -3.07746630416e-05)
(2.56359338568e-06 5.73030875613e-08 -3.05024985535e-05)
(2.08125404715e-07 1.90477244028e-06 -4.40853643342e-05)
(5.68515890383e-07 1.86756237617e-06 -4.364145935e-05)
(9.26457423214e-07 1.77997626127e-06 -4.28024559531e-05)
(1.25008820942e-06 1.65463461176e-06 -4.16606575776e-05)
(1.54202357931e-06 1.50281335804e-06 -4.02727688258e-05)
(1.79524561707e-06 1.33734021634e-06 -3.87020177292e-05)
(2.00604621394e-06 1.16995005352e-06 -3.70297954819e-05)
(2.17601153085e-06 1.01038623594e-06 -3.53526781505e-05)
(2.31236188511e-06 8.63026865014e-07 -3.37617464038e-05)
(2.42399394186e-06 7.2686986335e-07 -3.23249761011e-05)
(2.51787415772e-06 5.98016677032e-07 -3.10862347282e-05)
(2.59781351028e-06 4.71321966403e-07 -3.00742374455e-05)
(2.6619308274e-06 3.42348732206e-07 -2.93048539569e-05)
(2.71177108192e-06 2.07979896937e-07 -2.8785496941e-05)
(2.73863791875e-06 7.03578238739e-08 -2.85071987304e-05)
(2.35069028344e-07 2.41172217661e-06 -4.08015189356e-05)
(6.32509016067e-07 2.36285737909e-06 -4.03534148962e-05)
(1.02870902091e-06 2.25312784589e-06 -3.95327551392e-05)
(1.38317150668e-06 2.09563817704e-06 -3.84324397304e-05)
(1.69912798816e-06 1.9050818506e-06 -3.71021995391e-05)
(1.9691771037e-06 1.69709880387e-06 -3.56021820979e-05)
(2.19111792786e-06 1.48602814783e-06 -3.40131265399e-05)
(2.36853702849e-06 1.28289129751e-06 -3.24275703171e-05)
(2.50994620954e-06 1.0924629493e-06 -3.09286259876e-05)
(2.62446221055e-06 9.14059452994e-07 -2.95757852101e-05)
(2.71881257464e-06 7.44382032999e-07 -2.84067348861e-05)
(2.79696647119e-06 5.79250151343e-07 -2.74470079166e-05)
(2.85743459427e-06 4.15213558944e-07 -2.67125702052e-05)
(2.90354994074e-06 2.49531005492e-07 -2.62107306851e-05)
(2.92621891608e-06 8.3771967049e-08 -2.59326278885e-05)
(2.6489101377e-07 2.95540626608e-06 -3.63673407624e-05)
(7.02352876041e-07 2.89546841416e-06 -3.59402300608e-05)
(1.13984183021e-06 2.75748465257e-06 -3.51635246038e-05)
(1.52589979457e-06 2.56369764812e-06 -3.41430424895e-05)
(1.86545288052e-06 2.32937096568e-06 -3.29167835761e-05)
(2.15063097927e-06 2.07368141302e-06 -3.15400252342e-05)
(2.3811119325e-06 1.81315567594e-06 -3.00884884903e-05)
(2.56231171112e-06 1.56030792706e-06 -2.86459985819e-05)
(2.70381798281e-06 1.32094279342e-06 -2.72845360493e-05)
(2.81500728152e-06 1.09564179914e-06 -2.60543178653e-05)
(2.90288724544e-06 8.82448340006e-07 -2.49876008996e-05)
(2.97235281627e-06 6.78271908546e-07 -2.41067830056e-05)
(3.02314804792e-06 4.80406155555e-07 -2.34274824025e-05)
(3.060759921e-06 2.85890508971e-07 -2.29574443959e-05)
(3.07658491844e-06 9.54248268679e-08 -2.26874584749e-05)
(2.93604155097e-07 3.41558624906e-06 -3.05671717047e-05)
(7.61982761968e-07 3.342637565e-06 -3.01555824859e-05)
(1.22995100196e-06 3.17888306718e-06 -2.94723989068e-05)
(1.63909152993e-06 2.95065577421e-06 -2.8582261366e-05)
(1.99240134713e-06 2.67626991894e-06 -2.75215735012e-05)
(2.28319626959e-06 2.37700532424e-06 -2.63347619168e-05)
(2.51286579001e-06 2.07149361572e-06 -2.5088383157e-05)
(2.68856820464e-06 1.7736449143e-06 -2.38530413335e-05)
(2.82077262222e-06 1.49065726048e-06 -2.26868435465e-05)
(2.91927011318e-06 1.22488808827e-06 -2.16302466245e-05)
(2.99194642562e-06 9.75997063556e-07 -2.07111936315e-05)
(3.0453234217e-06 7.41692328116e-07 -1.99492432273e-05)
(3.08077027639e-06 5.19647764779e-07 -1.93576844411e-05)
(3.10581327155e-06 3.06205958311e-07 -1.89431076085e-05)
(3.11255239576e-06 1.01605447281e-07 -1.86955091446e-05)
(3.04381737019e-07 3.6163430331e-06 -2.31987364635e-05)
(7.75464250094e-07 3.52784891096e-06 -2.28683637514e-05)
(1.24726344848e-06 3.34574761501e-06 -2.23062202648e-05)
(1.6518000124e-06 3.09658910238e-06 -2.16067983196e-05)
(1.99443851532e-06 2.79928245179e-06 -2.07771637356e-05)
(2.26916794692e-06 2.47644038119e-06 -1.98551984468e-05)
(2.47935842346e-06 2.14735007885e-06 -1.88916187924e-05)
(2.63350631981e-06 1.82659815724e-06 -1.79392188136e-05)
(2.74258906085e-06 1.52246786953e-06 -1.70393044452e-05)
(2.81676849926e-06 1.23887552585e-06 -1.62212142924e-05)
(2.86504683231e-06 9.76769045869e-07 -1.55079974914e-05)
(2.89554334745e-06 7.34134257604e-07 -1.49156662586e-05)
(2.91094463014e-06 5.0878531565e-07 -1.44533510573e-05)
(2.91959024435e-06 2.96742772566e-07 -1.4124880599e-05)
(2.91512627444e-06 9.78201070184e-08 -1.39197864826e-05)
(2.70825045758e-07 3.19274175559e-06 -1.43531582341e-05)
(6.75527549733e-07 3.10353508961e-06 -1.41088540555e-05)
(1.07782869567e-06 2.93011010002e-06 -1.37535482437e-05)
(1.41886003341e-06 2.69990860725e-06 -1.33057787497e-05)
(1.70004253124e-06 2.4285285018e-06 -1.27825923774e-05)
(1.91840182087e-06 2.13631329652e-06 -1.22020010778e-05)
(2.07840579258e-06 1.84022943971e-06 -1.15972998311e-05)
(2.18850491044e-06 1.55322336736e-06 -1.10007835562e-05)
(2.25885863513e-06 1.28297633583e-06 -1.04364824674e-05)
(2.29891782967e-06 1.03362595156e-06 -9.92187462652e-06)
(2.31759476245e-06 8.06476860456e-07 -9.47255426015e-06)
(2.32302943297e-06 5.99495131674e-07 -9.09872549418e-06)
(2.31803682885e-06 4.11367820492e-07 -8.80469889586e-06)
(2.31079067064e-06 2.38073940662e-07 -8.5935288894e-06)
(2.29695879823e-06 7.78887216609e-08 -8.45589198626e-06)
(1.35371765384e-07 1.64538599478e-06 -4.75042951708e-06)
(3.44475013927e-07 1.583532849e-06 -4.66097454098e-06)
(5.43883181208e-07 1.48263035269e-06 -4.53241322926e-06)
(7.09012504147e-07 1.35207440397e-06 -4.37892672704e-06)
(8.38975388785e-07 1.20169396984e-06 -4.19921293281e-06)
(9.33223702755e-07 1.04260747605e-06 -4.00106846965e-06)
(9.95247315231e-07 8.84392901972e-07 -3.79578592445e-06)
(1.03078990222e-06 7.34132988338e-07 -3.59421256395e-06)
(1.04614253988e-06 5.95919196229e-07 -3.40377279379e-06)
(1.04715810985e-06 4.71763075928e-07 -3.23007912791e-06)
(1.03930964404e-06 3.61967638856e-07 -3.07885900527e-06)
(1.02736413186e-06 2.64883990876e-07 -2.95328908672e-06)
(1.01324269758e-06 1.79555336905e-07 -2.85418401435e-06)
(9.99991879667e-07 1.03100597562e-07 -2.78392418392e-06)
(9.90385837699e-07 3.24074954476e-08 -2.73532085693e-06)
(6.16421354518e-08 -5.75685417701e-08 -4.96562471741e-05)
(1.7492558648e-07 -6.40477042811e-08 -4.92410320002e-05)
(2.86356459813e-07 -6.73650421516e-08 -4.84270088098e-05)
(3.88888495838e-07 -7.53417346022e-08 -4.72838360026e-05)
(4.84078978197e-07 -8.73802201459e-08 -4.58757465212e-05)
(5.69378728862e-07 -1.00145275231e-07 -4.42663455145e-05)
(6.41966213507e-07 -1.11182544451e-07 -4.25279349457e-05)
(7.00586433112e-07 -1.17400057446e-07 -4.07507877735e-05)
(7.46873883935e-07 -1.1640707892e-07 -3.90330749285e-05)
(7.84375106117e-07 -1.07489250995e-07 -3.74605822813e-05)
(8.16746263289e-07 -9.12055235399e-08 -3.60964362909e-05)
(8.46536430352e-07 -6.99120716692e-08 -3.49838521416e-05)
(8.72993507182e-07 -4.69103211232e-08 -3.41480124389e-05)
(8.93796246351e-07 -2.69944137714e-08 -3.36004660049e-05)
(9.0848545428e-07 -9.23160737663e-09 -3.33280304061e-05)
(6.61289682146e-08 6.23129905545e-08 -4.83754183297e-05)
(1.84898200247e-07 5.23826758592e-08 -4.79607405274e-05)
(3.02943394607e-07 4.83370100558e-08 -4.71279778494e-05)
(4.11838135235e-07 3.52633406046e-08 -4.59714807735e-05)
(5.12367271251e-07 1.78567513395e-08 -4.455333044e-05)
(6.01714636321e-07 1.13335190498e-10 -4.29378724275e-05)
(6.77473460258e-07 -1.49666524124e-08 -4.12003140615e-05)
(7.39316416196e-07 -2.42429649564e-08 -3.94353411236e-05)
(7.89852925456e-07 -2.60269890382e-08 -3.77417589574e-05)
(8.33258040082e-07 -2.07795819242e-08 -3.62010433087e-05)
(8.73287502502e-07 -1.0630554529e-08 -3.48701366182e-05)
(9.11974026943e-07 5.32979996541e-10 -3.37870781771e-05)
(9.46831494915e-07 8.20934579484e-09 -3.29726069656e-05)
(9.74157252022e-07 8.64962315196e-09 -3.24357548537e-05)
(9.90988774289e-07 4.14294547585e-09 -3.21646284301e-05)
(7.27798076343e-08 2.3893747237e-07 -4.66774602244e-05)
(2.02372988384e-07 2.33887730409e-07 -4.62320890343e-05)
(3.31725557427e-07 2.23454995799e-07 -4.53869695765e-05)
(4.49639255716e-07 2.01259056656e-07 -4.42238712765e-05)
(5.5749746495e-07 1.72869420533e-07 -4.28047727775e-05)
(6.52196148907e-07 1.4358839551e-07 -4.11937620357e-05)
(7.32127573091e-07 1.17408354544e-07 -3.94705947743e-05)
(7.98036949482e-07 9.76306891036e-08 -3.77328676712e-05)
(8.53353175324e-07 8.52418455392e-08 -3.60769521813e-05)
(9.02370832821e-07 7.86943661322e-08 -3.45779753832e-05)
(9.48278729559e-07 7.48297004969e-08 -3.32862141264e-05)
(9.92257576577e-07 6.93662418116e-08 -3.2234647955e-05)
(1.03066263071e-06 5.80918402372e-08 -3.14407505474e-05)
(1.06055270486e-06 3.87396696177e-08 -3.09126150339e-05)
(1.07807993308e-06 1.39845819436e-08 -3.06382997937e-05)
(8.29956076695e-08 5.02323511127e-07 -4.4277175374e-05)
(2.26893588411e-07 4.95060461436e-07 -4.38328277259e-05)
(3.71783713084e-07 4.73344880992e-07 -4.29915628508e-05)
(5.0320064837e-07 4.36448919998e-07 -4.18468147517e-05)
(6.22235068513e-07 3.9033887696e-07 -4.04547996303e-05)
(7.25676533602e-07 3.41945509756e-07 -3.88784861608e-05)
(8.12582814156e-07 2.96369498487e-07 -3.7200016948e-05)
(8.84628685235e-07 2.57222694497e-07 -3.55167169544e-05)
(9.45808532866e-07 2.25086059267e-07 -3.39200254844e-05)
(1.0002953752e-06 1.97861320939e-07 -3.24778448336e-05)
(1.05070684477e-06 1.72150133895e-07 -3.12341695109e-05)
(1.09770115471e-06 1.44017222826e-07 -3.02180993207e-05)
(1.13697456875e-06 1.10093938375e-07 -2.94454981213e-05)
(1.16676463211e-06 6.91109541472e-08 -2.89241245815e-05)
(1.18368622771e-06 2.37027015678e-08 -2.864274838e-05)
(9.67970385821e-08 8.14741039547e-07 -4.09972016595e-05)
(2.60644737285e-07 7.99029423446e-07 -4.05467546438e-05)
(4.26164795175e-07 7.64476457374e-07 -3.972432747e-05)
(5.74844442607e-07 7.09623108247e-07 -3.86210714326e-05)
(7.07749247997e-07 6.42031410373e-07 -3.72867062764e-05)
(8.21695982105e-07 5.69834497391e-07 -3.57810586191e-05)
(9.16467570082e-07 4.99312212507e-07 -3.41854926585e-05)
(9.9455258905e-07 4.34539169055e-07 -3.25931693736e-05)
(1.06029320838e-06 3.76166593678e-07 -3.10875285456e-05)
(1.11762616585e-06 3.22289153953e-07 -2.97280876656e-05)
(1.16882243654e-06 2.70064951873e-07 -2.85528442248e-05)
(1.21461727726e-06 2.1643174196e-07 -2.75878572228e-05)
(1.25087000132e-06 1.58934071262e-07 -2.68491775873e-05)
(1.2777339066e-06 9.70476322494e-08 -2.63446791791e-05)
(1.29230980013e-06 3.26185458926e-08 -2.60632067361e-05)
(1.12151926055e-07 1.14409788198e-06 -3.654888176e-05)
(2.98109080805e-07 1.12142642618e-06 -3.6120569833e-05)
(4.86611353677e-07 1.07125278527e-06 -3.5342981418e-05)
(6.5339246455e-07 9.95938905335e-07 -3.4319834676e-05)
(8.00443215307e-07 9.03821959291e-07 -3.30895287655e-05)
(9.24351153019e-07 8.04479541014e-07 -3.17071273243e-05)
(1.0257229054e-06 7.0522857664e-07 -3.02489024998e-05)
(1.10767400228e-06 6.10838297326e-07 -2.87991959397e-05)
(1.17478374506e-06 5.22561117698e-07 -2.74302992312e-05)
(1.23087906659e-06 4.39376597326e-07 -2.6192581378e-05)
(1.27837940828e-06 3.595137531e-07 -2.5118799089e-05)
(1.3187896234e-06 2.80835307784e-07 -2.42320168708e-05)
(1.34871892828e-06 2.01474619973e-07 -2.3548048187e-05)
(1.37050900031e-06 1.20955096805e-07 -2.30751906042e-05)
(1.38167286148e-06 4.02124230329e-08 -2.28020984115e-05)
(1.27184629318e-07 1.4280592565e-06 -3.07145540504e-05)
(3.32250592591e-07 1.39989818269e-06 -3.03019020679e-05)
(5.3863454789e-07 1.33407357351e-06 -2.96176099327e-05)
(7.19508210288e-07 1.23917777708e-06 -2.87251585844e-05)
(8.76025048317e-07 1.12381941931e-06 -2.76608046846e-05)
(1.00521815988e-06 9.98963398865e-07 -2.64688888272e-05)
(1.10840635157e-06 8.72761358156e-07 -2.52163298121e-05)
(1.18925233456e-06 7.50800853044e-07 -2.39740799408e-05)
(1.25252535369e-06 6.35249059536e-07 -2.28005134888e-05)
(1.302146145e-06 5.26287633662e-07 -2.17363796976e-05)
(1.34115783162e-06 4.23245879095e-07 -2.08102280414e-05)
(1.37232916773e-06 3.24596439269e-07 -2.00421614908e-05)
(1.39318114132e-06 2.28875198946e-07 -1.94456564745e-05)
(1.40821658395e-06 1.35330082904e-07 -1.90277843705e-05)
(1.41468201746e-06 4.45286895697e-08 -1.87764761479e-05)
(1.34187607238e-07 1.57531883412e-06 -2.3285250494e-05)
(3.43785035076e-07 1.53945428834e-06 -2.2952263856e-05)
(5.55586517834e-07 1.46307449632e-06 -2.23900263332e-05)
(7.37351142991e-07 1.35514893891e-06 -2.16886768262e-05)
(8.91270892863e-07 1.22564793573e-06 -2.08563867552e-05)
(1.01499399392e-06 1.08541346702e-06 -1.99305270919e-05)
(1.11041994371e-06 9.43172660019e-07 -1.89620597473e-05)
(1.1817241236e-06 8.04994041057e-07 -1.80039419835e-05)
(1.2337955009e-06 6.73959370629e-07 -1.70977003135e-05)
(1.27078936628e-06 5.51337599242e-07 -1.62730948774e-05)
(1.29657889756e-06 4.37219019188e-07 -1.55537412596e-05)
(1.31501270855e-06 3.30223386498e-07 -1.49557607578e-05)
(1.32428969893e-06 2.29248632498e-07 -1.44884006542e-05)
(1.33029787736e-06 1.3383903301e-07 -1.4155983969e-05)
(1.33038489608e-06 4.37100266127e-08 -1.3947246165e-05)
(1.20215283271e-07 1.41963267799e-06 -1.43365254316e-05)
(3.04207961544e-07 1.38087857052e-06 -1.40906991847e-05)
(4.87092547488e-07 1.3057155297e-06 -1.37351196179e-05)
(6.4139152125e-07 1.20394267815e-06 -1.32868945999e-05)
(7.6868961188e-07 1.08347099597e-06 -1.27628250273e-05)
(8.67337788699e-07 9.54132876725e-07 -1.21807247319e-05)
(9.40000982861e-07 8.23348912308e-07 -1.15738379585e-05)
(9.90598288442e-07 6.96696886464e-07 -1.0974389881e-05)
(1.02365617206e-06 5.77321607683e-07 -1.04065212807e-05)
(1.04319525034e-06 4.66901510196e-07 -9.8881151333e-06)
(1.05329609615e-06 3.65786441793e-07 -9.4351116767e-06)
(1.05785206495e-06 2.72515696651e-07 -9.05744532484e-06)
(1.05533473249e-06 1.87135233068e-07 -8.75986922452e-06)
(1.0532071253e-06 1.08616282775e-07 -8.54615676288e-06)
(1.0471013882e-06 3.51745023141e-08 -8.40706794283e-06)
(5.69032628553e-08 7.02469761782e-07 -4.62808777922e-06)
(1.48605826848e-07 6.75547678564e-07 -4.54002251312e-06)
(2.3497598281e-07 6.32356253493e-07 -4.41316407696e-06)
(3.065748588e-07 5.76152574024e-07 -4.2621454933e-06)
(3.62533314518e-07 5.11443982562e-07 -4.08524519355e-06)
(4.0288634399e-07 4.43348891662e-07 -3.88993889151e-06)
(4.29246408251e-07 3.75948787722e-07 -3.6872367564e-06)
(4.44242135344e-07 3.12171685693e-07 -3.4877634765e-06)
(4.50620647013e-07 2.53679311828e-07 -3.29891691255e-06)
(4.50929434113e-07 2.01259791696e-07 -3.12647262115e-06)
(4.47617485731e-07 1.54865256585e-07 -2.97617883671e-06)
(4.42817079708e-07 1.13451558892e-07 -2.8509727117e-06)
(4.36266199254e-07 7.70742356509e-08 -2.75241863144e-06)
(4.30774808854e-07 4.44013265943e-08 -2.68252419622e-06)
(4.26347556432e-07 1.36837427417e-08 -2.63391216721e-06)
(-3.81513351105e-08 -1.35833526045e-06 -4.98521762394e-05)
(-1.11877492802e-07 -1.33459433163e-06 -4.94372491967e-05)
(-1.84212126944e-07 -1.29152833542e-06 -4.86244433714e-05)
(-2.54277000581e-07 -1.23680667703e-06 -4.74828479175e-05)
(-3.19709062882e-07 -1.17215346317e-06 -4.60760844277e-05)
(-3.80243040301e-07 -1.09603691109e-06 -4.44670860909e-05)
(-4.35696800598e-07 -1.00917075858e-06 -4.27280796275e-05)
(-4.85503248498e-07 -9.12356423606e-07 -4.09498007657e-05)
(-5.28617446111e-07 -8.06541417379e-07 -3.9230708196e-05)
(-5.63784702017e-07 -6.9268846682e-07 -3.76564049706e-05)
(-5.8995102932e-07 -5.71602740176e-07 -3.6289834304e-05)
(-6.06228658625e-07 -4.45072529033e-07 -3.51747106034e-05)
(-6.13677742584e-07 -3.15631801345e-07 -3.43366136923e-05)
(-6.16049933535e-07 -1.88086482985e-07 -3.37871821279e-05)
(-6.18057398971e-07 -6.34140700883e-08 -3.3512578303e-05)
(-3.98304357122e-08 -1.2293597597e-06 -4.85596148217e-05)
(-1.17985617266e-07 -1.20914867531e-06 -4.81452230218e-05)
(-1.91541881707e-07 -1.16243839433e-06 -4.73131846118e-05)
(-2.59956337824e-07 -1.10775050198e-06 -4.61574630233e-05)
(-3.22615293212e-07 -1.04313840662e-06 -4.47395567078e-05)
(-3.79249773041e-07 -9.67380107116e-07 -4.31232936815e-05)
(-4.29406780993e-07 -8.8132355114e-07 -4.13842453766e-05)
(-4.72101587675e-07 -7.85952530037e-07 -3.96176210888e-05)
(-5.05979483354e-07 -6.82710932693e-07 -3.79223604084e-05)
(-5.29695988824e-07 -5.73487373302e-07 -3.63795864799e-05)
(-5.42455131546e-07 -4.60659279093e-07 -3.50460709238e-05)
(-5.44199998455e-07 -3.47839030626e-07 -3.39604304647e-05)
(-5.38093778076e-07 -2.39231466475e-07 -3.31438169328e-05)
(-5.29953993768e-07 -1.39091141099e-07 -3.26054286288e-05)
(-5.26718769047e-07 -4.51743662267e-08 -3.23320881352e-05)
(-4.02192352253e-08 -1.10884768154e-06 -4.68626833975e-05)
(-1.17888931418e-07 -1.08290306591e-06 -4.64182400522e-05)
(-1.88807659456e-07 -1.03564496633e-06 -4.5572345752e-05)
(-2.5412937472e-07 -9.80734799689e-07 -4.440905599e-05)
(-3.12893924353e-07 -9.16549639874e-07 -4.29890092336e-05)
(-3.649040439e-07 -8.41999157248e-07 -4.13760004666e-05)
(-4.09204050017e-07 -7.58049203109e-07 -3.96503163727e-05)
(-4.44493015654e-07 -6.66101746769e-07 -3.791009836e-05)
(-4.69413277054e-07 -5.68336104683e-07 -3.62518264914e-05)
(-4.83105713717e-07 -4.67547021638e-07 -3.47502794715e-05)
(-4.85724775676e-07 -3.66978782842e-07 -3.34556658164e-05)
(-4.78449408248e-07 -2.70558923156e-07 -3.2401459091e-05)
(-4.65989614852e-07 -1.82093862437e-07 -3.16053443181e-05)
(-4.54145358752e-07 -1.03961252789e-07 -3.10754197538e-05)
(-4.49399289677e-07 -3.34315981289e-08 -3.07995810836e-05)
(-3.9386231371e-08 -9.68392221522e-07 -4.44683474134e-05)
(-1.15798765698e-07 -9.41857641793e-07 -4.40228989092e-05)
(-1.83683379651e-07 -8.96630591932e-07 -4.31803864162e-05)
(-2.44628930908e-07 -8.43701226294e-07 -4.20342579796e-05)
(-2.98329732443e-07 -7.82392877189e-07 -4.06402418019e-05)
(-3.4433454382e-07 -7.11687709751e-07 -3.90610356723e-05)
(-3.81538835065e-07 -6.32819081192e-07 -3.73793720879e-05)
(-4.08649528402e-07 -5.47689269258e-07 -3.56930704649e-05)
(-4.24689023308e-07 -4.59116168497e-07 -3.40936088198e-05)
(-4.29610098596e-07 -3.70404036367e-07 -3.26485249394e-05)
(-4.24581275186e-07 -2.84891104476e-07 -3.14018059569e-05)
(-4.11665078842e-07 -2.05956629227e-07 -3.03830117031e-05)
(-3.96505618843e-07 -1.36322273562e-07 -2.96081065015e-05)
(-3.843739436e-07 -7.67049306648e-08 -2.90850382483e-05)
(-3.79545376389e-07 -2.45376633523e-08 -2.88029184867e-05)
(-3.71480162491e-08 -8.24752222356e-07 -4.11894138042e-05)
(-1.08994081131e-07 -8.02444785921e-07 -4.0737698309e-05)
(-1.71296986224e-07 -7.60173264328e-07 -3.99140042233e-05)
(-2.26028444852e-07 -7.10690090035e-07 -3.88092156041e-05)
(-2.73301215457e-07 -6.53588833143e-07 -3.74728014954e-05)
(-3.12385611547e-07 -5.88316747201e-07 -3.59643449261e-05)
(-3.42141009273e-07 -5.16403172318e-07 -3.43657103672e-05)
(-3.61495910535e-07 -4.40196279488e-07 -3.27704088448e-05)
(-3.70052602447e-07 -3.62880746077e-07 -3.12618463178e-05)
(-3.68627260503e-07 -2.87768141123e-07 -2.98992367655e-05)
(-3.59140893301e-07 -2.17673214134e-07 -2.87207002727e-05)
(-3.43938828524e-07 -1.55012903437e-07 -2.77527869782e-05)
(-3.2894007343e-07 -1.01430979015e-07 -2.70115464708e-05)
(-3.18351388608e-07 -5.6475620713e-08 -2.6505286946e-05)
(-3.1432759443e-07 -1.80117197457e-08 -2.62232806072e-05)
(-3.37267050618e-08 -6.75645974604e-07 -3.67362137635e-05)
(-9.86809519053e-08 -6.56545534939e-07 -3.63076104024e-05)
(-1.53125121568e-07 -6.18153401565e-07 -3.5528846002e-05)
(-1.99977673971e-07 -5.73795063091e-07 -3.45042583118e-05)
(-2.39357161626e-07 -5.22839261111e-07 -3.32718095512e-05)
(-2.70568080453e-07 -4.65298250117e-07 -3.18866285793e-05)
(-2.92593217394e-07 -4.02904082112e-07 -3.04253980731e-05)
(-3.04806430376e-07 -3.38221012364e-07 -2.89726915812e-05)
(-3.07434452533e-07 -2.7435247143e-07 -2.76007107835e-05)
(-3.01954127436e-07 -2.14105728687e-07 -2.63596119336e-05)
(-2.90544981793e-07 -1.59432419531e-07 -2.52824379404e-05)
(-2.75194119682e-07 -1.11800291761e-07 -2.43928139209e-05)
(-2.61713516905e-07 -7.21560112445e-08 -2.37065376476e-05)
(-2.52987234965e-07 -3.96622853784e-08 -2.3232345115e-05)
(-2.49504701786e-07 -1.257456187e-08 -2.29590166989e-05)
(-2.88002432201e-08 -5.2384982139e-07 -3.08873657006e-05)
(-8.32848865239e-08 -5.05387573759e-07 -3.04738739265e-05)
(-1.28505367868e-07 -4.73287239913e-07 -2.97891059342e-05)
(-1.66100809358e-07 -4.35415101608e-07 -2.88956610232e-05)
(-1.96629456535e-07 -3.92772456592e-07 -2.78296371049e-05)
(-2.19530029266e-07 -3.45038135996e-07 -2.66355306084e-05)
(-2.33991753745e-07 -2.94257874776e-07 -2.53805584874e-05)
(-2.39913834302e-07 -2.42842545455e-07 -2.41357840372e-05)
(-2.38056295611e-07 -1.9348421241e-07 -2.29594706394e-05)
(-2.30254234893e-07 -1.48250095978e-07 -2.18922850578e-05)
(-2.18467392185e-07 -1.08327069833e-07 -2.09631736948e-05)
(-2.03909229658e-07 -7.45749028986e-08 -2.01926641947e-05)
(-1.92281778557e-07 -4.73888158647e-08 -1.95941471446e-05)
(-1.84880542457e-07 -2.58524928129e-08 -1.91751494278e-05)
(-1.81513729205e-07 -8.18761313551e-09 -1.89233094069e-05)
(-2.17701285631e-08 -3.71256506915e-07 -2.34348079376e-05)
(-6.45824878043e-08 -3.54840727252e-07 -2.31011374302e-05)
(-9.71055796473e-08 -3.28199902037e-07 -2.25389313665e-05)
(-1.23490724514e-07 -2.98404847929e-07 -2.18368671619e-05)
(-1.44170045583e-07 -2.64942458974e-07 -2.10034957776e-05)
(-1.58292413756e-07 -2.28512983753e-07 -2.00761644942e-05)
(-1.65615094611e-07 -1.9071147516e-07 -1.91059795745e-05)
(-1.66305482898e-07 -1.53625379525e-07 -1.81458997914e-05)
(-1.61424072774e-07 -1.19178156082e-07 -1.72373689849e-05)
(-1.52772556351e-07 -8.86396946463e-08 -1.64102405481e-05)
(-1.41741742981e-07 -6.26892706903e-08 -1.56884975116e-05)
(-1.28895061039e-07 -4.19614261341e-08 -1.5088243939e-05)
(-1.19842106335e-07 -2.63026002937e-08 -1.46185794971e-05)
(-1.1424772299e-07 -1.41780019577e-08 -1.42844603496e-05)
(-1.10628621933e-07 -4.30970668244e-09 -1.40748429121e-05)
(-1.16435250273e-08 -1.98707875144e-07 -1.44451029496e-05)
(-3.41034546698e-08 -1.88700434288e-07 -1.4198594468e-05)
(-4.96984043739e-08 -1.71443398312e-07 -1.38426523272e-05)
(-6.25817876047e-08 -1.52467252835e-07 -1.33939018022e-05)
(-7.14985739049e-08 -1.31701069021e-07 -1.2869060067e-05)
(-7.66904764141e-08 -1.09462235328e-07 -1.22859834495e-05)
(-7.75133983887e-08 -8.7285428781e-08 -1.16779028226e-05)
(-7.44422677537e-08 -6.6481425458e-08 -1.10769610166e-05)
(-6.8406265397e-08 -4.81245502067e-08 -1.05072766626e-05)
(-6.07062229047e-08 -3.27316348952e-08 -9.98695196246e-06)
(-5.20459872894e-08 -2.06082203643e-08 -9.53213637433e-06)
(-4.26465517882e-08 -1.24152997886e-08 -9.15240034647e-06)
(-3.76488609455e-08 -6.76460299727e-09 -8.85275739398e-06)
(-3.30410829068e-08 -3.27415355781e-09 -8.63801016423e-06)
(-3.07022109682e-08 -8.98652108885e-10 -8.49625283116e-06)
(5.11446973375e-10 -2.04644109016e-08 -4.66323171547e-06)
(-2.83194863513e-09 -1.85770304868e-08 -4.57483244446e-06)
(-2.63464475196e-09 -1.49237213018e-08 -4.44773499449e-06)
(-1.39062394082e-09 -1.12300541628e-08 -4.29649641994e-06)
(1.38370377552e-10 -7.48314519257e-09 -4.11935351303e-06)
(2.31754891177e-09 -3.67670997553e-09 -3.92365387068e-06)
(5.07100855357e-09 -1.8188514541e-10 -3.72034243528e-06)
(8.30916788378e-09 2.663538392e-09 -3.51998512576e-06)
(1.17146631973e-08 4.69809993648e-09 -3.33002842131e-06)
(1.4997221154e-08 5.91707814395e-09 -3.15644001411e-06)
(1.81114727886e-08 6.26459509943e-09 -3.0050342075e-06)
(2.11402406207e-08 5.4341121471e-09 -2.8785291035e-06)
(2.23028358174e-08 4.32776820697e-09 -2.77924659351e-06)
(2.36030510911e-08 2.53545226325e-09 -2.70825229851e-06)
(2.40130822256e-08 8.90887367494e-10 -2.65874412968e-06)
(-1.39485851956e-07 -2.6627285654e-06 -5.00315313314e-05)
(-4.02439273741e-07 -2.60468193366e-06 -4.96140076179e-05)
(-6.61193379644e-07 -2.51567118947e-06 -4.88009433235e-05)
(-9.06106281939e-07 -2.39754071439e-06 -4.76588068133e-05)
(-1.13450009969e-06 -2.25521821915e-06 -4.62510197406e-05)
(-1.34298383691e-06 -2.08938118785e-06 -4.46401864595e-05)
(-1.52809640415e-06 -1.90403803067e-06 -4.28987881898e-05)
(-1.68731787973e-06 -1.70395020567e-06 -4.11180710506e-05)
(-1.82019230237e-06 -1.49335705663e-06 -3.9396644333e-05)
(-1.92790100452e-06 -1.27479840257e-06 -3.78197811003e-05)
(-2.01227072591e-06 -1.04936609813e-06 -3.6450213805e-05)
(-2.07451407836e-06 -8.18369127746e-07 -3.53321262803e-05)
(-2.11589886949e-06 -5.83639104323e-07 -3.44915386567e-05)
(-2.13939645743e-06 -3.49172927192e-07 -3.39401721319e-05)
(-2.15238159505e-06 -1.17735044993e-07 -3.36636831561e-05)
(-1.47378811976e-07 -2.52060946511e-06 -4.87490090477e-05)
(-4.24128559021e-07 -2.46827299495e-06 -4.83323399142e-05)
(-6.90727139945e-07 -2.37190816659e-06 -4.75002497206e-05)
(-9.3801165894e-07 -2.24924840498e-06 -4.63444129739e-05)
(-1.16540848754e-06 -2.10233659795e-06 -4.49260015438e-05)
(-1.36933086622e-06 -1.93292602348e-06 -4.33084959463e-05)
(-1.54629059581e-06 -1.74575581355e-06 -4.15679692852e-05)
(-1.69398607824e-06 -1.54592881549e-06 -3.98000089664e-05)
(-1.81240764728e-06 -1.33794018731e-06 -3.8103429436e-05)
(-1.90319468168e-06 -1.12502185625e-06 -3.65588650667e-05)
(-1.96872125685e-06 -9.0985235228e-07 -3.52230667057e-05)
(-2.011248661e-06 -6.9587177158e-07 -3.41352368614e-05)
(-2.03445316025e-06 -4.86939666753e-07 -3.33166701042e-05)
(-2.0441005405e-06 -2.87038678648e-07 -3.27766963274e-05)
(-2.04971028893e-06 -9.45676076522e-08 -3.25014375726e-05)
(-1.54667430567e-07 -2.45935361307e-06 -4.70448228296e-05)
(-4.41019451313e-07 -2.40046571303e-06 -4.66011433374e-05)
(-7.13290875597e-07 -2.29632620325e-06 -4.57544851334e-05)
(-9.63086962653e-07 -2.16419162098e-06 -4.4591591775e-05)
(-1.18969730329e-06 -2.00720268162e-06 -4.31717114597e-05)
(-1.38940506249e-06 -1.82863694515e-06 -4.15584378497e-05)
(-1.55863133765e-06 -1.6344276226e-06 -3.98325001439e-05)
(-1.6955736895e-06 -1.43066215838e-06 -3.80922110956e-05)
(-1.80104336791e-06 -1.22264117551e-06 -3.64337470973e-05)
(-1.87771980829e-06 -1.01439663223e-06 -3.49313525756e-05)
(-1.92920274503e-06 -8.09363744928e-07 -3.36353317911e-05)
(-1.95917621269e-06 -6.11218428038e-07 -3.2579629939e-05)
(-1.97299504445e-06 -4.23302168284e-07 -3.17820245822e-05)
(-1.97692200963e-06 -2.47357203696e-07 -3.12507381431e-05)
(-1.97961088765e-06 -8.11238028727e-08 -3.09735472428e-05)
(-1.6294390555e-07 -2.44303252271e-06 -4.46479600017e-05)
(-4.6059437572e-07 -2.38043960754e-06 -4.42007788395e-05)
(-7.41946645511e-07 -2.26881794398e-06 -4.33571182307e-05)
(-9.96141439049e-07 -2.12588679751e-06 -4.22105968571e-05)
(-1.22338883167e-06 -1.9568480438e-06 -4.08162196478e-05)
(-1.4194938765e-06 -1.7667931093e-06 -3.92366787309e-05)
(-1.5813016667e-06 -1.56330478456e-06 -3.75551211209e-05)
(-1.70798868419e-06 -1.35376950883e-06 -3.58694043205e-05)
(-1.80168055332e-06 -1.14435713608e-06 -3.42705567102e-05)
(-1.8665147525e-06 -9.39575265538e-07 -3.28255097024e-05)
(-1.90746721123e-06 -7.42813337721e-07 -3.15783519459e-05)
(-1.9293573755e-06 -5.56975596735e-07 -3.05589501625e-05)
(-1.93849692212e-06 -3.84020969714e-07 -2.97832296636e-05)
(-1.94099271226e-06 -2.23468312833e-07 -2.92594525903e-05)
(-1.94202849929e-06 -7.31896922871e-08 -2.89772741314e-05)
(-1.71964606942e-07 -2.46836011643e-06 -4.13649582467e-05)
(-4.80064909255e-07 -2.40519853854e-06 -4.09113629049e-05)
(-7.70624664528e-07 -2.28634854412e-06 -4.00868036088e-05)
(-1.02933956804e-06 -2.1321751803e-06 -3.89815796728e-05)
(-1.25727001133e-06 -1.94997857059e-06 -3.76449460039e-05)
(-1.44977273566e-06 -1.74695149386e-06 -3.61366366499e-05)
(-1.60438061733e-06 -1.53246970002e-06 -3.45388162737e-05)
(-1.72153920675e-06 -1.31525614293e-06 -3.29448908367e-05)
(-1.80486922742e-06 -1.10226130215e-06 -3.14377395713e-05)
(-1.85996077587e-06 -8.98181099218e-07 -3.00760002058e-05)
(-1.89288837188e-06 -7.05901788728e-07 -2.88979532044e-05)
(-1.909069037e-06 -5.27249143664e-07 -2.79304004417e-05)
(-1.91531433407e-06 -3.62875326454e-07 -2.71891603511e-05)
(-1.91740403655e-06 -2.10823689867e-07 -2.66828021749e-05)
(-1.91750171338e-06 -6.90231349757e-08 -2.64016109295e-05)
(-1.80142548628e-07 -2.49983733784e-06 -3.69147844793e-05)
(-4.963207067e-07 -2.43568420046e-06 -3.64854107203e-05)
(-7.939982344e-07 -2.30885866931e-06 -3.57059476438e-05)
(-1.05481072407e-06 -2.14440261849e-06 -3.4680949166e-05)
(-1.28088233659e-06 -1.9500202512e-06 -3.3448235685e-05)
(-1.46744346818e-06 -1.73536769321e-06 -3.20633467252e-05)
(-1.61312098107e-06 -1.5112774716e-06 -3.06031736323e-05)
(-1.71986146267e-06 -1.28757444755e-06 -2.91521124801e-05)
(-1.7927448583e-06 -1.07163409102e-06 -2.778183242e-05)
(-1.8385293199e-06 -8.68025574469e-07 -2.65420119596e-05)
(-1.86391861224e-06 -6.78975325452e-07 -2.54659325352e-05)
(-1.87438883286e-06 -5.05316866875e-07 -2.45774843175e-05)
(-1.87711418452e-06 -3.46855914784e-07 -2.38921611624e-05)
(-1.87751353485e-06 -2.01088799312e-07 -2.34187325321e-05)
(-1.87581234814e-06 -6.57410477787e-08 -2.31466899011e-05)
(-1.8503996919e-07 -2.47967197409e-06 -3.10768511291e-05)
(-4.99312588314e-07 -2.41181368604e-06 -3.06634453505e-05)
(-7.96281376973e-07 -2.28166554401e-06 -2.99781918193e-05)
(-1.05252269448e-06 -2.11076865168e-06 -2.90847115645e-05)
(-1.27024570174e-06 -1.90985638167e-06 -2.80186862671e-05)
(-1.44539628183e-06 -1.68944832585e-06 -2.68251795531e-05)
(-1.57775287714e-06 -1.46175883997e-06 -2.55715071598e-05)
(-1.67082660652e-06 -1.23712051538e-06 -2.43285251433e-05)
(-1.73092250249e-06 -1.02298930123e-06 -2.31540409184e-05)
(-1.76556782813e-06 -8.23661676043e-07 -2.20884188739e-05)
(-1.7816509386e-06 -6.40913330736e-07 -2.1160856179e-05)
(-1.78441387272e-06 -4.74923557142e-07 -2.0391925215e-05)
(-1.78159817677e-06 -3.24796164973e-07 -1.97946991346e-05)
(-1.77794421064e-06 -1.87846092136e-07 -1.93768984493e-05)
(-1.77301071224e-06 -6.1285386027e-08 -1.91263466218e-05)
(-1.78217727192e-07 -2.3217721592e-06 -2.3648654786e-05)
(-4.7379973802e-07 -2.25091399926e-06 -2.3315124374e-05)
(-7.51194523194e-07 -2.12148381391e-06 -2.27530500266e-05)
(-9.8628696912e-07 -1.95389058942e-06 -2.2050818107e-05)
(-1.18197098524e-06 -1.7574501363e-06 -2.12175046457e-05)
(-1.33435551069e-06 -1.5444030499e-06 -2.02906344816e-05)
(-1.44487309514e-06 -1.32668777624e-06 -1.93213845744e-05)
(-1.51808241767e-06 -1.11446016441e-06 -1.83625177277e-05)
(-1.56098431007e-06 -9.14583739071e-07 -1.74551895508e-05)
(-1.58126374036e-06 -7.308645716e-07 -1.66292091199e-05)
(-1.58555122529e-06 -5.64780278952e-07 -1.59087118256e-05)
(-1.57891630234e-06 -4.16130610525e-07 -1.53093907431e-05)
(-1.56951872664e-06 -2.83357655497e-07 -1.48402062971e-05)
(-1.56088495599e-06 -1.63232409032e-07 -1.45067064795e-05)
(-1.55133403053e-06 -5.28309853456e-08 -1.42984716679e-05)
(-1.44321473005e-07 -1.82269396386e-06 -1.46936494586e-05)
(-3.74120567509e-07 -1.76234253862e-06 -1.44470421257e-05)
(-5.89391429616e-07 -1.65297016386e-06 -1.40896371992e-05)
(-7.70374113447e-07 -1.51329147494e-06 -1.36396429864e-05)
(-9.16404301748e-07 -1.35131751817e-06 -1.31133336556e-05)
(-1.02622687235e-06 -1.177554996e-06 -1.25289843133e-05)
(-1.10130448506e-06 -1.00244101235e-06 -1.19198192885e-05)
(-1.14650177197e-06 -8.34118934022e-07 -1.1317858653e-05)
(-1.16817750263e-06 -6.77850422555e-07 -1.07471346338e-05)
(-1.17289858486e-06 -5.36367225734e-07 -1.02259128325e-05)
(-1.16618525022e-06 -4.10610974571e-07 -9.77034825783e-06)
(-1.15243296679e-06 -3.00313055297e-07 -9.38942297692e-06)
(-1.13924685136e-06 -2.02872720334e-07 -9.08865492486e-06)
(-1.12599390142e-06 -1.1636503752e-07 -8.87411464518e-06)
(-1.11434476841e-06 -3.72932626336e-08 -8.73149905917e-06)
(-5.76437713782e-08 -7.57219820467e-07 -4.90381584582e-06)
(-1.58219559685e-07 -7.25405715222e-07 -4.81332109349e-06)
(-2.46365086626e-07 -6.74235752748e-07 -4.68343004435e-06)
(-3.17336933229e-07 -6.09727177765e-07 -4.52867054948e-06)
(-3.71642349976e-07 -5.36476857052e-07 -4.34743123893e-06)
(-4.08658039549e-07 -4.59679287704e-07 -4.14719731396e-06)
(-4.30165069409e-07 -3.84191835556e-07 -3.93905533014e-06)
(-4.39023707639e-07 -3.13634175748e-07 -3.73367855603e-06)
(-4.38661666672e-07 -2.50021986117e-07 -3.53869720505e-06)
(-4.32271178547e-07 -1.94193524539e-07 -3.36036497024e-06)
(-4.22496121701e-07 -1.46188991898e-07 -3.20454662056e-06)
(-4.11359618975e-07 -1.05523372763e-07 -3.07380742682e-06)
(-4.01860816142e-07 -7.03968349702e-08 -2.97152856548e-06)
(-3.92927548502e-07 -4.03429335701e-08 -2.8982126024e-06)
(-3.86738621325e-07 -1.21015759476e-08 -2.84623287125e-06)
(-2.40719677349e-07 -3.85129284766e-06 -5.02162777336e-05)
(-6.85730773162e-07 -3.75740746848e-06 -4.97950941979e-05)
(-1.12507517674e-06 -3.62291925048e-06 -4.8980774958e-05)
(-1.53878960323e-06 -3.44216249667e-06 -4.78368335857e-05)
(-1.92389235138e-06 -3.22327595696e-06 -4.64265517132e-05)
(-2.27382377175e-06 -2.96963707611e-06 -4.48124710528e-05)
(-2.58139011761e-06 -2.68887130778e-06 -4.30673318455e-05)
(-2.84158926856e-06 -2.39029668768e-06 -4.12828313094e-05)
(-3.05452687354e-06 -2.08197933454e-06 -3.95577239071e-05)
(-3.22438987339e-06 -1.76830307461e-06 -3.79770105473e-05)
(-3.35666739807e-06 -1.45086733702e-06 -3.660322507e-05)
(-3.45558885327e-06 -1.13024769882e-06 -3.54810355416e-05)
(-3.52401725119e-06 -8.0717293593e-07 -3.46370222495e-05)
(-3.56496841924e-06 -4.83394988086e-07 -3.40830642975e-05)
(-3.58711326596e-06 -1.632690897e-07 -3.38061749171e-05)
(-2.5468662755e-07 -3.7199264726e-06 -4.89590873946e-05)
(-7.2265673394e-07 -3.63046685671e-06 -4.85394453426e-05)
(-1.17739126844e-06 -3.48474867091e-06 -4.77075587007e-05)
(-1.59853884187e-06 -3.2935253479e-06 -4.65518161457e-05)
(-1.98549471644e-06 -3.06393022005e-06 -4.51332561409e-05)
(-2.33136831911e-06 -2.80129774625e-06 -4.35151277694e-05)
(-2.62906727873e-06 -2.51479823568e-06 -4.17737606257e-05)
(-2.87446717809e-06 -2.21439654788e-06 -4.000490118e-05)
(-3.06903147377e-06 -1.90812437932e-06 -3.83071234761e-05)
(-3.21813089977e-06 -1.60062447747e-06 -3.67606117671e-05)
(-3.32816602845e-06 -1.29483039644e-06 -3.54221514579e-05)
(-3.40455768136e-06 -9.93417225772e-07 -3.43317034526e-05)
(-3.45264349921e-06 -6.99038227887e-07 -3.35110426649e-05)
(-3.47857772715e-06 -4.13880779583e-07 -3.29691597792e-05)
(-3.49357277539e-06 -1.37110688328e-07 -3.26934760205e-05)
(-2.70284906866e-07 -3.74187843325e-06 -4.72368117377e-05)
(-7.59625218446e-07 -3.64693720464e-06 -4.67936040722e-05)
(-1.23057324112e-06 -3.48670205391e-06 -4.59474938418e-05)
(-1.66201733012e-06 -3.27700373855e-06 -4.47863656489e-05)
(-2.05367554922e-06 -3.02683944642e-06 -4.33685372993e-05)
(-2.39805994544e-06 -2.74439697254e-06 -4.1757443913e-05)
(-2.68834735907e-06 -2.44110273915e-06 -4.00338897045e-05)
(-2.92186014834e-06 -2.12844163699e-06 -3.82959373338e-05)
(-3.10189580539e-06 -1.81525356006e-06 -3.66391659406e-05)
(-3.2354913312e-06 -1.50678768969e-06 -3.51372443727e-05)
(-3.33042288759e-06 -1.20653673227e-06 -3.38406118732e-05)
(-3.3935352971e-06 -9.17253120325e-07 -3.27839001325e-05)
(-3.43174514296e-06 -6.40821121591e-07 -3.19852804733e-05)
(-3.45152477461e-06 -3.77249538027e-07 -3.14526520283e-05)
(-3.46499671603e-06 -1.24710356829e-07 -3.11763117889e-05)
(-2.8891464549e-07 -3.87817583479e-06 -4.48264146718e-05)
(-8.0337292812e-07 -3.77599379627e-06 -4.43783394947e-05)
(-1.29750403861e-06 -3.59867474714e-06 -4.35348059062e-05)
(-1.74417807228e-06 -3.36575207908e-06 -4.23895846166e-05)
(-2.14444663732e-06 -3.0887595858e-06 -4.09971967052e-05)
(-2.49003819984e-06 -2.77932931685e-06 -3.94203990412e-05)
(-2.77518748258e-06 -2.4518638187e-06 -3.77423880132e-05)
(-2.99929821253e-06 -2.11982774405e-06 -3.60606158129e-05)
(-3.16796332579e-06 -1.7930201578e-06 -3.44653392003e-05)
(-3.29017325514e-06 -1.47702824243e-06 -3.30228291918e-05)
(-3.37515076269e-06 -1.17514733673e-06 -3.17772330064e-05)
(-3.43086156417e-06 -8.89197999942e-07 -3.07587838291e-05)
(-3.46487298107e-06 -6.19505532916e-07 -2.9983502747e-05)
(-3.48293186156e-06 -3.63696421218e-07 -2.94598119016e-05)
(-3.49471787392e-06 -1.2020752511e-07 -2.91800366403e-05)
(-3.10985186493e-07 -4.09913308868e-06 -4.15380377117e-05)
(-8.52494552675e-07 -3.99074879633e-06 -4.10832683676e-05)
(-1.37293998827e-06 -3.79589516124e-06 -4.02587151442e-05)
(-1.83742464962e-06 -3.53725914344e-06 -3.91545889956e-05)
(-2.2480977885e-06 -3.22985040515e-06 -3.78199977786e-05)
(-2.596122001e-06 -2.88887754953e-06 -3.63149408184e-05)
(-2.87722346759e-06 -2.53194099999e-06 -3.47215757796e-05)
(-3.09323967797e-06 -2.17458021804e-06 -3.31328018291e-05)
(-3.25215841608e-06 -1.82764472599e-06 -3.1630665956e-05)
(-3.3647788372e-06 -1.49702601303e-06 -3.02731552279e-05)
(-3.44143156466e-06 -1.18557692878e-06 -2.90985609957e-05)
(-3.49074248463e-06 -8.9408909255e-07 -2.81338363969e-05)
(-3.52069494095e-06 -6.21654572004e-07 -2.73945355231e-05)
(-3.53679986972e-06 -3.64253489303e-07 -2.68896466308e-05)
(-3.54609505827e-06 -1.20348499038e-07 -2.66114884572e-05)
(-3.32935080132e-07 -4.34156364359e-06 -3.70993792577e-05)
(-8.99991550301e-07 -4.22708779327e-06 -3.66698637066e-05)
(-1.44608131934e-06 -4.0119113715e-06 -3.58900070988e-05)
(-1.92592668104e-06 -3.72715107076e-06 -3.48658653048e-05)
(-2.34393356291e-06 -3.38869869876e-06 -3.36349342283e-05)
(-2.69106857408e-06 -3.01594309861e-06 -3.22533127653e-05)
(-2.96523023025e-06 -2.62911291521e-06 -3.07978429405e-05)
(-3.17089693302e-06 -2.24558075719e-06 -2.93524050097e-05)
(-3.31828097752e-06 -1.87703382657e-06 -2.79878610792e-05)
(-3.41960437495e-06 -1.52963789784e-06 -2.67533012672e-05)
(-3.48591550344e-06 -1.20587238933e-06 -2.56819984017e-05)
(-3.52618714298e-06 -9.05705495612e-07 -2.47979057327e-05)
(-3.54906574193e-06 -6.27567258255e-07 -2.41160854072e-05)
(-3.5603786845e-06 -3.66670827182e-07 -2.36454027785e-05)
(-3.5658595624e-06 -1.20997935576e-07 -2.33767265101e-05)
(-3.51007345166e-07 -4.49036189066e-06 -3.1293377849e-05)
(-9.28399474224e-07 -4.36766786509e-06 -3.08805736901e-05)
(-1.4867439628e-06 -4.13862451432e-06 -3.01951810197e-05)
(-1.97103652776e-06 -3.8332654919e-06 -2.93026641331e-05)
(-2.38519816275e-06 -3.47188724238e-06 -2.82383943582e-05)
(-2.72156964419e-06 -3.07595396509e-06 -2.70481281613e-05)
(-2.98025650364e-06 -2.66808027603e-06 -2.57991190086e-05)
(-3.16838695578e-06 -2.26672584216e-06 -2.45617735902e-05)
(-3.29799725487e-06 -1.8841281345e-06 -2.33932191696e-05)
(-3.38227606514e-06 -1.52676672173e-06 -2.2333350612e-05)
(-3.43272544895e-06 -1.19708032533e-06 -2.14113065999e-05)
(-3.4586565815e-06 -8.94463482514e-07 -2.06475460357e-05)
(-3.469876958e-06 -6.16796725006e-07 -2.00547170075e-05)
(-3.47237207445e-06 -3.58825055898e-07 -1.96404965516e-05)
(-3.47186897243e-06 -1.18100376643e-07 -1.93932609101e-05)
(-3.49211362606e-07 -4.37993657349e-06 -2.39275438361e-05)
(-9.06837425958e-07 -4.24912976428e-06 -2.35951895885e-05)
(-1.44544302635e-06 -4.0142621403e-06 -2.30330671402e-05)
(-1.90467098047e-06 -3.70498706574e-06 -2.23313529557e-05)
(-2.28999440212e-06 -3.34031603956e-06 -2.14992423239e-05)
(-2.59437837707e-06 -2.94422170233e-06 -2.05747516139e-05)
(-2.82074698222e-06 -2.53929058835e-06 -1.96090221117e-05)
(-2.97809313794e-06 -2.14397512319e-06 -1.86544908316e-05)
(-3.07945327423e-06 -1.77019688745e-06 -1.77518674279e-05)
(-3.13826809426e-06 -1.42446280778e-06 -1.69307005377e-05)
(-3.16619382752e-06 -1.10924498504e-06 -1.62149658903e-05)
(-3.17300091041e-06 -8.23452294346e-07 -1.56199857832e-05)
(-3.16929931148e-06 -5.64387677274e-07 -1.51544357304e-05)
(-3.16031508955e-06 -3.26509053327e-07 -1.48238238083e-05)
(-3.15167812548e-06 -1.06886011981e-07 -1.46183563071e-05)
(-2.9729118345e-07 -3.61487143754e-06 -1.50734692828e-05)
(-7.50384057607e-07 -3.4986900168e-06 -1.48270561927e-05)
(-1.18875651555e-06 -3.29164668667e-06 -1.44679857582e-05)
(-1.55943362591e-06 -3.02343726186e-06 -1.40164180676e-05)
(-1.86234021536e-06 -2.71032146312e-06 -1.34885644224e-05)
(-2.09460234794e-06 -2.37338559985e-06 -1.29032628097e-05)
(-2.25971690942e-06 -2.03247935804e-06 -1.22937872264e-05)
(-2.36703485976e-06 -1.70298449838e-06 -1.16920426957e-05)
(-2.42843607412e-06 -1.39465931318e-06 -1.11219167185e-05)
(-2.45572326286e-06 -1.11281879675e-06 -1.06016307504e-05)
(-2.45931043844e-06 -8.59335674654e-07 -1.01471319571e-05)
(-2.44811335351e-06 -6.32996586459e-07 -9.76700975051e-06)
(-2.43190414168e-06 -4.3060609195e-07 -9.46688881054e-06)
(-2.41257044404e-06 -2.4779678672e-07 -9.25318674582e-06)
(-2.3982120287e-06 -8.04706911728e-08 -9.11143312394e-06)
(-1.42904933263e-07 -1.75317372916e-06 -5.31651018719e-06)
(-3.68565509056e-07 -1.68212857271e-06 -5.22183113227e-06)
(-5.77987213513e-07 -1.57057231939e-06 -5.08749763035e-06)
(-7.49820981611e-07 -1.42824499687e-06 -4.92690238701e-06)
(-8.84080922484e-07 -1.26528251023e-06 -4.73895349117e-06)
(-9.79744231548e-07 -1.09316953852e-06 -4.53147661772e-06)
(-1.04047983979e-06 -9.2238907769e-07 -4.31586349288e-06)
(-1.07235716015e-06 -7.6080755318e-07 -4.10304698716e-06)
(-1.08243544104e-06 -6.13024589915e-07 -3.90091164507e-06)
(-1.07737849697e-06 -4.81306923255e-07 -3.71594494296e-06)
(-1.0631644468e-06 -3.66038238501e-07 -3.55406409848e-06)
(-1.04463970562e-06 -2.6601191639e-07 -3.41785741356e-06)
(-1.02646284611e-06 -1.78753437787e-07 -3.31129142486e-06)
(-1.00897742014e-06 -1.02226219899e-07 -3.2345011729e-06)
(-9.98548347862e-07 -3.15017629571e-08 -3.18101542771e-06)
(-3.41959494762e-07 -4.79663025264e-06 -5.03872887901e-05)
(-9.52636632829e-07 -4.67160480244e-06 -4.99638761336e-05)
(-1.5594818451e-06 -4.4917675975e-06 -4.91465944917e-05)
(-2.12799158967e-06 -4.24927539987e-06 -4.79991480889e-05)
(-2.65550408376e-06 -3.95506811065e-06 -4.65845164408e-05)
(-3.13224031305e-06 -3.61569149845e-06 -4.49656427115e-05)
(-3.54615079759e-06 -3.24295549762e-06 -4.3215776392e-05)
(-3.88851643227e-06 -2.85215227116e-06 -4.14269131183e-05)
(-4.15995613004e-06 -2.45681980675e-06 -3.96974902288e-05)
(-4.3687243023e-06 -2.06452592641e-06 -3.81119871935e-05)
(-4.52502908878e-06 -1.67838766309e-06 -3.67327847925e-05)
(-4.63745953048e-06 -1.29861772685e-06 -3.56050212151e-05)
(-4.71299806803e-06 -9.24172853261e-07 -3.47558001865e-05)
(-4.75735812777e-06 -5.52790658825e-07 -3.41969125697e-05)
(-4.77943967798e-06 -1.8583288283e-07 -3.39198805495e-05)
(-3.62246754318e-07 -4.76742249528e-06 -4.91471088462e-05)
(-1.00527562488e-06 -4.64066249292e-06 -4.87247535867e-05)
(-1.63721947315e-06 -4.44431828573e-06 -4.78916135947e-05)
(-2.22069496978e-06 -4.18235764745e-06 -4.6735181286e-05)
(-2.75584697607e-06 -3.86723659448e-06 -4.5316053599e-05)
(-3.23228714436e-06 -3.50872890078e-06 -4.36978158103e-05)
(-3.63825201855e-06 -3.12145772216e-06 -4.1957296776e-05)
(-3.96687941497e-06 -2.72204936319e-06 -4.01898841439e-05)
(-4.22142755158e-06 -2.32376700735e-06 -3.84929993181e-05)
(-4.41223740523e-06 -1.93375578807e-06 -3.69459973054e-05)
(-4.55083227518e-06 -1.55568540093e-06 -3.56058713802e-05)
(-4.64708128898e-06 -1.19075940448e-06 -3.45129276138e-05)
(-4.70958613001e-06 -8.38992299306e-07 -3.36891736295e-05)
(-4.74605891599e-06 -4.97784031084e-07 -3.31441035891e-05)
(-4.76568573824e-06 -1.65558297902e-07 -3.28675271051e-05)
(-3.88374841651e-07 -4.93041943719e-06 -4.73886908982e-05)
(-1.06679212059e-06 -4.79997263216e-06 -4.69457429906e-05)
(-1.72954147955e-06 -4.58348284975e-06 -4.60991531784e-05)
(-2.33547294952e-06 -4.29516591091e-06 -4.49388642077e-05)
(-2.88553068241e-06 -3.94980441025e-06 -4.35226980954e-05)
(-3.36812061147e-06 -3.56118731467e-06 -4.19147005799e-05)
(-3.77211238661e-06 -3.14723221667e-06 -4.01958265877e-05)
(-4.093319517e-06 -2.72643415912e-06 -3.84632306095e-05)
(-4.33811463554e-06 -2.31244617938e-06 -3.68109404182e-05)
(-4.51910996104e-06 -1.91231967123e-06 -3.53117373015e-05)
(-4.64915738215e-06 -1.52964128217e-06 -3.40162499864e-05)
(-4.73916493052e-06 -1.16524937092e-06 -3.29590998545e-05)
(-4.79814703673e-06 -8.18234092414e-07 -3.21592640024e-05)
(-4.83391961867e-06 -4.84365472914e-07 -3.16251037677e-05)
(-4.85544710866e-06 -1.62417064032e-07 -3.13478789875e-05)
(-4.19626139808e-07 -5.27063679281e-06 -4.49508707995e-05)
(-1.13973780714e-06 -5.13092997435e-06 -4.4503232299e-05)
(-1.84434150162e-06 -4.88885699665e-06 -4.36589229746e-05)
(-2.48083622717e-06 -4.56601392832e-06 -4.25144801622e-05)
(-3.05217848908e-06 -4.17997562914e-06 -4.11239784733e-05)
(-3.54558474072e-06 -3.74936566703e-06 -3.9551175445e-05)
(-3.95171022046e-06 -3.29626357193e-06 -3.78792810118e-05)
(-4.26983617467e-06 -2.8415262916e-06 -3.62046409667e-05)
(-4.50975934999e-06 -2.39943071526e-06 -3.46158748723e-05)
(-4.68635332593e-06 -1.97683573674e-06 -3.31784314554e-05)
(-4.81360743605e-06 -1.57672565171e-06 -3.19365615656e-05)
(-4.90293754082e-06 -1.19886713493e-06 -3.0920126674e-05)
(-4.96306600737e-06 -8.4110406661e-07 -3.01460511422e-05)
(-5.00054612294e-06 -4.97474230423e-07 -2.96228898692e-05)
(-5.02411044772e-06 -1.68139156687e-07 -2.93443299887e-05)
(-4.58378312075e-07 -5.73462369451e-06 -4.16534026487e-05)
(-1.22542705346e-06 -5.58392828131e-06 -4.11989019714e-05)
(-1.9782707525e-06 -5.31479290049e-06 -4.03732006754e-05)
(-2.65089374452e-06 -4.95254772617e-06 -3.92698631774e-05)
(-3.2473850375e-06 -4.51938682497e-06 -3.7937383142e-05)
(-3.75424826132e-06 -4.03877351356e-06 -3.6436980643e-05)
(-4.16457198575e-06 -3.53722983555e-06 -3.48507132953e-05)
(-4.48146671605e-06 -3.03812566066e-06 -3.32703106059e-05)
(-4.71804039548e-06 -2.55670583814e-06 -3.17762632368e-05)
(-4.89102081114e-06 -2.09999142466e-06 -3.04258501706e-05)
(-5.01506066048e-06 -1.67052237332e-06 -2.92574055655e-05)
(-5.10180366331e-06 -1.26733159362e-06 -2.82973478126e-05)
(-5.16005985878e-06 -8.87638695754e-07 -2.75615410576e-05)
(-5.19586384261e-06 -5.24078701177e-07 -2.70590747609e-05)
(-5.21840773806e-06 -1.78089399113e-07 -2.6783173182e-05)
(-4.98693261168e-07 -6.2416315054e-06 -3.7233371852e-05)
(-1.31367288643e-06 -6.07981406418e-06 -3.6804614425e-05)
(-2.11737878742e-06 -5.77735179478e-06 -3.6023063963e-05)
(-2.82486639406e-06 -5.37259075626e-06 -3.49996834851e-05)
(-3.44376831569e-06 -4.88875071981e-06 -3.37708897868e-05)
(-3.96040308312e-06 -4.35504418609e-06 -3.23941508478e-05)
(-4.37129031014e-06 -3.80161175111e-06 -3.09461274268e-05)
(-4.68348746618e-06 -3.25407521378e-06 -2.95096184467e-05)
(-4.91299580192e-06 -2.72869285596e-06 -2.81541395016e-05)
(-5.07784939545e-06 -2.23309382422e-06 -2.69281978114e-05)
(-5.19311443838e-06 -1.76980205098e-06 -2.5865002306e-05)
(-5.27090443319e-06 -1.33755350837e-06 -2.49879238672e-05)
(-5.32111307073e-06 -9.33525983453e-07 -2.43116118401e-05)
(-5.35025250383e-06 -5.49350829966e-07 -2.38449109151e-05)
(-5.36893030088e-06 -1.87277154946e-07 -2.35791175925e-05)
(-5.36887565161e-07 -6.62752424821e-06 -3.14807557192e-05)
(-1.38118348742e-06 -6.45231446696e-06 -3.10705867115e-05)
(-2.21842829358e-06 -6.12395109799e-06 -3.0383313712e-05)
(-2.94759708654e-06 -5.68202680423e-06 -2.9491711641e-05)
(-3.57458104039e-06 -5.15601210389e-06 -2.84296837225e-05)
(-4.08788295362e-06 -4.57832893312e-06 -2.7244324578e-05)
(-4.48745553468e-06 -3.98246770672e-06 -2.60026960715e-05)
(-4.78418704752e-06 -3.39553108228e-06 -2.47743213732e-05)
(-4.99633298242e-06 -2.83472385556e-06 -2.36153114974e-05)
(-5.14276452629e-06 -2.30872003895e-06 -2.25650998877e-05)
(-5.23913490773e-06 -1.82054645128e-06 -2.16524840093e-05)
(-5.29862054771e-06 -1.36875744037e-06 -2.08971929619e-05)
(-5.3330068127e-06 -9.5049561238e-07 -2.03112776242e-05)
(-5.34946957116e-06 -5.56527208847e-07 -1.99024460171e-05)
(-5.36058542298e-06 -1.90019615204e-07 -1.96593050282e-05)
(-5.4952792134e-07 -6.66510468851e-06 -2.42275714495e-05)
(-1.3839972953e-06 -6.47604668581e-06 -2.38983227457e-05)
(-2.21416124114e-06 -6.13150416353e-06 -2.33346684652e-05)
(-2.92576280835e-06 -5.67366856705e-06 -2.26337311263e-05)
(-3.52742679282e-06 -5.1306732079e-06 -2.18035516214e-05)
(-4.00863887271e-06 -4.53858700019e-06 -2.08832322337e-05)
(-4.37351872584e-06 -3.93118865464e-06 -1.99237806763e-05)
(-4.63565898763e-06 -3.33575270816e-06 -1.89770455256e-05)
(-4.81440463629e-06 -2.76956199096e-06 -1.80831503678e-05)
(-4.92879705776e-06 -2.24215384786e-06 -1.72713437675e-05)
(-4.99527340194e-06 -1.7571435625e-06 -1.65648903416e-05)
(-5.02832934044e-06 -1.31280804752e-06 -1.59782813518e-05)
(-5.04099783643e-06 -9.05976711441e-07 -1.55200287266e-05)
(-5.04001792192e-06 -5.27375695763e-07 -1.51954152249e-05)
(-5.04032166699e-06 -1.80431848465e-07 -1.49939780703e-05)
(-4.91833831623e-07 -5.74907195969e-06 -1.55602094376e-05)
(-1.19419293969e-06 -5.5769464385e-06 -1.53170225726e-05)
(-1.89925248539e-06 -5.26192481427e-06 -1.49552415006e-05)
(-2.4996033835e-06 -4.85038505225e-06 -1.45028341551e-05)
(-2.9957637222e-06 -4.36686754276e-06 -1.39746146705e-05)
(-3.3831170146e-06 -3.84374761244e-06 -1.3390483126e-05)
(-3.66704246564e-06 -3.31128858946e-06 -1.27837870477e-05)
(-3.86165185519e-06 -2.79293064351e-06 -1.21862025887e-05)
(-3.98456733775e-06 -2.3035384549e-06 -1.16214444374e-05)
(-4.05284247247e-06 -1.85165927895e-06 -1.11075502806e-05)
(-4.08203059663e-06 -1.44049194946e-06 -1.06595986854e-05)
(-4.0857915762e-06 -1.0683812678e-06 -1.02856209163e-05)
(-4.07613813546e-06 -7.32292898648e-07 -9.99147684958e-06)
(-4.05792766653e-06 -4.2386120108e-07 -9.78244718645e-06)
(-4.04784960395e-06 -1.45911086996e-07 -9.64392654684e-06)
(-3.00215337903e-07 -3.40810065964e-06 -6.08043211768e-06)
(-7.12161016072e-07 -3.28452967783e-06 -5.98096482455e-06)
(-1.12376823742e-06 -3.08339784702e-06 -5.83931440314e-06)
(-1.46746538021e-06 -2.82402123775e-06 -5.6705294203e-06)
(-1.74273658825e-06 -2.52401519386e-06 -5.47325912509e-06)
(-1.9478570359e-06 -2.20354611346e-06 -5.25620524351e-06)
(-2.08881177814e-06 -1.881221761e-06 -5.03138871674e-06)
(-2.17575909317e-06 -1.57127453171e-06 -4.8102153227e-06)
(-2.22033969762e-06 -1.28247381036e-06 -4.60094959526e-06)
(-2.23373198272e-06 -1.01979076986e-06 -4.41022165682e-06)
(-2.22661281565e-06 -7.84798043488e-07 -4.24364622284e-06)
(-2.20767809816e-06 -5.76290409268e-07 -4.1039326276e-06)
(-2.18465670762e-06 -3.914782191e-07 -3.99537606943e-06)
(-2.160548127e-06 -2.25569341886e-07 -3.91663209106e-06)
(-2.14714588382e-06 -7.89386077853e-08 -3.86336078912e-06)
)


// ************************************************************************* //
