/*--------------------------------*- C++ -*----------------------------------*\
| =========                 |                                                 |
| \\      /  F ield         | foam-extend: Open Source CFD                    |
|  \\    /   O peration     | Version:     4.1                                |
|   \\  /    A nd           | Web:         http://www.foam-extend.org         |
|    \\/     M anipulation  |                                                 |
\*---------------------------------------------------------------------------*/
FoamFile
{
    version     2.0;
    format      ascii;
    class       vectorField;
    location    "1";
    object      solidsCellD_iteration5;
}
// * * * * * * * * * * * * * * * * * * * * * * * * * * * * * * * * * * * * * //


1050
(
(5.32291180872e-08 -1.56872259832e-07 -2.4521917885e-05)
(1.54487630996e-07 -1.66982446936e-07 -2.43337414678e-05)
(2.51374511204e-07 -1.91169169699e-07 -2.39628974333e-05)
(3.37455385531e-07 -2.23362412898e-07 -2.34391487873e-05)
(4.10417703776e-07 -2.55666155125e-07 -2.27942968373e-05)
(4.69340934315e-07 -2.83723700903e-07 -2.20670461366e-05)
(5.14168314133e-07 -3.04994321654e-07 -2.12913546259e-05)
(5.43924306118e-07 -3.16231275745e-07 -2.05000559417e-05)
(5.58573851876e-07 -3.13510990205e-07 -1.97320694913e-05)
(5.60991387776e-07 -2.94163056584e-07 -1.9027787161e-05)
(5.56108396404e-07 -2.58448881796e-07 -1.84203656714e-05)
(5.48947200434e-07 -2.09536730767e-07 -1.79312236466e-05)
(5.42929113131e-07 -1.52120195112e-07 -1.75698343284e-05)
(5.3949371902e-07 -9.11271658988e-08 -1.73364434822e-05)
(5.38223601654e-07 -2.97934750509e-08 -1.72263447781e-05)
(5.7754639249e-08 -7.21082529988e-09 -2.42199003033e-05)
(1.66472496157e-07 -2.0532744251e-08 -2.40118975446e-05)
(2.7081285836e-07 -5.29224723561e-08 -2.36359959236e-05)
(3.63393925122e-07 -9.43021552804e-08 -2.31098128871e-05)
(4.42119225877e-07 -1.35615691092e-07 -2.24621789206e-05)
(5.05987273546e-07 -1.71508301721e-07 -2.17338198862e-05)
(5.55616469827e-07 -1.99559707066e-07 -2.09582504875e-05)
(5.90662247237e-07 -2.16434352263e-07 -2.01683721085e-05)
(6.12007374918e-07 -2.18455061825e-07 -1.94045103407e-05)
(6.23319769146e-07 -2.04041995159e-07 -1.87071222706e-05)
(6.29733778281e-07 -1.75129874304e-07 -1.81079980893e-05)
(6.35604364148e-07 -1.36591186292e-07 -1.76267595821e-05)
(6.4264040681e-07 -9.43025249557e-08 -1.72713722321e-05)
(6.49930166028e-07 -5.33636835265e-08 -1.70414801406e-05)
(6.5447681597e-07 -1.62151059029e-08 -1.69340507918e-05)
(6.81910347814e-08 2.29918928874e-07 -2.36140488643e-05)
(1.93295212533e-07 2.12049103439e-07 -2.34132564591e-05)
(3.1247323985e-07 1.72966099401e-07 -2.30460479728e-05)
(4.20223814155e-07 1.22183627903e-07 -2.2525059723e-05)
(5.1235858267e-07 6.95589229704e-08 -2.18813926901e-05)
(5.88311336948e-07 2.15367201616e-08 -2.11559857541e-05)
(6.48979793679e-07 -1.92688413731e-08 -2.03851696443e-05)
(6.94688402018e-07 -4.95146925109e-08 -1.96029938966e-05)
(7.27199612209e-07 -6.57923672663e-08 -1.88495232856e-05)
(7.50712963124e-07 -6.72300417945e-08 -1.81633627947e-05)
(7.70188864719e-07 -5.66129573479e-08 -1.75742688415e-05)
(7.89102740214e-07 -3.94447169941e-08 -1.71004331919e-05)
(8.07847593205e-07 -2.16787278638e-08 -1.67494301475e-05)
(8.24720448695e-07 -8.40083710172e-09 -1.65211206075e-05)
(8.34103585934e-07 -7.72566484494e-10 -1.64110782316e-05)
(7.93458102475e-08 5.47184553333e-07 -2.26692897033e-05)
(2.25496089502e-07 5.27278193815e-07 -2.24764345155e-05)
(3.69017988258e-07 4.81952235265e-07 -2.21117074214e-05)
(4.9927435928e-07 4.19629731902e-07 -2.16008629917e-05)
(6.12460711793e-07 3.51162776011e-07 -2.09652985795e-05)
(7.07150426123e-07 2.84454311782e-07 -2.02491552333e-05)
(7.84448645851e-07 2.23065843152e-07 -1.94913905608e-05)
(8.45374868953e-07 1.70694551037e-07 -1.87263039429e-05)
(8.92394402421e-07 1.30645442354e-07 -1.79922360232e-05)
(9.29957925366e-07 1.0349365198e-07 -1.7324826652e-05)
(9.62721936299e-07 8.6302008741e-08 -1.67513243079e-05)
(9.93408542944e-07 7.3698721521e-08 -1.62886232737e-05)
(1.02133582719e-06 6.03339925262e-08 -1.59445973202e-05)
(1.04451589945e-06 4.1298339998e-08 -1.57205321328e-05)
(1.0569781763e-06 1.60398110942e-08 -1.56093814599e-05)
(9.64395787812e-08 9.17848369813e-07 -2.12821034245e-05)
(2.73179832531e-07 8.95152799215e-07 -2.10793884002e-05)
(4.47382479118e-07 8.4279470895e-07 -2.07262911928e-05)
(6.05529610988e-07 7.66738605714e-07 -2.02336978378e-05)
(7.43748021931e-07 6.78996962753e-07 -1.96199979008e-05)
(8.60229730644e-07 5.88778399123e-07 -1.89305509092e-05)
(9.56462416698e-07 5.01077280694e-07 -1.8203964855e-05)
(1.03412878444e-06 4.20187415984e-07 -1.74731462781e-05)
(1.09618667203e-06 3.49510434434e-07 -1.67736447887e-05)
(1.14713046961e-06 2.89796967254e-07 -1.61376282508e-05)
(1.19132957536e-06 2.38666353672e-07 -1.55897673813e-05)
(1.23112983081e-06 1.91500501429e-07 -1.51457894002e-05)
(1.26548725002e-06 1.43765814727e-07 -1.4813067012e-05)
(1.29253917322e-06 9.10941081018e-08 -1.45939591113e-05)
(1.30578489129e-06 3.27885979649e-08 -1.4481280319e-05)
(1.16890486462e-07 1.32230001364e-06 -1.93161815341e-05)
(3.28281836642e-07 1.29567212464e-06 -1.91197732332e-05)
(5.36654712677e-07 1.23232441708e-06 -1.87805171237e-05)
(7.25039392278e-07 1.13962996213e-06 -1.83179107547e-05)
(8.90166325399e-07 1.02885703773e-06 -1.7743571165e-05)
(1.02960368438e-06 9.10984500726e-07 -1.71013248363e-05)
(1.14519976438e-06 7.92420175256e-07 -1.64269599035e-05)
(1.23911048392e-06 6.78327144774e-07 -1.57506960095e-05)
(1.31465105125e-06 5.72495045264e-07 -1.51047101127e-05)
(1.37634763993e-06 4.76242657366e-07 -1.45172600721e-05)
(1.42846324078e-06 3.8822541797e-07 -1.40098803711e-05)
(1.47329035603e-06 3.05004972215e-07 -1.35971880978e-05)
(1.50992322886e-06 2.2281357055e-07 -1.3286091446e-05)
(1.53732815985e-06 1.37644526928e-07 -1.30786772321e-05)
(1.54895709848e-06 4.83596657211e-08 -1.29683876288e-05)
(1.3857885782e-07 1.71755957573e-06 -1.66350528893e-05)
(3.85663918955e-07 1.68717283318e-06 -1.64588933061e-05)
(6.28527030844e-07 1.60889941415e-06 -1.61520817605e-05)
(8.46552307741e-07 1.49674725902e-06 -1.57333556494e-05)
(1.0357381616e-06 1.36104341875e-06 -1.52235198741e-05)
(1.19475607461e-06 1.21376307867e-06 -1.4656569768e-05)
(1.32558318177e-06 1.06283904107e-06 -1.40630789785e-05)
(1.43093837998e-06 9.1444390103e-07 -1.34691996407e-05)
(1.51454836744e-06 7.73040639264e-07 -1.29027365034e-05)
(1.58112353835e-06 6.40751201844e-07 -1.23873670582e-05)
(1.63514649894e-06 5.17407183571e-07 -1.19404560555e-05)
(1.67929043079e-06 4.00881613525e-07 -1.15744475381e-05)
(1.71315645023e-06 2.88199481336e-07 -1.12960953794e-05)
(1.73697191622e-06 1.75459386652e-07 -1.11078215863e-05)
(1.74480273321e-06 6.09134383178e-08 -1.10045930572e-05)
(1.57456108189e-07 2.01965562928e-06 -1.31163670059e-05)
(4.30398291805e-07 1.98138050313e-06 -1.29501145057e-05)
(6.98218710638e-07 1.89118645235e-06 -1.26900436653e-05)
(9.35069161422e-07 1.76120881036e-06 -1.23523610996e-05)
(1.13826776251e-06 1.60372924048e-06 -1.19401910951e-05)
(1.30655196124e-06 1.43153101848e-06 -1.14843758726e-05)
(1.44235196161e-06 1.2536521344e-06 -1.10078581911e-05)
(1.54897379654e-06 1.07725100059e-06 -1.05306932354e-05)
(1.6307478041e-06 9.07626453133e-07 -1.00754126991e-05)
(1.6927914801e-06 7.47740105576e-07 -9.66086305447e-06)
(1.74012275687e-06 5.98385486116e-07 -9.30007664219e-06)
(1.77623161255e-06 4.58430016199e-07 -9.00224693958e-06)
(1.80176314412e-06 3.25551705613e-07 -8.77332381125e-06)
(1.81855186288e-06 1.95952139433e-07 -8.61674205683e-06)
(1.8219588107e-06 6.75133005447e-08 -8.53012731372e-06)
(1.57242379789e-07 2.03884310605e-06 -8.58239308149e-06)
(4.26557861549e-07 1.98890657424e-06 -8.47837139379e-06)
(6.87095992924e-07 1.89362052494e-06 -8.29780231834e-06)
(9.12502796694e-07 1.759850259e-06 -8.06502256674e-06)
(1.10245427811e-06 1.5988509048e-06 -7.78992559914e-06)
(1.25570726065e-06 1.42295985865e-06 -7.48627668749e-06)
(1.37547030072e-06 1.24124661635e-06 -7.16907625406e-06)
(1.46524265359e-06 1.06111232945e-06 -6.85152989818e-06)
(1.52984879544e-06 8.8812871916e-07 -6.54821954999e-06)
(1.57465657875e-06 7.25721224664e-07 -6.27196513766e-06)
(1.60506050491e-06 5.75185270889e-07 -6.03138261228e-06)
(1.62529059203e-06 4.35867500856e-07 -5.83222496401e-06)
(1.63712530829e-06 3.06039907453e-07 -5.67872591941e-06)
(1.64400159839e-06 1.81898848886e-07 -5.57483861349e-06)
(1.6417937257e-06 6.20990780733e-08 -5.51825655906e-06)
(1.0925377794e-07 1.39427796523e-06 -3.1004918423e-06)
(2.85850612783e-07 1.3513163358e-06 -3.05230013012e-06)
(4.56826051832e-07 1.27757406893e-06 -2.98454743555e-06)
(6.02814136475e-07 1.17855130188e-06 -2.90207339353e-06)
(7.21413431049e-07 1.06178481264e-06 -2.80120740661e-06)
(8.13011635496e-07 9.35543239309e-07 -2.69033948224e-06)
(8.79539611183e-07 8.06709857831e-07 -2.5747469655e-06)
(9.24313560457e-07 6.80696217767e-07 -2.45891392251e-06)
(9.51417252364e-07 5.61624948788e-07 -2.34853202528e-06)
(9.65293197986e-07 4.51946190917e-07 -2.24857070036e-06)
(9.70339020345e-07 3.52518479213e-07 -2.16221775482e-06)
(9.7026283897e-07 2.62858370502e-07 -2.0914925162e-06)
(9.67345637027e-07 1.81749589633e-07 -2.0381826486e-06)
(9.6399586804e-07 1.06500666854e-07 -2.00462139519e-06)
(9.6039763102e-07 3.61676541336e-08 -1.98783535615e-06)
(2.77202013152e-08 -3.80036615813e-07 -2.46088886506e-05)
(8.00985148422e-08 -3.8359302138e-07 -2.44288682116e-05)
(1.29827117248e-07 -3.90900357196e-07 -2.40602193151e-05)
(1.73752047243e-07 -4.01291513872e-07 -2.35378661474e-05)
(2.09478128456e-07 -4.08860395435e-07 -2.28947846776e-05)
(2.36356735053e-07 -4.10663404796e-07 -2.21689966925e-05)
(2.54303457175e-07 -4.0514844338e-07 -2.13936415978e-05)
(2.62982305403e-07 -3.9066002288e-07 -2.06008668886e-05)
(2.6308933125e-07 -3.65395784605e-07 -1.98303870403e-05)
(2.57237653739e-07 -3.28306060769e-07 -1.91233548145e-05)
(2.49045770685e-07 -2.80048868397e-07 -1.85133644479e-05)
(2.41863121122e-07 -2.23073687781e-07 -1.80221488795e-05)
(2.37647697121e-07 -1.60754361169e-07 -1.76591597602e-05)
(2.37291256816e-07 -9.69267266595e-08 -1.74244280146e-05)
(2.42236951181e-07 -3.20483175858e-08 -1.73140924055e-05)
(2.98529977101e-08 -2.65372307433e-07 -2.4315575359e-05)
(8.75586784314e-08 -2.67635777239e-07 -2.41128934577e-05)
(1.44221927504e-07 -2.79412497944e-07 -2.3735786839e-05)
(1.93287615724e-07 -2.95581767486e-07 -2.32098476546e-05)
(2.3380580581e-07 -3.08913266392e-07 -2.25611293883e-05)
(2.64982698304e-07 -3.15850430145e-07 -2.18315770105e-05)
(2.87330714858e-07 -3.14910961321e-07 -2.10543926926e-05)
(3.00964414982e-07 -3.04509150413e-07 -2.02621901806e-05)
(3.07142774432e-07 -2.83137362167e-07 -1.94958905186e-05)
(3.08853637344e-07 -2.5057562376e-07 -1.87962761902e-05)
(3.0971568064e-07 -2.08661787978e-07 -1.81953491521e-05)
(3.12549204518e-07 -1.61054589686e-07 -1.77128676006e-05)
(3.17989945626e-07 -1.1199946461e-07 -1.73568090569e-05)
(3.25445737708e-07 -6.51967284364e-08 -1.71266368432e-05)
(3.3419684459e-07 -2.08882605307e-08 -1.70189836366e-05)
(3.77792434893e-08 -9.06465502924e-08 -2.37293579287e-05)
(1.07715517295e-07 -9.41852279467e-08 -2.35239541557e-05)
(1.73757522851e-07 -1.11636235691e-07 -2.31578015657e-05)
(2.32750842164e-07 -1.35103173005e-07 -2.26373188445e-05)
(2.81906068416e-07 -1.57435792834e-07 -2.19921598778e-05)
(3.20943969618e-07 -1.73874880538e-07 -2.12651274667e-05)
(3.50870827907e-07 -1.82667979857e-07 -2.04921555023e-05)
(3.72302390198e-07 -1.82151945458e-07 -1.97070841437e-05)
(3.86972389542e-07 -1.71119030009e-07 -1.89505355869e-05)
(3.97962187241e-07 -1.50015350661e-07 -1.82615043718e-05)
(4.08554959542e-07 -1.21403741566e-07 -1.76701470751e-05)
(4.20855053408e-07 -8.94842447747e-08 -1.71949068849e-05)
(4.34459754263e-07 -5.86198776706e-08 -1.68434900137e-05)
(4.48633972113e-07 -3.21009283538e-08 -1.66155760712e-05)
(4.59726536316e-07 -9.70820717503e-09 -1.65058921555e-05)
(4.57542968972e-08 1.45611789276e-07 -2.2787119679e-05)
(1.29656916244e-07 1.38562579133e-07 -2.25956183136e-05)
(2.11926706144e-07 1.15117059736e-07 -2.22336405786e-05)
(2.86270024876e-07 8.22934118227e-08 -2.17233681752e-05)
(3.49561544328e-07 4.74724118291e-08 -2.10868827527e-05)
(4.01510682403e-07 1.66310365111e-08 -2.03694333622e-05)
(4.4319990745e-07 -7.84750850028e-09 -1.96096398582e-05)
(4.75630844373e-07 -2.39615168335e-08 -1.88416821825e-05)
(5.00854524877e-07 -3.05475108943e-08 -1.810444021e-05)
(5.21952114026e-07 -2.82617606987e-08 -1.7433952933e-05)
(5.41917202285e-07 -1.98027951466e-08 -1.68579579586e-05)
(5.6233171523e-07 -9.353074494e-09 -1.63936987488e-05)
(5.81879334513e-07 -8.97071615573e-10 -1.6048980437e-05)
(5.99860849553e-07 2.86189154736e-09 -1.58248904224e-05)
(6.11562402577e-07 1.96846626073e-09 -1.57136671775e-05)
(5.70142079306e-08 4.1825159387e-07 -2.1403136355e-05)
(1.62168782949e-07 4.07633970412e-07 -2.12021151972e-05)
(2.66100805025e-07 3.78645761019e-07 -2.08505606153e-05)
(3.59683807441e-07 3.34871133477e-07 -2.03575343446e-05)
(4.40217257732e-07 2.85433171949e-07 -1.97426963485e-05)
(5.07418935904e-07 2.36930178186e-07 -1.90518019533e-05)
(5.62497966255e-07 1.92672906286e-07 -1.83231704374e-05)
(6.06799816664e-07 1.55156961232e-07 -1.75896847342e-05)
(6.42578859827e-07 1.2577005151e-07 -1.68874071739e-05)
(6.72859918686e-07 1.04115903038e-07 -1.62487431949e-05)
(7.00437934052e-07 8.79402560702e-08 -1.56987288213e-05)
(7.26690039165e-07 7.35673012824e-08 -1.52536298049e-05)
(7.49990432859e-07 5.74773996224e-08 -1.4920742926e-05)
(7.70011449546e-07 3.77229917048e-08 -1.47020907934e-05)
(7.80754768668e-07 1.35824784669e-08 -1.45890584898e-05)
(7.07949933884e-08 7.13378578055e-07 -1.94365332499e-05)
(1.99927376967e-07 7.00390380309e-07 -1.92396686248e-05)
(3.27314947968e-07 6.63746711125e-07 -1.89005523243e-05)
(4.41380280166e-07 6.07595524973e-07 -1.84384537519e-05)
(5.40616687858e-07 5.41379900397e-07 -1.78637411605e-05)
(6.23949474538e-07 4.72538744735e-07 -1.7220583603e-05)
(6.92739661561e-07 4.05332159827e-07 -1.65445576826e-05)
(7.485136349e-07 3.42931463387e-07 -1.58658874721e-05)
(7.9364812514e-07 2.87233496373e-07 -1.52172547316e-05)
(8.3114995827e-07 2.38479915201e-07 -1.46270715573e-05)
(8.63793591412e-07 1.9523786173e-07 -1.41170798297e-05)
(8.9294649222e-07 1.54675721786e-07 -1.37024549616e-05)
(9.16982238887e-07 1.13738986792e-07 -1.33901188695e-05)
(9.36562727058e-07 7.08606822468e-08 -1.31820561663e-05)
(9.44425055732e-07 2.45489028779e-08 -1.3070115169e-05)
(8.55864790982e-08 1.00001746122e-06 -1.67436530973e-05)
(2.39076738353e-07 9.84028946685e-07 -1.65681322204e-05)
(3.88603222856e-07 9.36514144318e-07 -1.62623063757e-05)
(5.22632190332e-07 8.66918070117e-07 -1.58430338647e-05)
(6.38331946127e-07 7.83237625012e-07 -1.53323387905e-05)
(7.35177108211e-07 6.93583347147e-07 -1.4763956011e-05)
(8.14560119141e-07 6.03087699232e-07 -1.416814163e-05)
(8.78282932991e-07 5.15647799303e-07 -1.35711776435e-05)
(9.28874842206e-07 4.338148857e-07 -1.30012879001e-05)
(9.69441831174e-07 3.58643248322e-07 -1.24823408741e-05)
(1.0030083388e-06 2.89607715938e-07 -1.20318667793e-05)
(1.03120519827e-06 2.24747228051e-07 -1.16626703771e-05)
(1.05254275141e-06 1.61488872245e-07 -1.13815307442e-05)
(1.06910298976e-06 9.83603889244e-08 -1.11914023028e-05)
(1.0726949056e-06 3.35112215875e-08 -1.1086533256e-05)
(9.67863345732e-08 1.20795141853e-06 -1.31962080878e-05)
(2.65898107139e-07 1.18948332099e-06 -1.30279945545e-05)
(4.31515778317e-07 1.13371452076e-06 -1.27681082973e-05)
(5.77432836468e-07 1.05292775449e-06 -1.24299300386e-05)
(7.01934970782e-07 9.55043727577e-07 -1.20164642896e-05)
(8.04551087943e-07 8.48697429248e-07 -1.15585038753e-05)
(8.86742864017e-07 7.39789838164e-07 -1.10790161566e-05)
(9.50775051681e-07 6.32857735429e-07 -1.05980755259e-05)
(9.99510588505e-07 5.31143831278e-07 -1.01386101262e-05)
(1.03634593247e-06 4.36445623834e-07 -9.71972183859e-06)
(1.06477654816e-06 3.48953305652e-07 -9.35466997893e-06)
(1.08695601881e-06 2.67313990176e-07 -9.05296075972e-06)
(1.10191809019e-06 1.89282632044e-07 -8.82086533727e-06)
(1.11347731138e-06 1.13567403517e-07 -8.66292471363e-06)
(1.11331234349e-06 3.83075800283e-08 -8.57740376723e-06)
(9.55173563937e-08 1.21163244127e-06 -8.59838178941e-06)
(2.61352821304e-07 1.1828716015e-06 -8.49172797278e-06)
(4.19294339366e-07 1.12510020397e-06 -8.31071350324e-06)
(5.55238005337e-07 1.0433208781e-06 -8.07691360582e-06)
(6.6892552504e-07 9.44863245584e-07 -7.80029946286e-06)
(7.59413686948e-07 8.37868485497e-07 -7.49462618308e-06)
(8.29192832533e-07 7.27984745873e-07 -7.17469428507e-06)
(8.80524301885e-07 6.1987128584e-07 -6.85377353897e-06)
(9.16569635279e-07 5.16927708386e-07 -6.54668236103e-06)
(9.40850636625e-07 4.21271116337e-07 -6.26636683764e-06)
(9.57073119507e-07 3.33448541927e-07 -6.02164320394e-06)
(9.67820919497e-07 2.52419481152e-07 -5.81867081078e-06)
(9.7293206761e-07 1.76535985662e-07 -5.66231804226e-06)
(9.7796091951e-07 1.04481553044e-07 -5.55752711978e-06)
(9.72473615897e-07 3.4824563231e-08 -5.50215365985e-06)
(5.86000099037e-08 7.5451681899e-07 -2.98996268073e-06)
(1.54956981873e-07 7.28430505877e-07 -2.94202171257e-06)
(2.47279153363e-07 6.86351224616e-07 -2.87471187185e-06)
(3.25327407425e-07 6.29899395776e-07 -2.79293966189e-06)
(3.87462711127e-07 5.63886864747e-07 -2.69316373369e-06)
(4.34188214457e-07 4.93232581776e-07 -2.58328566884e-06)
(4.66618949715e-07 4.21967619131e-07 -2.46838261552e-06)
(4.86901709795e-07 3.53176747796e-07 -2.3529144471e-06)
(4.9753886659e-07 2.8914186894e-07 -2.24252446813e-06)
(5.01236141546e-07 2.31153322063e-07 -2.1421391648e-06)
(5.0073521336e-07 1.79425546273e-07 -2.05497165837e-06)
(4.98129078333e-07 1.33214106417e-07 -1.98329923401e-06)
(4.94111086555e-07 9.1597843407e-08 -1.92925518862e-06)
(4.91022388624e-07 5.34641369074e-08 -1.89537593043e-06)
(4.85535100524e-07 1.75677539914e-08 -1.87715023287e-06)
(-6.10201442955e-10 -6.70172088731e-07 -2.47455039468e-05)
(-4.17435193996e-09 -6.69475611529e-07 -2.45609479654e-05)
(-8.8055613266e-09 -6.60800508985e-07 -2.41931502611e-05)
(-1.41207777615e-08 -6.50140733605e-07 -2.36698772963e-05)
(-2.29330070872e-08 -6.341179494e-07 -2.30255307653e-05)
(-3.52512376762e-08 -6.10688759154e-07 -2.22987419511e-05)
(-5.07481648036e-08 -5.79085887366e-07 -2.15225751413e-05)
(-6.92265514083e-08 -5.38704872721e-07 -2.0729265253e-05)
(-8.97734494662e-08 -4.88982659275e-07 -1.99587546372e-05)
(-1.10540103612e-07 -4.29644999746e-07 -1.92519044064e-05)
(-1.29316828909e-07 -3.61334528428e-07 -1.864208201e-05)
(-1.44058852741e-07 -2.85890885679e-07 -1.81509973187e-05)
(-1.53852740408e-07 -2.05763608739e-07 -1.77881465915e-05)
(-1.59160334245e-07 -1.24540113241e-07 -1.75539612843e-05)
(-1.57271819947e-07 -4.14562941715e-08 -1.74433588906e-05)
(-3.38319145146e-10 -5.6082548743e-07 -2.44380478225e-05)
(-4.35540303388e-10 -5.58667529483e-07 -2.42422755381e-05)
(1.76758708025e-09 -5.5161790767e-07 -2.38650388266e-05)
(9.31619774729e-10 -5.44866850146e-07 -2.33377288481e-05)
(-3.58117718583e-09 -5.32786617309e-07 -2.26872569237e-05)
(-1.16452363602e-08 -5.13052308493e-07 -2.19561680942e-05)
(-2.25355752966e-08 -4.84955441815e-07 -2.11776150805e-05)
(-3.57057106534e-08 -4.48047066594e-07 -2.03844418717e-05)
(-4.98090582473e-08 -4.02119540869e-07 -1.96177391559e-05)
(-6.27295348231e-08 -3.47641810109e-07 -1.89178950408e-05)
(-7.22596340006e-08 -2.86275811409e-07 -1.83167820141e-05)
(-7.67825198246e-08 -2.2099490091e-07 -1.78341668007e-05)
(-7.66415662614e-08 -1.55206903648e-07 -1.74779183583e-05)
(-7.40274172644e-08 -9.18757794163e-08 -1.72475893278e-05)
(-6.89849177996e-08 -3.00483661376e-08 -1.71369663748e-05)
(4.83031448425e-09 -4.28403440014e-07 -2.38669485463e-05)
(1.3811263277e-08 -4.22663814793e-07 -2.36577776845e-05)
(2.23961617746e-08 -4.1912281942e-07 -2.32892039058e-05)
(2.78676031274e-08 -4.17004341117e-07 -2.27665573867e-05)
(2.91837534158e-08 -4.10794405493e-07 -2.21185988845e-05)
(2.66823401714e-08 -3.97327998569e-07 -2.13890497503e-05)
(2.15720128325e-08 -3.75763737013e-07 -2.06137732864e-05)
(1.47706222417e-08 -3.45695392213e-07 -1.98269812924e-05)
(7.90137034284e-09 -3.07290125261e-07 -1.90694887066e-05)
(3.00378214814e-09 -2.6164650923e-07 -1.83799159732e-05)
(1.90983942457e-09 -2.11059765205e-07 -1.77883606923e-05)
(5.57409279652e-09 -1.58977391637e-07 -1.7313292609e-05)
(1.2627691533e-08 -1.08977974107e-07 -1.69620317435e-05)
(2.07837196345e-08 -6.3178170633e-08 -1.6733956123e-05)
(2.80359634707e-08 -2.03897433389e-08 -1.66214003624e-05)
(1.02445739865e-08 -2.55440933131e-07 -2.29239184444e-05)
(2.78087216014e-08 -2.53020504492e-07 -2.27300453659e-05)
(4.59200225175e-08 -2.5454217558e-07 -2.23669489659e-05)
(6.10882263003e-08 -2.5854357555e-07 -2.18549642457e-05)
(7.15197201205e-08 -2.60500681464e-07 -2.12164108342e-05)
(7.78402824899e-08 -2.56429181439e-07 -2.04969226543e-05)
(8.12680698026e-08 -2.45226881753e-07 -1.97349206543e-05)
(8.28837606345e-08 -2.26372359893e-07 -1.89650496649e-05)
(8.43497847056e-08 -2.00213892697e-07 -1.82264373008e-05)
(8.74961394672e-08 -1.68109736538e-07 -1.75548520073e-05)
(9.3798152646e-08 -1.32511087289e-07 -1.69781345784e-05)
(1.0373051815e-07 -9.68369246895e-08 -1.65137050764e-05)
(1.14971655082e-07 -6.42623334105e-08 -1.61688711058e-05)
(1.25299305614e-07 -3.59480706315e-08 -1.59441249623e-05)
(1.32914427928e-07 -1.12766532048e-08 -1.58309709951e-05)
(1.69273584625e-08 -6.6183315646e-08 -2.15420857159e-05)
(4.77576420516e-08 -6.81855863538e-08 -2.134258194e-05)
(7.96768520521e-08 -7.34990113655e-08 -2.09909315005e-05)
(1.07237343104e-07 -8.4521317568e-08 -2.04965394162e-05)
(1.28912496163e-07 -9.5632246366e-08 -1.98801838104e-05)
(1.45612058898e-07 -1.02684824803e-07 -1.91874184561e-05)
(1.58495724317e-07 -1.04212129578e-07 -1.84563796411e-05)
(1.68728753842e-07 -9.94901547676e-08 -1.77204341667e-05)
(1.77913705341e-07 -8.87750072008e-08 -1.70159210393e-05)
(1.87678774758e-07 -7.32472906591e-08 -1.63750939998e-05)
(1.99292275487e-07 -5.50430587289e-08 -1.58232591103e-05)
(2.13095366583e-07 -3.71694944228e-08 -1.53769668689e-05)
(2.26401711644e-07 -2.2330145981e-08 -1.5042940656e-05)
(2.37489924082e-07 -1.07223095828e-08 -1.48225641061e-05)
(2.44778555373e-07 -2.81669298484e-09 -1.47080780153e-05)
(2.52164168468e-08 1.33190818182e-07 -1.95759984124e-05)
(7.09993681164e-08 1.29905492634e-07 -1.9379254764e-05)
(1.17929944516e-07 1.2062219148e-07 -1.90398146716e-05)
(1.58643992344e-07 1.01960365473e-07 -1.85774080491e-05)
(1.92838911888e-07 8.0588024348e-08 -1.80021104926e-05)
(2.20765094314e-07 6.07138628383e-08 -1.73576730616e-05)
(2.43495747725e-07 4.42734252876e-08 -1.66796184212e-05)
(2.62116157503e-07 3.23470553052e-08 -1.5998534179e-05)
(2.78101752465e-07 2.5077491111e-08 -1.53473413202e-05)
(2.92956915284e-07 2.18350490842e-08 -1.4754421129e-05)
(3.07946759506e-07 2.10933953575e-08 -1.42419329274e-05)
(3.23428702644e-07 2.04744101979e-08 -1.38253163971e-05)
(3.36576772474e-07 1.76799057563e-08 -1.35108821907e-05)
(3.46952316352e-07 1.29697423738e-08 -1.33002830174e-05)
(3.53118948132e-07 5.06583149006e-09 -1.31873472603e-05)
(3.47692711188e-08 3.3010230839e-07 -1.68731752645e-05)
(9.66534936755e-08 3.24233953512e-07 -1.66980617027e-05)
(1.57096697873e-07 3.08146172338e-07 -1.63920822413e-05)
(2.10944860338e-07 2.81240263802e-07 -1.59727693703e-05)
(2.56718914433e-07 2.49062759269e-07 -1.54613707503e-05)
(2.94624148917e-07 2.16040877304e-07 -1.48917099309e-05)
(3.25662581007e-07 1.84428770387e-07 -1.42939236825e-05)
(3.50875515114e-07 1.55702967063e-07 -1.36945971961e-05)
(3.71609871378e-07 1.30504678247e-07 -1.31221013551e-05)
(3.89343307296e-07 1.08893610885e-07 -1.26003447072e-05)
(4.05569601434e-07 8.99934742461e-08 -1.21473548217e-05)
(4.20797436165e-07 7.20069797703e-08 -1.17761112556e-05)
(4.31984783007e-07 5.29600433896e-08 -1.14929479996e-05)
(4.4055182146e-07 3.32370162522e-08 -1.13009243381e-05)
(4.44926121123e-07 1.16313305458e-08 -1.11964174794e-05)
(4.16781444313e-08 4.77438110066e-07 -1.33045499669e-05)
(1.13900671249e-07 4.73216764529e-07 -1.31362150065e-05)
(1.85949392287e-07 4.51240121152e-07 -1.28764358629e-05)
(2.49128926989e-07 4.17742245875e-07 -1.25378397791e-05)
(3.02603902705e-07 3.76733665272e-07 -1.21238048295e-05)
(3.46610921429e-07 3.32870807239e-07 -1.16645540786e-05)
(3.81862837325e-07 2.88883183177e-07 -1.11832789626e-05)
(4.09604720921e-07 2.4660763182e-07 -1.07002746848e-05)
(4.31207352047e-07 2.07213250733e-07 -1.02385142338e-05)
(4.48279989352e-07 1.71352531501e-07 -9.81714642473e-06)
(4.62686852966e-07 1.38642617688e-07 -9.44987034222e-06)
(4.75203183075e-07 1.07681580236e-07 -9.14635954635e-06)
(4.82838928452e-07 7.66150665662e-08 -8.91307763082e-06)
(4.89215470705e-07 4.61769171922e-08 -8.75472339698e-06)
(4.92351023307e-07 1.5642697786e-08 -8.66940791704e-06)
(4.37298476509e-08 5.20107858021e-07 -8.66552228327e-06)
(1.20437665861e-07 5.08814873724e-07 -8.55608343753e-06)
(1.92442372188e-07 4.8503545789e-07 -8.37456648189e-06)
(2.5409297585e-07 4.49899857759e-07 -8.14056632724e-06)
(3.05444826288e-07 4.07040960883e-07 -7.86313495273e-06)
(3.45914695544e-07 3.60736038806e-07 -7.55636344989e-06)
(3.77201858419e-07 3.13463448019e-07 -7.23501135137e-06)
(4.00376178534e-07 2.67267023288e-07 -6.91242780502e-06)
(4.16908670777e-07 2.23544958872e-07 -6.60352222506e-06)
(4.28462821103e-07 1.83247603105e-07 -6.32124294065e-06)
(4.37027715337e-07 1.46320608416e-07 -6.07470604272e-06)
(4.43631914276e-07 1.11618492846e-07 -5.87035802422e-06)
(4.45803686799e-07 7.79299744344e-08 -5.713649726e-06)
(4.50069957744e-07 4.63956905536e-08 -5.60817435512e-06)
(4.49652125844e-07 1.56227028881e-08 -5.5486697189e-06)
(2.66032821786e-08 3.36064612556e-07 -2.98764013678e-06)
(7.05529979236e-08 3.22983113455e-07 -2.93950439587e-06)
(1.12880943743e-07 3.0430474863e-07 -2.87201018274e-06)
(1.48739182578e-07 2.78756959101e-07 -2.79012999131e-06)
(1.76974630209e-07 2.48883960082e-07 -2.69048628271e-06)
(1.98120098382e-07 2.17128687492e-07 -2.58062449129e-06)
(2.12620746212e-07 1.85359164609e-07 -2.46554399742e-06)
(2.2157847884e-07 1.54930291132e-07 -2.34977157146e-06)
(2.26153140577e-07 1.26834668111e-07 -2.2389228413e-06)
(2.27635668349e-07 1.01635962262e-07 -2.13790451607e-06)
(2.27469160656e-07 7.92431803192e-08 -2.05005831156e-06)
(2.2657685807e-07 5.8929118206e-08 -1.97784455439e-06)
(2.24332462885e-07 4.0445722628e-08 -1.92347878083e-06)
(2.23646066534e-07 2.38561500869e-08 -1.88763304797e-06)
(2.20710516627e-07 7.94158451152e-09 -1.86789873515e-06)
(-2.97906570513e-08 -1.02060057213e-06 -2.49239759686e-05)
(-9.02023654987e-08 -1.00707374665e-06 -2.4732261907e-05)
(-1.49993439717e-07 -9.81254125011e-07 -2.43648767215e-05)
(-2.06302972447e-07 -9.47776518167e-07 -2.38407426159e-05)
(-2.61383719492e-07 -9.06247149432e-07 -2.3195040535e-05)
(-3.14714956151e-07 -8.55438106943e-07 -2.24672627074e-05)
(-3.65730693638e-07 -7.95337871841e-07 -2.16901165639e-05)
(-4.14027074944e-07 -7.26331486026e-07 -2.08957875259e-05)
(-4.58711601106e-07 -6.48905545591e-07 -2.01244238286e-05)
(-4.98613463802e-07 -5.63366741852e-07 -1.94166672064e-05)
(-5.32511989116e-07 -4.70238689592e-07 -1.88059079406e-05)
(-5.59015135253e-07 -3.70783505355e-07 -1.83140967403e-05)
(-5.77275942489e-07 -2.66687221779e-07 -1.79505989666e-05)
(-5.8856099291e-07 -1.61047469889e-07 -1.77156648572e-05)
(-5.92324952972e-07 -5.35110461401e-08 -1.76036603331e-05)
(-3.08182198538e-08 -9.02795268623e-07 -2.45963582971e-05)
(-9.03902036028e-08 -8.90753818172e-07 -2.4407677724e-05)
(-1.44878925922e-07 -8.6481604375e-07 -2.4031237576e-05)
(-1.97403999816e-07 -8.3430310584e-07 -2.35028357666e-05)
(-2.48531597493e-07 -7.95891398564e-07 -2.28508803756e-05)
(-2.97370726259e-07 -7.48285055821e-07 -2.21184657114e-05)
(-3.43145782601e-07 -6.91573566131e-07 -2.13385532811e-05)
(-3.85182637712e-07 -6.26319714305e-07 -2.05442922547e-05)
(-4.22310820461e-07 -5.53322905453e-07 -1.97769506194e-05)
(-4.53262888742e-07 -4.7350288288e-07 -1.90765182302e-05)
(-4.76896640343e-07 -3.88296343228e-07 -1.84749426091e-05)
(-4.92263345847e-07 -3.0010436377e-07 -1.79922681904e-05)
(-4.99778782787e-07 -2.11712665425e-07 -1.76359466804e-05)
(-5.0268965015e-07 -1.25597617915e-07 -1.74049895012e-05)
(-5.03088444853e-07 -4.11321901209e-08 -1.72926397111e-05)
(-2.84383609742e-08 -8.02599987646e-07 -2.40351836918e-05)
(-8.20726700217e-08 -7.85445866388e-07 -2.38265958532e-05)
(-1.32265689506e-07 -7.60399188221e-07 -2.34564376653e-05)
(-1.81187110547e-07 -7.31656909431e-07 -2.29323878073e-05)
(-2.28534609273e-07 -6.95781307136e-07 -2.22823945336e-05)
(-2.7334177272e-07 -6.51118550732e-07 -2.15509871171e-05)
(-3.1436439045e-07 -5.97807083343e-07 -2.07739003181e-05)
(-3.50616562437e-07 -5.36581792366e-07 -1.99857683075e-05)
(-3.80808704407e-07 -4.68677003219e-07 -1.92274642835e-05)
(-4.03906109344e-07 -3.95601956068e-07 -1.85371494947e-05)
(-4.19218351042e-07 -3.19369856312e-07 -1.79450519294e-05)
(-4.265089141e-07 -2.42793717164e-07 -1.74699460858e-05)
(-4.27287328255e-07 -1.68719152782e-07 -1.71186229735e-05)
(-4.25187265644e-07 -9.89621473759e-08 -1.68896439624e-05)
(-4.23269583833e-07 -3.22285108625e-08 -1.67758001229e-05)
(-2.55274928538e-08 -6.88833584833e-07 -2.30937713078e-05)
(-7.53562055897e-08 -6.73498223964e-07 -2.28979270424e-05)
(-1.21771866032e-07 -6.51426374939e-07 -2.25345477799e-05)
(-1.65894962332e-07 -6.25043615188e-07 -2.20216404192e-05)
(-2.08241881591e-07 -5.92482280677e-07 -2.13819422438e-05)
(-2.47421487188e-07 -5.51842523348e-07 -2.06612975516e-05)
(-2.82205532333e-07 -5.03387904877e-07 -1.98978902743e-05)
(-3.11613906878e-07 -4.48018258249e-07 -1.91267897952e-05)
(-3.34569637396e-07 -3.87307769755e-07 -1.83871555318e-05)
(-3.50465961762e-07 -3.23079316005e-07 -1.77144132687e-05)
(-3.59104698389e-07 -2.57525727285e-07 -1.71367037195e-05)
(-3.60806507652e-07 -1.9338749893e-07 -1.66717568051e-05)
(-3.58119949789e-07 -1.32911063194e-07 -1.63262500309e-05)
(-3.54889295799e-07 -7.71737649205e-08 -1.60998349868e-05)
(-3.53082588679e-07 -2.50271782791e-08 -1.5986186737e-05)
(-2.27970427394e-08 -5.76521366367e-07 -2.17098870156e-05)
(-6.64718480925e-08 -5.66325790417e-07 -2.15125294555e-05)
(-1.06267507337e-07 -5.46228852608e-07 -2.11613377313e-05)
(-1.44135756065e-07 -5.22725525096e-07 -2.06660745621e-05)
(-1.80414933995e-07 -4.936663196e-07 -2.0048805058e-05)
(-2.13286337936e-07 -4.57491966052e-07 -1.93548893076e-05)
(-2.41667018939e-07 -4.14650187042e-07 -1.86222770676e-05)
(-2.64693542736e-07 -3.6618727893e-07 -1.78847617626e-05)
(-2.81580546061e-07 -3.1380060432e-07 -1.71787350191e-05)
(-2.92091023725e-07 -2.59281642359e-07 -1.65362284835e-05)
(-2.96342247754e-07 -2.0464813634e-07 -1.59829636438e-05)
(-2.94837490629e-07 -1.52276739485e-07 -1.55357039166e-05)
(-2.90583835896e-07 -1.03810843016e-07 -1.52004940377e-05)
(-2.87381279545e-07 -5.96334691661e-08 -1.49782832143e-05)
(-2.8604810803e-07 -1.92048593592e-08 -1.4864854624e-05)
(-1.93304808326e-08 -4.65141598902e-07 -1.97438857546e-05)
(-5.61398000143e-08 -4.56279887259e-07 -1.95483514444e-05)
(-8.85169827391e-08 -4.37233742534e-07 -1.9208573594e-05)
(-1.19644015528e-07 -4.16801532814e-07 -1.87457848333e-05)
(-1.48786562263e-07 -3.91750587087e-07 -1.81701304382e-05)
(-1.74570564431e-07 -3.61041070021e-07 -1.75249552667e-05)
(-1.96151549163e-07 -3.25158226774e-07 -1.68457119779e-05)
(-2.12939929478e-07 -2.85156685208e-07 -1.61633207472e-05)
(-2.24480818977e-07 -2.42566464894e-07 -1.55107225727e-05)
(-2.30783888863e-07 -1.98828767211e-07 -1.49161503767e-05)
(-2.32059523515e-07 -1.55588261016e-07 -1.44022638896e-05)
(-2.28859968352e-07 -1.14756613613e-07 -1.39845831637e-05)
(-2.24442831465e-07 -7.75480159407e-08 -1.36687564323e-05)
(-2.21813724628e-07 -4.40898869359e-08 -1.34566696106e-05)
(-2.20504761846e-07 -1.40868454585e-08 -1.33458709733e-05)
(-1.42896358867e-08 -3.46553568609e-07 -1.70355992236e-05)
(-4.20798438978e-08 -3.40865855074e-07 -1.68613658334e-05)
(-6.80061260821e-08 -3.25233043511e-07 -1.65550860273e-05)
(-9.15733254948e-08 -3.08552558634e-07 -1.61361738884e-05)
(-1.13033176754e-07 -2.8838550932e-07 -1.56245712856e-05)
(-1.31425430447e-07 -2.63905610571e-07 -1.50544451545e-05)
(-1.46081348625e-07 -2.35761976215e-07 -1.44558588014e-05)
(-1.56716653019e-07 -2.0495455104e-07 -1.38556400702e-05)
(-1.63236924044e-07 -1.7274424202e-07 -1.32821271763e-05)
(-1.65808608535e-07 -1.40098671998e-07 -1.27591019356e-05)
(-1.64520100686e-07 -1.08283908377e-07 -1.23051271362e-05)
(-1.5993263114e-07 -7.8848573979e-08 -1.19331729774e-05)
(-1.55831681082e-07 -5.27331398958e-08 -1.16492011751e-05)
(-1.53776360691e-07 -2.9949724008e-08 -1.14569720812e-05)
(-1.52225198085e-07 -9.59834763969e-09 -1.13553989298e-05)
(-1.02318321715e-08 -2.37573107873e-07 -1.34555514026e-05)
(-3.09611335584e-08 -2.28358413173e-07 -1.32872939699e-05)
(-4.79003654455e-08 -2.16863391951e-07 -1.30278084334e-05)
(-6.29360827378e-08 -2.03641676265e-07 -1.26891080322e-05)
(-7.62111409077e-08 -1.88459247903e-07 -1.22750372019e-05)
(-8.67633818331e-08 -1.70588903797e-07 -1.18153860227e-05)
(-9.45294984227e-08 -1.50478319692e-07 -1.13335053512e-05)
(-9.9312858422e-08 -1.28997183117e-07 -1.08499214031e-05)
(-1.01268763303e-07 -1.07039347844e-07 -1.03874902777e-05)
(-1.00589536254e-07 -8.5143450578e-08 -9.9652322031e-06)
(-9.71365175774e-08 -6.42773914158e-08 -9.59730042598e-06)
(-9.14392875728e-08 -4.57055496704e-08 -9.29338351788e-06)
(-8.77049799307e-08 -3.03344077287e-08 -9.06037775333e-06)
(-8.57118102381e-08 -1.75891294887e-08 -8.9035053781e-06)
(-8.30680735466e-08 -5.8101539515e-09 -8.81886954163e-06)
(-3.4328960843e-09 -1.22073586967e-07 -8.80045387966e-06)
(-9.25922383962e-09 -1.17361853243e-07 -8.68884782216e-06)
(-1.5563678032e-08 -1.09093702112e-07 -8.50666196211e-06)
(-2.1310206557e-08 -1.00223858785e-07 -8.27234970915e-06)
(-2.58996589296e-08 -9.06621683142e-08 -7.99409031694e-06)
(-2.95511364498e-08 -7.98381196712e-08 -7.68631722924e-06)
(-3.13907518963e-08 -6.8306861845e-08 -7.36379567751e-06)
(-3.15442504236e-08 -5.6556575175e-08 -7.03995935739e-06)
(-3.02314139193e-08 -4.50897326584e-08 -6.72972268418e-06)
(-2.76306000367e-08 -3.40853546399e-08 -6.44593139039e-06)
(-2.35235994953e-08 -2.41260556549e-08 -6.19803042179e-06)
(-1.82651316514e-08 -1.61983815377e-08 -5.99267468193e-06)
(-1.61236015577e-08 -1.0605439831e-08 -5.83623307077e-06)
(-1.30401208278e-08 -5.76159406754e-09 -5.73031082359e-06)
(-9.77281678922e-09 -1.65012600776e-09 -5.6699818216e-06)
(1.75724594087e-09 2.6542911269e-09 -3.07135330264e-06)
(3.83559256253e-09 7.81148543788e-10 -3.0227985377e-06)
(6.9422213278e-09 1.69790491291e-09 -2.95442548276e-06)
(1.02195981426e-08 1.90019968795e-09 -2.87141920297e-06)
(1.28958273201e-08 1.89597980477e-09 -2.7707018341e-06)
(1.54659344356e-08 2.00424539652e-09 -2.65948937489e-06)
(1.77607734113e-08 2.25607260189e-09 -2.54278850376e-06)
(1.98867069772e-08 2.56127153616e-09 -2.425246175e-06)
(2.17770821732e-08 2.88247519006e-09 -2.31248451425e-06)
(2.34662954024e-08 3.2412736014e-09 -2.20941609754e-06)
(2.52427403321e-08 3.40562100174e-09 -2.11961488921e-06)
(2.71081157826e-08 2.8595664294e-09 -2.04572352492e-06)
(2.74014184197e-08 2.20313440218e-09 -1.99013442827e-06)
(2.88528592123e-08 1.27445773668e-09 -1.95271416565e-06)
(2.88992750942e-08 4.16942013697e-10 -1.93091247694e-06)
(-6.05819810889e-08 -1.37494698225e-06 -2.51292994877e-05)
(-1.79053786494e-07 -1.34586319549e-06 -2.49318031841e-05)
(-2.94746092955e-07 -1.30260136225e-06 -2.45639337081e-05)
(-4.03555638498e-07 -1.2460570892e-06 -2.40378560821e-05)
(-5.06077850594e-07 -1.17882868521e-06 -2.33897125148e-05)
(-6.01301963312e-07 -1.10060041889e-06 -2.26597775112e-05)
(-6.88511152008e-07 -1.01209448691e-06 -2.1880394879e-05)
(-7.67024516447e-07 -9.14648437807e-07 -2.1083991075e-05)
(-8.35959193185e-07 -8.09712511439e-07 -2.03108817504e-05)
(-8.94897238431e-07 -6.98145354886e-07 -1.96013749322e-05)
(-9.43730595158e-07 -5.80338698324e-07 -1.89889877826e-05)
(-9.81982679648e-07 -4.56867642499e-07 -1.84961687799e-05)
(-1.00913447571e-06 -3.28624371957e-07 -1.81322936852e-05)
(-1.02638200732e-06 -1.98068041995e-07 -1.78969922815e-05)
(-1.03407334296e-06 -6.56996573516e-08 -1.7784143292e-05)
(-6.19336374393e-08 -1.24903952727e-06 -2.47913016288e-05)
(-1.81917413583e-07 -1.22406399899e-06 -2.46054304131e-05)
(-2.94574903513e-07 -1.17943766166e-06 -2.42300315823e-05)
(-4.00049723533e-07 -1.12471852673e-06 -2.36999140829e-05)
(-4.98581608826e-07 -1.05968874619e-06 -2.30460894247e-05)
(-5.8873866998e-07 -9.84102554366e-07 -2.23116504301e-05)
(-6.69771792966e-07 -8.9881580206e-07 -2.15294970018e-05)
(-7.40835655879e-07 -8.05334256037e-07 -2.07333463601e-05)
(-8.00978312088e-07 -7.05371273272e-07 -1.99645326195e-05)
(-8.4986691372e-07 -6.00292123697e-07 -1.9262617801e-05)
(-8.87506993149e-07 -4.91346127861e-07 -1.8659811102e-05)
(-9.13854383529e-07 -3.80259466633e-07 -1.81765981255e-05)
(-9.29675476401e-07 -2.69081921484e-07 -1.78201189662e-05)
(-9.38264283579e-07 -1.59762716088e-07 -1.75885107194e-05)
(-9.427583797e-07 -5.2386795364e-08 -1.74754072531e-05)
(-6.21248106991e-08 -1.17730386197e-06 -2.42272744622e-05)
(-1.79448513853e-07 -1.14878034613e-06 -2.40205476681e-05)
(-2.8952569791e-07 -1.10234255962e-06 -2.36488567284e-05)
(-3.93433022547e-07 -1.04634239043e-06 -2.31232339714e-05)
(-4.89795255111e-07 -9.80282437599e-07 -2.24715082605e-05)
(-5.77053520107e-07 -9.04147813334e-07 -2.17383391794e-05)
(-6.54061266461e-07 -8.19022305636e-07 -2.09594836014e-05)
(-7.19790510176e-07 -7.2672935336e-07 -2.01701108941e-05)
(-7.73385384197e-07 -6.29490338428e-07 -1.94109636602e-05)
(-8.14871909537e-07 -5.29220185331e-07 -1.87197494865e-05)
(-8.4470728537e-07 -4.27681846282e-07 -1.81269930522e-05)
(-8.63529446115e-07 -3.26895843307e-07 -1.76517748563e-05)
(-8.7299403989e-07 -2.2888809279e-07 -1.73003739957e-05)
(-8.76453352283e-07 -1.34904819614e-07 -1.70706788281e-05)
(-8.78088882048e-07 -4.41389453225e-08 -1.6955333778e-05)
(-6.18565261646e-08 -1.12505887169e-06 -2.32858948199e-05)
(-1.79675752003e-07 -1.09599436339e-06 -2.30870381379e-05)
(-2.90938283737e-07 -1.04980052383e-06 -2.27223947954e-05)
(-3.9468734928e-07 -9.92301158432e-07 -2.22082174151e-05)
(-4.89975703537e-07 -9.2452648478e-07 -2.15674809561e-05)
(-5.7477031468e-07 -8.46866793526e-07 -2.08458664052e-05)
(-6.47938627317e-07 -7.60941451874e-07 -2.00814365819e-05)
(-7.08646819928e-07 -6.69046963998e-07 -1.93096758095e-05)
(-7.56480994954e-07 -5.73898570838e-07 -1.85695384187e-05)
(-7.92036981712e-07 -4.77765718587e-07 -1.78960956654e-05)
(-8.16325739594e-07 -3.82590483152e-07 -1.73178607224e-05)
(-8.30579281766e-07 -2.90217177351e-07 -1.68527313373e-05)
(-8.37306254744e-07 -2.02013289588e-07 -1.65067956089e-05)
(-8.39783856707e-07 -1.18516195827e-07 -1.62795073519e-05)
(-8.40593481639e-07 -3.87794691687e-08 -1.61638509911e-05)
(-6.27848935498e-08 -1.09114601373e-06 -2.18982036107e-05)
(-1.81181818571e-07 -1.06676184427e-06 -2.17001386991e-05)
(-2.93022342003e-07 -1.02078369954e-06 -2.13486166658e-05)
(-3.96682095635e-07 -9.62074261333e-07 -2.0852290815e-05)
(-4.91126858749e-07 -8.92166871462e-07 -2.02341363321e-05)
(-5.73807158556e-07 -8.12287591125e-07 -1.95393260996e-05)
(-6.43770551528e-07 -7.24804916012e-07 -1.88056999368e-05)
(-7.00500621472e-07 -6.3253029144e-07 -1.80674238971e-05)
(-7.4407845256e-07 -5.38528671436e-07 -1.73607107588e-05)
(-7.75599679355e-07 -4.45197596907e-07 -1.67173583866e-05)
(-7.96488646572e-07 -3.54432492361e-07 -1.6163521636e-05)
(-8.08204035613e-07 -2.67728175451e-07 -1.57159465738e-05)
(-8.13540032719e-07 -1.85824631311e-07 -1.5380145697e-05)
(-8.16022647938e-07 -1.0873653377e-07 -1.5157614535e-05)
(-8.16747186588e-07 -3.56077488194e-08 -1.50431478924e-05)
(-6.39565893341e-08 -1.06861243194e-06 -1.99333987862e-05)
(-1.834746885e-07 -1.04549840315e-06 -1.97368458179e-05)
(-2.95583752592e-07 -9.98072069833e-07 -1.93965993484e-05)
(-3.98866953924e-07 -9.3794075439e-07 -1.89329593414e-05)
(-4.9158313038e-07 -8.65867197402e-07 -1.83568423481e-05)
(-5.71360258031e-07 -7.84078300248e-07 -1.77111267413e-05)
(-6.37601939445e-07 -6.95515517408e-07 -1.70312226264e-05)
(-6.90253331358e-07 -6.03378019483e-07 -1.63483391496e-05)
(-7.29911289525e-07 -5.10829795586e-07 -1.56952251275e-05)
(-7.58037755278e-07 -4.20152989424e-07 -1.50999497821e-05)
(-7.76273320727e-07 -3.3310260467e-07 -1.45856922638e-05)
(-7.86178170974e-07 -2.50863196843e-07 -1.41677987813e-05)
(-7.9056962847e-07 -1.73768237557e-07 -1.3851328084e-05)
(-7.92843068632e-07 -1.01749519696e-07 -1.36393336702e-05)
(-7.92924506718e-07 -3.34363152885e-08 -1.35278035563e-05)
(-6.34734311175e-08 -1.02992936688e-06 -1.72274114917e-05)
(-1.81219448209e-07 -1.01055365721e-06 -1.70523101285e-05)
(-2.93826972388e-07 -9.63260575045e-07 -1.67451992419e-05)
(-3.95116884243e-07 -9.02532091822e-07 -1.63264705282e-05)
(-4.84178548757e-07 -8.29537724983e-07 -1.58146684255e-05)
(-5.59273266313e-07 -7.47135464821e-07 -1.52443467666e-05)
(-6.20098100911e-07 -6.58879717668e-07 -1.4645537076e-05)
(-6.67141423715e-07 -5.68249795119e-07 -1.40452398386e-05)
(-7.01571488861e-07 -4.78389993611e-07 -1.34715951343e-05)
(-7.25141442369e-07 -3.91351977753e-07 -1.29482370654e-05)
(-7.3952902216e-07 -3.08785274227e-07 -1.24943078846e-05)
(-7.46451327051e-07 -2.31736057736e-07 -1.21225437069e-05)
(-7.49183957076e-07 -1.60282983869e-07 -1.18383173958e-05)
(-7.50523605884e-07 -9.42511850846e-08 -1.16465916054e-05)
(-7.49620056234e-07 -3.12084765085e-08 -1.15439870519e-05)
(-6.23903605561e-08 -9.59469683947e-07 -1.36492088608e-05)
(-1.76443228023e-07 -9.3548929674e-07 -1.3480672174e-05)
(-2.82864080182e-07 -8.90434571069e-07 -1.32209080818e-05)
(-3.76709382797e-07 -8.30346435638e-07 -1.28819870375e-05)
(-4.57343972053e-07 -7.58724914245e-07 -1.24679865656e-05)
(-5.23123559469e-07 -6.78861748308e-07 -1.20082812451e-05)
(-5.74602185796e-07 -5.94399723699e-07 -1.15263473388e-05)
(-6.1266122838e-07 -5.08899669419e-07 -1.10429207238e-05)
(-6.38972974157e-07 -4.25302984176e-07 -1.05806257029e-05)
(-6.5548432005e-07 -3.45400057854e-07 -1.01583234172e-05)
(-6.6383931594e-07 -2.70741801953e-07 -9.79064016164e-06)
(-6.65927260856e-07 -2.02201473096e-07 -9.48702546319e-06)
(-6.6562403112e-07 -1.39753955201e-07 -9.25426166929e-06)
(-6.65294542247e-07 -8.25236037009e-08 -9.09831203965e-06)
(-6.62818488447e-07 -2.75219171964e-08 -9.00946401269e-06)
(-5.13577341365e-08 -7.72455918048e-07 -9.00218176328e-06)
(-1.40949185396e-07 -7.5047591996e-07 -8.88871051269e-06)
(-2.2672229074e-07 -7.10172241337e-07 -8.70563874345e-06)
(-3.01027135072e-07 -6.5721174491e-07 -8.47088917656e-06)
(-3.62645432957e-07 -5.95013027757e-07 -8.19168876738e-06)
(-4.11398853742e-07 -5.26772037333e-07 -7.88284980831e-06)
(-4.47273098682e-07 -4.56081274626e-07 -7.55916442214e-06)
(-4.71600045693e-07 -3.85966189351e-07 -7.23415176688e-06)
(-4.86273027509e-07 -3.18828363885e-07 -6.9226911745e-06)
(-4.93288843799e-07 -2.56033817639e-07 -6.63752687444e-06)
(-4.94286663652e-07 -1.98703649486e-07 -6.38841731194e-06)
(-4.91001997716e-07 -1.47393110449e-07 -6.1819969317e-06)
(-4.88100996574e-07 -1.01514851831e-07 -6.02498412039e-06)
(-4.84782026432e-07 -5.93526035058e-08 -5.91651062905e-06)
(-4.78854330021e-07 -1.95014241612e-08 -5.85411501021e-06)
(-2.4425686057e-08 -3.43164472473e-07 -3.23771161229e-06)
(-6.6426203593e-08 -3.32493817013e-07 -3.18858691274e-06)
(-1.04622398898e-07 -3.1141849282e-07 -3.11873848585e-06)
(-1.35721863116e-07 -2.84701515649e-07 -3.03363135897e-06)
(-1.60039755894e-07 -2.53913832069e-07 -2.93065524889e-06)
(-1.771301973e-07 -2.20944684448e-07 -2.81672493959e-06)
(-1.8777422528e-07 -1.87644060704e-07 -2.69691846594e-06)
(-1.92890834625e-07 -1.5559235797e-07 -2.57605402992e-06)
(-1.93807313082e-07 -1.25892101631e-07 -2.459824389e-06)
(-1.91795467193e-07 -9.91140804916e-08 -2.35320778923e-06)
(-1.87837175934e-07 -7.56324492739e-08 -2.26006802775e-06)
(-1.82930330857e-07 -5.55486542834e-08 -2.18319990183e-06)
(-1.79287246134e-07 -3.77614492646e-08 -2.12470813579e-06)
(-1.7502113678e-07 -2.25029080627e-08 -2.08492900132e-06)
(-1.71954862031e-07 -7.60826243737e-09 -2.06117047946e-06)
(-9.08949783703e-08 -1.68674847456e-06 -2.53805108229e-05)
(-2.65011076766e-07 -1.64183146567e-06 -2.51802304011e-05)
(-4.33760345347e-07 -1.58060617191e-06 -2.48114885561e-05)
(-5.92633565889e-07 -1.50115778508e-06 -2.42835086603e-05)
(-7.39443023238e-07 -1.40857575804e-06 -2.36327671716e-05)
(-8.72994274768e-07 -1.30370719249e-06 -2.29001114012e-05)
(-9.92720943143e-07 -1.18800891267e-06 -2.21177398489e-05)
(-1.09759789944e-06 -1.06389345284e-06 -2.13184897799e-05)
(-1.18670510579e-06 -9.34023896421e-07 -2.05427988467e-05)
(-1.2604376613e-06 -8.00117564584e-07 -1.98306395391e-05)
(-1.31993993259e-06 -6.62547661565e-07 -1.92157189138e-05)
(-1.36599818367e-06 -5.20920958499e-07 -1.87209316603e-05)
(-1.39912994357e-06 -3.74903325859e-07 -1.83555821291e-05)
(-1.42092272302e-06 -2.26216404244e-07 -1.81190175382e-05)
(-1.43138669062e-06 -7.52732610004e-08 -1.80054915109e-05)
(-9.21880196432e-08 -1.56663060005e-06 -2.50383355241e-05)
(-2.70022284579e-07 -1.52590566141e-06 -2.48532522455e-05)
(-4.39115867704e-07 -1.46237946548e-06 -2.44795637409e-05)
(-5.9597290324e-07 -1.38275836277e-06 -2.39485449138e-05)
(-7.39573784813e-07 -1.29064961134e-06 -2.32933154018e-05)
(-8.68406903931e-07 -1.18713401862e-06 -2.25570164156e-05)
(-9.81896843756e-07 -1.07382022345e-06 -2.17726640347e-05)
(-1.07892702574e-06 -9.53314085285e-07 -2.09745136493e-05)
(-1.1587568256e-06 -8.28484881432e-07 -2.02037630159e-05)
(-1.22211102934e-06 -7.01366513028e-07 -1.94996179061e-05)
(-1.27035530638e-06 -5.72995788493e-07 -1.88947544281e-05)
(-1.3047651854e-06 -4.43983184189e-07 -1.84100757419e-05)
(-1.3270867312e-06 -3.15219155174e-07 -1.80523852771e-05)
(-1.34087700546e-06 -1.87770581834e-07 -1.78199849524e-05)
(-1.34955083148e-06 -6.18869842071e-08 -1.77072570295e-05)
(-9.49520148287e-08 -1.52868401596e-06 -2.44630607052e-05)
(-2.74534820931e-07 -1.48830625415e-06 -2.42592208214e-05)
(-4.44004671744e-07 -1.42115287013e-06 -2.38875305077e-05)
(-6.01976932237e-07 -1.33745607224e-06 -2.33613358032e-05)
(-7.4595359326e-07 -1.24086811621e-06 -2.27089054017e-05)
(-8.73928651198e-07 -1.13332464134e-06 -2.19748268729e-05)
(-9.84961438866e-07 -1.01683850189e-06 -2.11949868706e-05)
(-1.07795753348e-06 -8.94444645212e-07 -2.04049162234e-05)
(-1.15255292495e-06 -7.69558872667e-07 -1.96449767123e-05)
(-1.20995743157e-06 -6.44695192199e-07 -1.8952555158e-05)
(-1.25197542334e-06 -5.21308336297e-07 -1.83586867665e-05)
(-1.2805383113e-06 -4.00162724558e-07 -1.78826345975e-05)
(-1.29790915632e-06 -2.82212616455e-07 -1.75302935549e-05)
(-1.30718928951e-06 -1.67416898988e-07 -1.73000347247e-05)
(-1.31441172222e-06 -5.51910092835e-08 -1.7186223812e-05)
(-9.79458869607e-08 -1.5455565118e-06 -2.35171856552e-05)
(-2.82885525806e-07 -1.50266930835e-06 -2.33167359921e-05)
(-4.5847441026e-07 -1.43288035612e-06 -2.29514285515e-05)
(-6.21343263093e-07 -1.34432334592e-06 -2.24366496096e-05)
(-7.68903015004e-07 -1.24137836066e-06 -2.17958255547e-05)
(-8.98450922591e-07 -1.12698113738e-06 -2.10742450938e-05)
(-1.00903663541e-06 -1.00409799217e-06 -2.03098949553e-05)
(-1.09997920874e-06 -8.76484192717e-07 -1.95384540348e-05)
(-1.17155862362e-06 -7.48132676536e-07 -1.87984246008e-05)
(-1.22561526528e-06 -6.21937096926e-07 -1.81246336406e-05)
(-1.26448202866e-06 -4.99530607351e-07 -1.75460484357e-05)
(-1.29064733942e-06 -3.81444243171e-07 -1.70804755657e-05)
(-1.30691652507e-06 -2.68109276203e-07 -1.67338656101e-05)
(-1.31548931791e-06 -1.58712374789e-07 -1.65057235606e-05)
(-1.32146173354e-06 -5.23981659986e-08 -1.63914520461e-05)
(-1.02925763858e-07 -1.5972332585e-06 -2.21248457766e-05)
(-2.9549787227e-07 -1.55727018175e-06 -2.19258048916e-05)
(-4.79336048168e-07 -1.48579877848e-06 -2.15738501948e-05)
(-6.49045040866e-07 -1.39231101044e-06 -2.10768717577e-05)
(-8.01846840057e-07 -1.28194551327e-06 -2.0458557775e-05)
(-9.34448570848e-07 -1.15889014127e-06 -1.97637994111e-05)
(-1.04610188631e-06 -1.02740147358e-06 -1.90303502127e-05)
(-1.13665982789e-06 -8.92054880327e-07 -1.82925315526e-05)
(-1.2070670399e-06 -7.57347835881e-07 -1.75861504241e-05)
(-1.25971394643e-06 -6.26441710221e-07 -1.69428350246e-05)
(-1.29734152747e-06 -5.01051973364e-07 -1.63891239185e-05)
(-1.3226184783e-06 -3.81445199487e-07 -1.59414076838e-05)
(-1.33848923643e-06 -2.67637959187e-07 -1.56054801441e-05)
(-1.34705664503e-06 -1.58153276141e-07 -1.53828615262e-05)
(-1.35198607105e-06 -5.22284309698e-08 -1.52702154434e-05)
(-1.0927966025e-07 -1.67093958942e-06 -2.01621385565e-05)
(-3.11788054137e-07 -1.63115388065e-06 -1.99644432764e-05)
(-5.0476901794e-07 -1.55599491912e-06 -1.96237596582e-05)
(-6.81560837362e-07 -1.45669226901e-06 -1.91592840166e-05)
(-8.39124867498e-07 -1.33804373455e-06 -1.85830558624e-05)
(-9.74119547913e-07 -1.20566854535e-06 -1.79374908443e-05)
(-1.08626265959e-06 -1.06492548401e-06 -1.7257932103e-05)
(-1.17606402511e-06 -9.21114040389e-07 -1.65757183645e-05)
(-1.24514464508e-06 -7.79049330404e-07 -1.59232188348e-05)
(-1.2963282391e-06 -6.41998082678e-07 -1.53283512981e-05)
(-1.332630918e-06 -5.11769768695e-07 -1.4814700487e-05)
(-1.35682202313e-06 -3.88525714985e-07 -1.43971387415e-05)
(-1.37166617917e-06 -2.72134344073e-07 -1.40809785157e-05)
(-1.37955852818e-06 -1.60757728727e-07 -1.3869578529e-05)
(-1.38321521581e-06 -5.31235656872e-08 -1.37597587154e-05)
(-1.14275063962e-07 -1.72347338003e-06 -1.74632939384e-05)
(-3.23969335528e-07 -1.68739943771e-06 -1.72872205463e-05)
(-5.2613200688e-07 -1.60891580175e-06 -1.6979202641e-05)
(-7.08013518483e-07 -1.50435859268e-06 -1.65607129026e-05)
(-8.67528774064e-07 -1.37860341937e-06 -1.60490811891e-05)
(-1.00210224247e-06 -1.23831848939e-06 -1.54792139286e-05)
(-1.11187597202e-06 -1.08990705464e-06 -1.48811368348e-05)
(-1.19811904695e-06 -9.39253569666e-07 -1.42818958036e-05)
(-1.26320410469e-06 -7.91369094374e-07 -1.37093078701e-05)
(-1.31034054721e-06 -6.49517021011e-07 -1.31868303021e-05)
(-1.34272288584e-06 -5.15676264171e-07 -1.27340895734e-05)
(-1.36342137844e-06 -3.90128894235e-07 -1.23634617278e-05)
(-1.37540993472e-06 -2.72686825183e-07 -1.20801613469e-05)
(-1.38125838917e-06 -1.61045033665e-07 -1.18892936131e-05)
(-1.3835730563e-06 -5.32519593568e-08 -1.17875707115e-05)
(-1.17929755517e-07 -1.71103419805e-06 -1.38993730576e-05)
(-3.29835248273e-07 -1.66925887167e-06 -1.37308688734e-05)
(-5.31180747874e-07 -1.59017075326e-06 -1.34707850604e-05)
(-7.09289196903e-07 -1.48258013764e-06 -1.31317723207e-05)
(-8.62527945089e-07 -1.35351133547e-06 -1.27182251192e-05)
(-9.88607442478e-07 -1.21042545951e-06 -1.22591618206e-05)
(-1.08870639689e-06 -1.06016024122e-06 -1.1778118068e-05)
(-1.16478400207e-06 -9.08914682172e-07 -1.12959822357e-05)
(-1.21995042178e-06 -7.61670185796e-07 -1.08350784708e-05)
(-1.25776929694e-06 -6.21592673656e-07 -1.04140401085e-05)
(-1.28163086777e-06 -4.90779789799e-07 -1.00479083112e-05)
(-1.29500708349e-06 -3.69503209867e-07 -9.74587298404e-06)
(-1.30128159906e-06 -2.57437060557e-07 -9.51426025014e-06)
(-1.3038114088e-06 -1.5147624179e-07 -9.35893103616e-06)
(-1.30439563678e-06 -4.98699852527e-08 -9.26960183417e-06)
(-1.05325348402e-07 -1.48741814389e-06 -9.2850795598e-06)
(-2.87726691847e-07 -1.44491396022e-06 -9.17122725911e-06)
(-4.6294879536e-07 -1.37059041831e-06 -8.98753168688e-06)
(-6.15121689271e-07 -1.27092230222e-06 -8.75266533128e-06)
(-7.42477931156e-07 -1.15264870018e-06 -8.473077533e-06)
(-8.44394550965e-07 -1.02295051382e-06 -8.16391703223e-06)
(-9.21729984364e-07 -8.8857655206e-07 -7.84003095802e-06)
(-9.77015253183e-07 -7.55167873378e-07 -7.51500660357e-06)
(-1.01375313195e-06 -6.27124512816e-07 -7.20364606413e-06)
(-1.03568335363e-06 -5.07180515883e-07 -6.91851142545e-06)
(-1.04636214198e-06 -3.97048573802e-07 -6.66963363934e-06)
(-1.04913609144e-06 -2.96695911905e-07 -6.46352824821e-06)
(-1.04842905317e-06 -2.05360508052e-07 -6.30645314764e-06)
(-1.04604793119e-06 -1.19869672583e-07 -6.19672711009e-06)
(-1.0416096068e-06 -3.90560644615e-08 -6.13693322873e-06)
(-6.12600338746e-08 -8.10614055626e-07 -3.51594094635e-06)
(-1.63595127209e-07 -7.82713690458e-07 -3.46623211648e-06)
(-2.59489723508e-07 -7.36014268115e-07 -3.39447867421e-06)
(-3.396016254e-07 -6.75520848237e-07 -3.30675231932e-06)
(-4.03599178002e-07 -6.05105772484e-07 -3.20085887391e-06)
(-4.51027761772e-07 -5.29374216387e-07 -3.08352268512e-06)
(-4.83309849156e-07 -4.52485308461e-07 -2.95993609824e-06)
(-5.02471347495e-07 -3.77902616841e-07 -2.83512309203e-06)
(-5.11243438927e-07 -3.08152285946e-07 -2.71487889878e-06)
(-5.12416367882e-07 -2.44733569022e-07 -2.60422430373e-06)
(-5.08592484774e-07 -1.88341697565e-07 -2.50736309351e-06)
(-5.02112134983e-07 -1.38613603215e-07 -2.42715877906e-06)
(-4.95623509213e-07 -9.46977745933e-08 -2.36521828504e-06)
(-4.88898632514e-07 -5.52388580046e-08 -2.32389793897e-06)
(-4.8462486495e-07 -1.7913316724e-08 -2.29902447285e-06)
(-1.19606940964e-07 -1.92036229308e-06 -2.56514881849e-05)
(-3.44977851265e-07 -1.86214601558e-06 -2.54506806261e-05)
(-5.61821283515e-07 -1.78313148871e-06 -2.50801247281e-05)
(-7.65288375636e-07 -1.68084077359e-06 -2.45504244047e-05)
(-9.50209606145e-07 -1.56287779639e-06 -2.38975803447e-05)
(-1.11550975548e-06 -1.43176772405e-06 -2.31622574191e-05)
(-1.26104818095e-06 -1.28964879172e-06 -2.23767663753e-05)
(-1.38521345155e-06 -1.14025011298e-06 -2.1574610696e-05)
(-1.4868319217e-06 -9.88206350056e-07 -2.07962639772e-05)
(-1.5670984299e-06 -8.36958390073e-07 -2.00813292871e-05)
(-1.62868406736e-06 -6.87380843134e-07 -1.94636395916e-05)
(-1.67435197577e-06 -5.38077674354e-07 -1.89661762493e-05)
(-1.70629470426e-06 -3.86870904352e-07 -1.85979974049e-05)
(-1.72726768606e-06 -2.34059648076e-07 -1.83587978629e-05)
(-1.73539787047e-06 -7.84400118772e-08 -1.8243149277e-05)
(-1.20916621935e-07 -1.83450139114e-06 -2.53037918786e-05)
(-3.51383245732e-07 -1.77837289764e-06 -2.51148059902e-05)
(-5.71607558906e-07 -1.69531491382e-06 -2.47411695691e-05)
(-7.74856056331e-07 -1.58929484003e-06 -2.42099677607e-05)
(-9.58201871174e-07 -1.46834558632e-06 -2.35543363114e-05)
(-1.1202553021e-06 -1.3355889908e-06 -2.2816789472e-05)
(-1.26080921537e-06 -1.19339058221e-06 -2.20310195108e-05)
(-1.37837087775e-06 -1.04582213724e-06 -2.1231965452e-05)
(-1.47231856048e-06 -8.9773305935e-07 -2.04603356582e-05)
(-1.54444432071e-06 -7.52605199258e-07 -1.97549802978e-05)
(-1.59773766246e-06 -6.114476467e-07 -1.91486739826e-05)
(-1.63537054285e-06 -4.73293464933e-07 -1.86619133008e-05)
(-1.66020776264e-06 -3.36947158112e-07 -1.83015919256e-05)
(-1.67675842254e-06 -2.01651888641e-07 -1.80670873937e-05)
(-1.68418865667e-06 -6.71774366752e-08 -1.79527293391e-05)
(-1.26151852091e-07 -1.84861370864e-06 -2.47075024206e-05)
(-3.63551454399e-07 -1.79584166958e-06 -2.45034189682e-05)
(-5.89034854813e-07 -1.70817811455e-06 -2.41308808334e-05)
(-7.97790478576e-07 -1.59616125735e-06 -2.36040192703e-05)
(-9.85867649381e-07 -1.46803093873e-06 -2.29513026646e-05)
(-1.15091063548e-06 -1.32821382302e-06 -2.22167410264e-05)
(-1.29234166231e-06 -1.17969290635e-06 -2.14365859334e-05)
(-1.40900370448e-06 -1.02704855709e-06 -2.06467541934e-05)
(-1.50100206052e-06 -8.75580775566e-07 -1.98870856643e-05)
(-1.57079025309e-06 -7.29034491029e-07 -1.9194729328e-05)
(-1.62179249804e-06 -5.88581435926e-07 -1.86005754296e-05)
(-1.65762171113e-06 -4.53198856891e-07 -1.8123367536e-05)
(-1.68087733867e-06 -3.21818236439e-07 -1.77692179035e-05)
(-1.69592658646e-06 -1.9253432058e-07 -1.75372123937e-05)
(-1.70485773491e-06 -6.4550472358e-08 -1.74225001392e-05)
(-1.32805155583e-07 -1.94702847078e-06 -2.37512190051e-05)
(-3.81671486357e-07 -1.89140011145e-06 -2.35489103117e-05)
(-6.19726222146e-07 -1.79896752916e-06 -2.318148964e-05)
(-8.39828415681e-07 -1.67976750567e-06 -2.26649036835e-05)
(-1.03773733214e-06 -1.54168273992e-06 -2.20233328138e-05)
(-1.21004096286e-06 -1.39051194806e-06 -2.13013775565e-05)
(-1.35611512894e-06 -1.23057830358e-06 -2.05370357526e-05)
(-1.47548215907e-06 -1.06727724417e-06 -1.97661979858e-05)
(-1.56911630021e-06 -9.06385450669e-07 -1.90269275006e-05)
(-1.64015739593e-06 -7.51923215359e-07 -1.83539248672e-05)
(-1.6924427087e-06 -6.05171782468e-07 -1.77758051467e-05)
(-1.72994310582e-06 -4.64931894175e-07 -1.73098449922e-05)
(-1.75518978551e-06 -3.29895966513e-07 -1.6962348356e-05)
(-1.77114143318e-06 -1.97815304671e-07 -1.67330113549e-05)
(-1.78070829603e-06 -6.68986752778e-08 -1.66181543945e-05)
(-1.42654752378e-07 -2.09622564961e-06 -2.23540583318e-05)
(-4.07397893371e-07 -2.0427057779e-06 -2.2153316744e-05)
(-6.62743883385e-07 -1.94695536041e-06 -2.17989847626e-05)
(-8.9819396994e-07 -1.81971534856e-06 -2.12999703198e-05)
(-1.1090260194e-06 -1.66960662181e-06 -2.06805345204e-05)
(-1.29115863094e-06 -1.50392082549e-06 -1.99851198627e-05)
(-1.44420860141e-06 -1.32874441493e-06 -1.92514451748e-05)
(-1.56847939535e-06 -1.15045175329e-06 -1.851400797e-05)
(-1.66578620188e-06 -9.75282735229e-07 -1.78083008813e-05)
(-1.73982398102e-06 -8.0753393013e-07 -1.71659161591e-05)
(-1.7946880463e-06 -6.48665088063e-07 -1.66129726273e-05)
(-1.83438526425e-06 -4.97502902342e-07 -1.61652876743e-05)
(-1.86154643379e-06 -3.52691594445e-07 -1.5829478747e-05)
(-1.87819200914e-06 -2.11569222845e-07 -1.56065245659e-05)
(-1.88781359494e-06 -7.19116472687e-08 -1.54938418866e-05)
(-1.55579970602e-07 -2.28004623381e-06 -2.03930917062e-05)
(-4.40934702956e-07 -2.22517586459e-06 -2.01936574057e-05)
(-7.16360969497e-07 -2.12387462502e-06 -1.98512275306e-05)
(-9.68388635097e-07 -1.98673994532e-06 -1.93847107707e-05)
(-1.19246287395e-06 -1.82244680991e-06 -1.88075359917e-05)
(-1.38422845934e-06 -1.64014209595e-06 -1.81614946718e-05)
(-1.54387308452e-06 -1.4475133035e-06 -1.74818357174e-05)
(-1.67256143175e-06 -1.25189106616e-06 -1.68000954455e-05)
(-1.77293723267e-06 -1.05988500775e-06 -1.61483847124e-05)
(-1.84913304659e-06 -8.76011000386e-07 -1.55546031036e-05)
(-1.90546171067e-06 -7.02041278613e-07 -1.50420730145e-05)
(-1.94599038317e-06 -5.37094589078e-07 -1.4625072097e-05)
(-1.97344704673e-06 -3.80061161366e-07 -1.43099424559e-05)
(-1.98982205639e-06 -2.27798517966e-07 -1.40986916765e-05)
(-1.99909483865e-06 -7.75783424371e-08 -1.3989551026e-05)
(-1.67780687119e-07 -2.44375956357e-06 -1.77049840559e-05)
(-4.72306210333e-07 -2.39187771237e-06 -1.75267648396e-05)
(-7.68725902268e-07 -2.28340671383e-06 -1.72167023491e-05)
(-1.03567708975e-06 -2.13594075122e-06 -1.67974143875e-05)
(-1.27002356499e-06 -1.95780816731e-06 -1.62853179941e-05)
(-1.46827200783e-06 -1.75964827531e-06 -1.571540647e-05)
(-1.63115899657e-06 -1.55061255667e-06 -1.51176910925e-05)
(-1.76078587451e-06 -1.33886066629e-06 -1.45193319051e-05)
(-1.8606837347e-06 -1.1312924968e-06 -1.39479413147e-05)
(-1.93539169805e-06 -9.3256226343e-07 -1.34269175375e-05)
(-1.9895133572e-06 -7.44874449254e-07 -1.29758932382e-05)
(-2.02754861515e-06 -5.67863427486e-07 -1.26067656164e-05)
(-2.0525365673e-06 -4.00673805593e-07 -1.2325364544e-05)
(-2.066782197e-06 -2.39456119375e-07 -1.21344151916e-05)
(-2.07504110886e-06 -8.14447336188e-08 -1.20330894289e-05)
(-1.79434107342e-07 -2.52690872858e-06 -1.41653691328e-05)
(-4.96815774009e-07 -2.46810645757e-06 -1.39975147446e-05)
(-8.0271640975e-07 -2.35481712377e-06 -1.37363234208e-05)
(-1.07440396922e-06 -2.198888726e-06 -1.33963956706e-05)
(-1.30907415719e-06 -2.01071330744e-06 -1.29828383228e-05)
(-1.50390578881e-06 -1.80207578616e-06 -1.25241731707e-05)
(-1.66074636139e-06 -1.58298768039e-06 -1.20439105059e-05)
(-1.78264409366e-06 -1.36218715867e-06 -1.15631720709e-05)
(-1.87405683939e-06 -1.14669220911e-06 -1.1104081081e-05)
(-1.94000416151e-06 -9.41181380678e-07 -1.06851046203e-05)
(-1.98557799823e-06 -7.48203366439e-07 -1.03213627523e-05)
(-2.01589617527e-06 -5.67704226279e-07 -1.00216295379e-05)
(-2.03423944804e-06 -3.98791943624e-07 -9.79222354693e-06)
(-2.04389914783e-06 -2.37159216347e-07 -9.63574534296e-06)
(-2.05049192925e-06 -8.04155584416e-08 -9.54828991573e-06)
(-1.70555731537e-07 -2.33960912879e-06 -9.60444442483e-06)
(-4.62489882435e-07 -2.27706666287e-06 -9.49136177519e-06)
(-7.45962477001e-07 -2.16558082019e-06 -9.30706720019e-06)
(-9.93253792649e-07 -2.01442835598e-06 -9.07224829853e-06)
(-1.20248458443e-06 -1.83360409682e-06 -8.79270491964e-06)
(-1.37254363897e-06 -1.63459927276e-06 -8.48385328188e-06)
(-1.50517988475e-06 -1.42751215388e-06 -8.16061698983e-06)
(-1.604116815e-06 -1.2207037707e-06 -7.83673891042e-06)
(-1.67437334077e-06 -1.02072579474e-06 -7.5269649884e-06)
(-1.72133321819e-06 -8.31905232448e-07 -7.2436484733e-06)
(-1.75055514569e-06 -6.56598796251e-07 -6.99680690086e-06)
(-1.76705561834e-06 -4.94642398714e-07 -6.79259553473e-06)
(-1.77503825599e-06 -3.45104749329e-07 -6.63681455038e-06)
(-1.77790285815e-06 -2.0420499326e-07 -6.52612110646e-06)
(-1.7800887731e-06 -6.91930340836e-08 -6.47132000174e-06)
(-1.22716064615e-07 -1.57977935632e-06 -3.91685431004e-06)
(-3.2261881179e-07 -1.53124528705e-06 -3.86606029042e-06)
(-5.14586060057e-07 -1.44800165482e-06 -3.79246707756e-06)
(-6.78382116622e-07 -1.33836599482e-06 -3.70213042067e-06)
(-8.12868657342e-07 -1.2091371987e-06 -3.59332821799e-06)
(-9.17526942254e-07 -1.06862058148e-06 -3.47272438655e-06)
(-9.94470820147e-07 -9.24109516343e-07 -3.34570364771e-06)
(-1.0469329591e-06 -7.81676848607e-07 -3.21758619076e-06)
(-1.07922478472e-06 -6.45951729273e-07 -3.09429142082e-06)
(-1.09595877649e-06 -5.19987367536e-07 -2.98086239467e-06)
(-1.10188270018e-06 -4.0523013448e-07 -2.88168962074e-06)
(-1.1009142804e-06 -3.0145050955e-07 -2.79951043361e-06)
(-1.09682306646e-06 -2.08063193469e-07 -2.73582075635e-06)
(-1.09131190487e-06 -1.22049489548e-07 -2.6936622652e-06)
(-1.089507593e-06 -4.13990890067e-08 -2.66767903123e-06)
)


// ************************************************************************* //
