/*--------------------------------*- C++ -*----------------------------------*\
| =========                 |                                                 |
| \\      /  F ield         | foam-extend: Open Source CFD                    |
|  \\    /   O peration     | Version:     4.1                                |
|   \\  /    A nd           | Web:         http://www.foam-extend.org         |
|    \\/     M anipulation  |                                                 |
\*---------------------------------------------------------------------------*/
FoamFile
{
    version     2.0;
    format      ascii;
    class       vectorField;
    location    "1";
    object      solidsCellD_iteration14;
}
// * * * * * * * * * * * * * * * * * * * * * * * * * * * * * * * * * * * * * //


1050
(
(2.42160050926e-07 1.77604502042e-06 -4.70897288701e-05)
(6.65649282146e-07 1.72336901699e-06 -4.66862748572e-05)
(1.08375252548e-06 1.63781093494e-06 -4.59120837383e-05)
(1.47192893234e-06 1.51889991555e-06 -4.48274138789e-05)
(1.83172923202e-06 1.37269020656e-06 -4.34924757949e-05)
(2.15522916662e-06 1.20657292704e-06 -4.19661594559e-05)
(2.43173422476e-06 1.03068795848e-06 -4.03163485748e-05)
(2.65362421378e-06 8.57944769846e-07 -3.86288989502e-05)
(2.82282467457e-06 6.99424014977e-07 -3.69977704413e-05)
(2.94899886668e-06 5.6045000223e-07 -3.55055537349e-05)
(3.04384570529e-06 4.41119029752e-07 -3.42129427755e-05)
(3.11679987138e-06 3.37156323326e-07 -3.31605303328e-05)
(3.17289730091e-06 2.41832917402e-07 -3.23717165619e-05)
(3.21382191918e-06 1.47108571159e-07 -3.1854839759e-05)
(3.23315239301e-06 4.91993200989e-08 -3.16002045734e-05)
(2.53972122886e-07 2.00997342235e-06 -4.59537470329e-05)
(6.98128042803e-07 1.94847821325e-06 -4.55650678861e-05)
(1.13918758595e-06 1.84857406534e-06 -4.47752434761e-05)
(1.54381158954e-06 1.71017321542e-06 -4.36833851399e-05)
(1.91577856629e-06 1.54232456749e-06 -4.2345247747e-05)
(2.24653212809e-06 1.35568629271e-06 -4.08196872563e-05)
(2.52616288677e-06 1.16279875535e-06 -3.91761522843e-05)
(2.74929870719e-06 9.77786564616e-07 -3.75044663754e-05)
(2.92080169653e-06 8.10744322196e-07 -3.58993501882e-05)
(3.0524860081e-06 6.64632395475e-07 -3.44394672881e-05)
(3.15679545051e-06 5.36796375984e-07 -3.31794591158e-05)
(3.24243017572e-06 4.20448574009e-07 -3.21549180842e-05)
(3.31209558224e-06 3.07278878189e-07 -3.13859389314e-05)
(3.36496418265e-06 1.89262218497e-07 -3.08795044605e-05)
(3.39137480854e-06 6.53123547905e-08 -3.06279267408e-05)
(2.80432960693e-07 2.40897479583e-06 -4.43622473827e-05)
(7.59365838812e-07 2.35048322876e-06 -4.39307504391e-05)
(1.23395414411e-06 2.233194309e-06 -4.31325843358e-05)
(1.66795529785e-06 2.06964481382e-06 -4.20362078048e-05)
(2.06296449042e-06 1.87223473399e-06 -4.06993170689e-05)
(2.40999406478e-06 1.65476715432e-06 -3.91805861371e-05)
(2.7000437222e-06 1.4323090818e-06 -3.75539200634e-05)
(2.93077274447e-06 1.22008550469e-06 -3.59115862379e-05)
(3.11016884678e-06 1.02724894963e-06 -3.43455395443e-05)
(3.25159854038e-06 8.54715172608e-07 -3.29280997252e-05)
(3.36721069085e-06 6.97953498838e-07 -3.17071594634e-05)
(3.46439747067e-06 5.49254138585e-07 -3.0713527258e-05)
(3.54397793567e-06 4.00707234919e-07 -2.99643245048e-05)
(3.60499897901e-06 2.45268998861e-07 -2.94661180304e-05)
(3.63498228502e-06 8.50060170576e-08 -2.92115629844e-05)
(3.10183529296e-07 3.01356137688e-06 -4.20725947244e-05)
(8.32655206475e-07 2.94225978462e-06 -4.16545419439e-05)
(1.35649942459e-06 2.80005228602e-06 -4.08614604544e-05)
(1.83015355812e-06 2.60024197343e-06 -3.97840322707e-05)
(2.25760254492e-06 2.35897673942e-06 -3.84729272898e-05)
(2.6285572608e-06 2.09414457351e-06 -3.69868652873e-05)
(2.93579172292e-06 1.82419544754e-06 -3.5402606746e-05)
(3.18020954873e-06 1.56581918106e-06 -3.38124007655e-05)
(3.37245505265e-06 1.3276771553e-06 -3.23035643246e-05)
(3.52673685753e-06 1.10947734918e-06 -3.09415338062e-05)
(3.65452489958e-06 9.05932287197e-07 -2.97678961489e-05)
(3.76217430056e-06 7.09642798084e-07 -2.88094554478e-05)
(3.84921579258e-06 5.13737053688e-07 -2.80813664122e-05)
(3.91515782064e-06 3.11681929889e-07 -2.75898526852e-05)
(3.94829215402e-06 1.07824276129e-07 -2.73286537057e-05)
(3.52113268913e-07 3.74050440425e-06 -3.89816527784e-05)
(9.31315176634e-07 3.65749803681e-06 -3.85547607271e-05)
(1.5144540088e-06 3.48678451334e-06 -3.77763809923e-05)
(2.03696300565e-06 3.2443735298e-06 -3.67357696269e-05)
(2.50348747501e-06 2.95057082456e-06 -3.54762545434e-05)
(2.90290620113e-06 2.62743519708e-06 -3.40544361077e-05)
(3.23022847151e-06 2.29701126151e-06 -3.25470193086e-05)
(3.48958497319e-06 1.97765340826e-06 -3.10426245659e-05)
(3.69377825789e-06 1.67840198484e-06 -2.96209598249e-05)
(3.8573977225e-06 1.39920975316e-06 -2.83392275706e-05)
(3.99130546415e-06 1.13545413778e-06 -2.72328118302e-05)
(4.10165659685e-06 8.81213145306e-07 -2.63251061878e-05)
(4.18832979716e-06 6.31238775263e-07 -2.56311614389e-05)
(4.25237610637e-06 3.79461985783e-07 -2.51574488471e-05)
(4.28392646648e-06 1.30992384995e-07 -2.48972928434e-05)
(3.99084144331e-07 4.52927273416e-06 -3.47982029458e-05)
(1.04069889301e-06 4.43208855716e-06 -3.43932391075e-05)
(1.68891187825e-06 4.22200808504e-06 -3.36543428823e-05)
(2.26247158322e-06 3.92969993924e-06 -3.26877331608e-05)
(2.76814688852e-06 3.57518001197e-06 -3.1525290331e-05)
(3.19427499623e-06 3.18563532384e-06 -3.02191169553e-05)
(3.53870980273e-06 2.78606926464e-06 -2.88414262544e-05)
(3.80858647018e-06 2.39665205251e-06 -2.7472640138e-05)
(4.01842002696e-06 2.02758896561e-06 -2.61817616411e-05)
(4.18304948563e-06 1.68042776371e-06 -2.50169190066e-05)
(4.31327015511e-06 1.35223763278e-06 -2.40081463658e-05)
(4.41601872737e-06 1.03872617297e-06 -2.31755624516e-05)
(4.49291808095e-06 7.3617065319e-07 -2.25335805341e-05)
(4.54751795779e-06 4.38516617517e-07 -2.20896358411e-05)
(4.573047344e-06 1.51030621548e-07 -2.18365586278e-05)
(4.468262785e-07 5.21978376294e-06 -2.9334797832e-05)
(1.13916199455e-06 5.10241942745e-06 -2.89423610543e-05)
(1.83975844474e-06 4.85708793755e-06 -2.82939710187e-05)
(2.45472020763e-06 4.51522524318e-06 -2.74490722546e-05)
(2.98756488645e-06 4.10359380841e-06 -2.64418828579e-05)
(3.42852852504e-06 3.65153955212e-06 -2.53139912913e-05)
(3.77813095144e-06 3.18720984817e-06 -2.41293233067e-05)
(4.04633506175e-06 2.73237992855e-06 -2.2955985246e-05)
(4.24895942869e-06 2.29894102412e-06 -2.18496999758e-05)
(4.4011973248e-06 1.8909850644e-06 -2.08488664448e-05)
(4.51463923915e-06 1.50801349498e-06 -1.99793732273e-05)
(4.59808145741e-06 1.14698905638e-06 -1.92589640439e-05)
(4.65565628062e-06 8.04953690211e-07 -1.86997007249e-05)
(4.69370888945e-06 4.7533441016e-07 -1.83082524556e-05)
(4.70907683995e-06 1.63423971541e-07 -1.8076446554e-05)
(4.71009591063e-07 5.57560312747e-06 -2.23973595608e-05)
(1.17938380809e-06 5.43641490184e-06 -2.20886157175e-05)
(1.89803096295e-06 5.16160039162e-06 -2.15483094333e-05)
(2.51743001728e-06 4.78698311053e-06 -2.08835996008e-05)
(3.04520946711e-06 4.33835416995e-06 -2.00934285129e-05)
(3.47189977264e-06 3.84839593833e-06 -1.92153990117e-05)
(3.80148388521e-06 3.34587177183e-06 -1.82979927018e-05)
(4.04596299681e-06 2.853369441e-06 -1.73924373989e-05)
(4.22180804738e-06 2.38404670473e-06 -1.65383113008e-05)
(4.34445569166e-06 1.94438070553e-06 -1.57629122034e-05)
(4.4269176995e-06 1.53622260803e-06 -1.50874807092e-05)
(4.48040683374e-06 1.15724484013e-06 -1.45272557728e-05)
(4.51140069524e-06 8.04490220494e-07 -1.40906480062e-05)
(4.5276990859e-06 4.70756299974e-07 -1.37815631748e-05)
(4.52997023643e-06 1.61628891405e-07 -1.35902133362e-05)
(4.3462695859e-07 5.04727094856e-06 -1.4079565626e-05)
(1.05665183839e-06 4.90977738934e-06 -1.3846045858e-05)
(1.68791467019e-06 4.64313446001e-06 -1.35081875449e-05)
(2.2278232225e-06 4.28930478291e-06 -1.30791598008e-05)
(2.67612199265e-06 3.87062717283e-06 -1.25784665175e-05)
(3.02901160931e-06 3.41671077259e-06 -1.20223761733e-05)
(3.29192537118e-06 2.9538014533e-06 -1.14437602097e-05)
(3.47731825512e-06 2.50217302973e-06 -1.08744765681e-05)
(3.60050224295e-06 2.07406689613e-06 -1.03376643199e-05)
(3.67574952802e-06 1.67635674833e-06 -9.8489981165e-06)
(3.7161726547e-06 1.31180850358e-06 -9.42260639569e-06)
(3.73372696875e-06 9.78365412732e-07 -9.06870798233e-06)
(3.73544047787e-06 6.73689223213e-07 -8.7910885001e-06)
(3.72897240869e-06 3.90762078661e-07 -8.59242829185e-06)
(3.71807798842e-06 1.34403370777e-07 -8.46295231281e-06)
(2.61691835833e-07 3.01891491443e-06 -5.05211423184e-06)
(6.27639400028e-07 2.91379956801e-06 -4.96554080009e-06)
(9.94221528993e-07 2.73863054722e-06 -4.83618804076e-06)
(1.30106286899e-06 2.51044856452e-06 -4.68383421644e-06)
(1.54704705542e-06 2.24558935665e-06 -4.50461383663e-06)
(1.73071861421e-06 1.96226039711e-06 -4.30727375208e-06)
(1.85755903696e-06 1.67714049674e-06 -4.10325115797e-06)
(1.93690700908e-06 1.40300824126e-06 -3.90388224279e-06)
(1.9791735119e-06 1.14746946836e-06 -3.71659652686e-06)
(1.99399450175e-06 9.14593339018e-07 -3.5462678966e-06)
(1.99058376131e-06 7.05838025555e-07 -3.39815449216e-06)
(1.97728512917e-06 5.19466348643e-07 -3.27582337985e-06)
(1.95903605742e-06 3.53665936004e-07 -3.17940346806e-06)
(1.93982242006e-06 2.03777395203e-07 -3.1112468719e-06)
(1.92684217828e-06 7.07347919581e-08 -3.06361191129e-06)
(1.50150764948e-07 9.05263804288e-07 -4.72819854193e-05)
(4.21095393729e-07 8.83378520752e-07 -4.6876893045e-05)
(6.86187995236e-07 8.40212745112e-07 -4.61037472163e-05)
(9.33539561923e-07 7.79413309232e-07 -4.50218372108e-05)
(1.16359420852e-06 7.03655641974e-07 -4.36905817628e-05)
(1.37084514401e-06 6.17909246399e-07 -4.21672567245e-05)
(1.54867504377e-06 5.27855696557e-07 -4.05186188594e-05)
(1.69318913477e-06 4.40557601842e-07 -3.88310612673e-05)
(1.80654055084e-06 3.61773980983e-07 -3.7199580479e-05)
(1.89524969523e-06 2.93787261498e-07 -3.57071059424e-05)
(1.9666139297e-06 2.35948099753e-07 -3.44140293439e-05)
(2.02599913505e-06 1.84840845721e-07 -3.33609821565e-05)
(2.0749585425e-06 1.35771447095e-07 -3.25718187982e-05)
(2.11376928605e-06 8.3381152641e-08 -3.20561632981e-05)
(2.13967663134e-06 2.83802746905e-08 -3.18016615354e-05)
(1.57495066433e-07 1.05126345996e-06 -4.61324091376e-05)
(4.40873225133e-07 1.02120765128e-06 -4.57435572978e-05)
(7.19992776236e-07 9.71552046017e-07 -4.49549017674e-05)
(9.77640117731e-07 8.99569575506e-07 -4.3863399982e-05)
(1.2152692342e-06 8.1162030835e-07 -4.25249439619e-05)
(1.42696171298e-06 7.14505558058e-07 -4.09971760278e-05)
(1.60677560835e-06 6.15211664575e-07 -3.93494257791e-05)
(1.75230699628e-06 5.21319327894e-07 -3.76726137685e-05)
(1.86732505902e-06 4.37825329851e-07 -3.60626928217e-05)
(1.95938768956e-06 3.65512983062e-07 -3.45988149825e-05)
(2.03602120574e-06 3.01971376039e-07 -3.33355086321e-05)
(2.10205969706e-06 2.42251400128e-07 -3.2308600676e-05)
(2.15745182936e-06 1.80682521469e-07 -3.15381285872e-05)
(2.20157355386e-06 1.12710027763e-07 -3.10317919073e-05)
(2.22926645485e-06 3.92187229621e-08 -3.07793344371e-05)
(1.72069948784e-07 1.30874892159e-06 -4.45699365998e-05)
(4.76794628004e-07 1.28296396805e-06 -4.41384196001e-05)
(7.76604830291e-07 1.22139970953e-06 -4.3340548695e-05)
(1.05111838642e-06 1.1320954808e-06 -4.22430351259e-05)
(1.30153330341e-06 1.02353598798e-06 -4.09035378475e-05)
(1.52167251544e-06 9.0501324675e-07 -3.93796796668e-05)
(1.70658701197e-06 7.8544893321e-07 -3.77457102318e-05)
(1.85579923994e-06 6.73173044775e-07 -3.60953627016e-05)
(1.97479277502e-06 5.7253312435e-07 -3.45220523417e-05)
(2.07181437566e-06 4.82978405274e-07 -3.30986856525e-05)
(2.15402417449e-06 4.00857592263e-07 -3.18731134222e-05)
(2.22544850671e-06 3.20697499462e-07 -3.08763580453e-05)
(2.28473561331e-06 2.37086508725e-07 -3.01251438188e-05)
(2.33190200581e-06 1.46460174172e-07 -2.962608958e-05)
(2.35909256817e-06 5.02831096203e-08 -2.9369912929e-05)
(1.91361701145e-07 1.71458536163e-06 -4.23048586084e-05)
(5.23586173898e-07 1.68211448225e-06 -4.18841371218e-05)
(8.53142284799e-07 1.60213065889e-06 -4.10915897964e-05)
(1.15207171365e-06 1.48703233433e-06 -4.00120921631e-05)
(1.42202561076e-06 1.3474956991e-06 -3.86974467434e-05)
(1.65629491609e-06 1.19572662836e-06 -3.72050575009e-05)
(1.85112784533e-06 1.04299383469e-06 -3.56122973662e-05)
(2.00799559323e-06 8.98649034024e-07 -3.40129080279e-05)
(2.13386954271e-06 7.66791595161e-07 -3.24955944473e-05)
(2.23737923822e-06 6.46185378496e-07 -3.11263200643e-05)
(2.32523102072e-06 5.32765146946e-07 -2.99466641928e-05)
(2.40094062468e-06 4.21343609501e-07 -2.89837824675e-05)
(2.46241163949e-06 3.07262039524e-07 -2.82529758778e-05)
(2.51067259247e-06 1.87391800886e-07 -2.77603794984e-05)
(2.53690559459e-06 6.35301357594e-08 -2.74977747417e-05)
(2.17211712004e-07 2.209411568e-06 -3.92223150779e-05)
(5.85940710073e-07 2.16527119488e-06 -3.87947149855e-05)
(9.52978399723e-07 2.06470605666e-06 -3.80169466345e-05)
(1.28245606583e-06 1.91935531765e-06 -3.69746263228e-05)
(1.57650129831e-06 1.74309456458e-06 -3.57117805455e-05)
(1.82804435644e-06 1.55071774531e-06 -3.42836150981e-05)
(2.03477061907e-06 1.35596205077e-06 -3.27674534558e-05)
(2.20002810209e-06 1.16938990554e-06 -3.12532416632e-05)
(2.3319747664e-06 9.95496830187e-07 -2.98219173319e-05)
(2.43939302011e-06 8.33381414036e-07 -2.85312241193e-05)
(2.52868289241e-06 6.79565790701e-07 -2.74166664677e-05)
(2.60344351096e-06 5.29861001548e-07 -2.65019988653e-05)
(2.66192668078e-06 3.80666427711e-07 -2.58027906624e-05)
(2.70693278584e-06 2.29358763425e-07 -2.5325693146e-05)
(2.72914636128e-06 7.71007990689e-08 -2.50626763164e-05)
(2.45907648207e-07 2.74106945543e-06 -3.50255031909e-05)
(6.54482609623e-07 2.68652079688e-06 -3.46201266255e-05)
(1.06231065452e-06 2.55887972199e-06 -3.38809394643e-05)
(1.42335316992e-06 2.37904916823e-06 -3.29121127284e-05)
(1.74131540582e-06 2.16105621205e-06 -3.17455468964e-05)
(2.00872510129e-06 1.92296990846e-06 -3.0432269156e-05)
(2.22506020448e-06 1.68054082288e-06 -2.90451515266e-05)
(2.39536345513e-06 1.44571499969e-06 -2.76657065452e-05)
(2.52876004032e-06 1.22398228647e-06 -2.63639084422e-05)
(2.63420950995e-06 1.01572526502e-06 -2.51884154561e-05)
(2.71829418935e-06 8.18810728159e-07 -2.41696661015e-05)
(2.78542788159e-06 6.30151858792e-07 -2.33282683655e-05)
(2.83503630913e-06 4.4694877125e-07 -2.26793107729e-05)
(2.8721403208e-06 2.66507351537e-07 -2.22304698798e-05)
(2.88775345393e-06 8.90485215908e-08 -2.19740738605e-05)
(2.73904805207e-07 3.1968407589e-06 -2.95106023355e-05)
(7.1408548735e-07 3.12994143315e-06 -2.91130686342e-05)
(1.15290225269e-06 2.97741519801e-06 -2.84653606449e-05)
(1.53786352515e-06 2.76430781952e-06 -2.76180067966e-05)
(1.87064090449e-06 2.50762628859e-06 -2.66065405756e-05)
(2.14503790083e-06 2.22731613038e-06 -2.54716229587e-05)
(2.36217350676e-06 1.94107217242e-06 -2.42777606293e-05)
(2.52871564425e-06 1.66212645932e-06 -2.30938542562e-05)
(2.65457181212e-06 1.39728747675e-06 -2.19762941609e-05)
(2.7490158191e-06 1.14872226017e-06 -2.09639910572e-05)
(2.81941478034e-06 9.15956005836e-07 -2.0083619575e-05)
(2.87174186773e-06 6.96720303406e-07 -1.93537001521e-05)
(2.90701513348e-06 4.88607604125e-07 -1.87870683588e-05)
(2.93237321123e-06 2.8835858275e-07 -1.83903222631e-05)
(2.93928508978e-06 9.57680293373e-08 -1.81552446946e-05)
(2.85142275366e-07 3.40948823543e-06 -2.24644954297e-05)
(7.30686384234e-07 3.32736330144e-06 -2.21513121096e-05)
(1.17596444866e-06 3.15716698073e-06 -2.16111538111e-05)
(1.55882038929e-06 2.92335850719e-06 -2.09440874672e-05)
(1.88348148714e-06 2.64387309831e-06 -2.01500834138e-05)
(2.1443975305e-06 2.3398725416e-06 -1.9266046346e-05)
(2.34457160382e-06 2.02967271149e-06 -1.83408100201e-05)
(2.49193248005e-06 1.72714788445e-06 -1.74260264033e-05)
(2.59682352166e-06 1.44016569859e-06 -1.65616076638e-05)
(2.66880119688e-06 1.1724761118e-06 -1.57752829721e-05)
(2.71631220582e-06 9.2496750278e-07 -1.50892679892e-05)
(2.74696460848e-06 6.95690204438e-07 -1.45195870705e-05)
(2.76309642551e-06 4.82407042237e-07 -1.4075276721e-05)
(2.77273716465e-06 2.81642375323e-07 -1.37599262489e-05)
(2.76870265187e-06 9.2902035594e-08 -1.35642960653e-05)
(2.55223845405e-07 3.03245982382e-06 -1.39631880043e-05)
(6.41085603735e-07 2.94893827723e-06 -1.37257830367e-05)
(1.02358358389e-06 2.78551597584e-06 -1.33889012307e-05)
(1.34854544291e-06 2.56809887993e-06 -1.29588884066e-05)
(1.61675798481e-06 2.31135655153e-06 -1.24563767327e-05)
(1.82552561149e-06 2.03444348551e-06 -1.18970212351e-05)
(1.97899237505e-06 1.75345928799e-06 -1.13136468676e-05)
(2.08507626905e-06 1.48078508558e-06 -1.07381979992e-05)
(2.15336426293e-06 1.22375670442e-06 -1.01939455605e-05)
(2.19273254586e-06 9.86397655151e-07 -9.69696217355e-06)
(2.21163634226e-06 7.70012563877e-07 -9.26224332737e-06)
(2.21784057753e-06 5.72661308024e-07 -8.90043614336e-06)
(2.21384981604e-06 3.93067695503e-07 -8.61581379372e-06)
(2.20768060862e-06 2.27728818593e-07 -8.41108329178e-06)
(2.19418798767e-06 7.46100727472e-08 -8.27804044321e-06)
(1.29118571603e-07 1.57927897227e-06 -4.63808603555e-06)
(3.29905703007e-07 1.52057663017e-06 -4.55373958316e-06)
(5.21351880392e-07 1.42434453743e-06 -4.4292804229e-06)
(6.80215489462e-07 1.29965689946e-06 -4.28214816764e-06)
(8.05373011608e-07 1.15582771089e-06 -4.1089848324e-06)
(8.96360793968e-07 1.0034070079e-06 -3.9176272784e-06)
(9.5643276569e-07 8.51596879487e-07 -3.71895454716e-06)
(9.91068130756e-07 7.07259789869e-07 -3.52383434907e-06)
(1.00625956712e-06 5.74356323464e-07 -3.33948688007e-06)
(1.00754998247e-06 4.54858164313e-07 -3.17090737043e-06)
(1.00021181588e-06 3.49106232456e-07 -3.02364717108e-06)
(9.88871584973e-07 2.55523184971e-07 -2.90121982192e-06)
(9.75280893907e-07 1.73281153475e-07 -2.80421547061e-06)
(9.62544147469e-07 9.96104492827e-08 -2.73521522007e-06)
(9.53072334862e-07 3.1431396528e-08 -2.68761581165e-06)
(5.48116409289e-08 -1.41738649124e-07 -4.74763825859e-05)
(1.55024479757e-07 -1.46448498018e-07 -4.70726133399e-05)
(2.53263322435e-07 -1.47841936136e-07 -4.63021759855e-05)
(3.4414082383e-07 -1.52945836785e-07 -4.52224359061e-05)
(4.28627434767e-07 -1.61043307065e-07 -4.38930156471e-05)
(5.04236318878e-07 -1.68946197809e-07 -4.23708616698e-05)
(5.68162271523e-07 -1.7430406362e-07 -4.0722665056e-05)
(6.19225207036e-07 -1.74158392805e-07 -3.90350276755e-05)
(6.59090831454e-07 -1.66286122624e-07 -3.74030325005e-05)
(6.91285501039e-07 -1.50107509865e-07 -3.59094729767e-05)
(7.19411043155e-07 -1.26259181052e-07 -3.46145949982e-05)
(7.45900610008e-07 -9.7169216881e-08 -3.35594717402e-05)
(7.69963504545e-07 -6.63052168949e-08 -3.27681455042e-05)
(7.89207275252e-07 -3.85864755081e-08 -3.22507081566e-05)
(8.0314607678e-07 -1.30867828599e-08 -3.19934481147e-05)
(5.88142253069e-08 -1.86193899706e-08 -4.62969053854e-05)
(1.64197733245e-07 -2.72685822754e-08 -4.59067918785e-05)
(2.69142879479e-07 -2.92052843695e-08 -4.51188660771e-05)
(3.66285964533e-07 -3.93444090081e-08 -4.40268330674e-05)
(4.56078660691e-07 -5.28884621515e-08 -4.268729411e-05)
(5.35745838942e-07 -6.59225137444e-08 -4.11576578946e-05)
(6.0292765629e-07 -7.55456604738e-08 -3.95078652631e-05)
(6.57356225531e-07 -7.8753799056e-08 -3.78293005421e-05)
(7.01639336567e-07 -7.39886787687e-08 -3.62180038033e-05)
(7.39917844106e-07 -6.1810764513e-08 -3.47528256397e-05)
(7.75893754662e-07 -4.4408722991e-08 -3.34879963863e-05)
(8.1150395159e-07 -2.57141000647e-08 -3.24597429828e-05)
(8.44265871928e-07 -1.03958722082e-08 -3.16879210791e-05)
(8.70334355314e-07 -2.36922709067e-09 -3.11806284564e-05)
(8.8664893242e-07 4.65415589247e-10 -3.09264925076e-05)
(6.51434687616e-08 1.56907738374e-07 -4.473878865e-05)
(1.81220268758e-07 1.536989116e-07 -4.43117099644e-05)
(2.97307477796e-07 1.45785192681e-07 -4.35122784178e-05)
(4.03418269409e-07 1.27011771015e-07 -4.24131127214e-05)
(5.00566417328e-07 1.02862554876e-07 -4.10707276821e-05)
(5.85709536318e-07 7.85743815426e-08 -3.95427324249e-05)
(6.57281372893e-07 5.80154647556e-08 -3.79042018974e-05)
(7.16057188913e-07 4.43495476977e-08 -3.62495480801e-05)
(7.65424870567e-07 3.84659957732e-08 -3.46725003051e-05)
(8.0962575697e-07 3.87458225589e-08 -3.32458357554e-05)
(8.51792643157e-07 4.19928908646e-08 -3.2017264797e-05)
(8.93014108314e-07 4.39000933086e-08 -3.10181678232e-05)
(9.2964539663e-07 4.00863376901e-08 -3.02651374888e-05)
(9.58547631108e-07 2.81327453078e-08 -2.97650179628e-05)
(9.75750329998e-07 1.04738562401e-08 -2.9507045103e-05)
(7.51078759509e-08 4.16047498307e-07 -4.24955589901e-05)
(2.05289882872e-07 4.11206130972e-07 -4.20732145553e-05)
(3.36544462509e-07 3.92599279166e-07 -4.1278403262e-05)
(4.56099193807e-07 3.59891291925e-07 -4.01961889866e-05)
(5.64480072998e-07 3.18770240282e-07 -3.88776196194e-05)
(6.58572343841e-07 2.76013697859e-07 -3.73799418493e-05)
(7.37445206857e-07 2.36574761875e-07 -3.57813056886e-05)
(8.0275123939e-07 2.03914662841e-07 -3.41761262177e-05)
(8.58396894623e-07 1.78533013415e-07 -3.26534782034e-05)
(9.08476526636e-07 1.58279842679e-07 -3.12792758038e-05)
(9.55532759152e-07 1.39729123618e-07 -3.0095100694e-05)
(1.00011280418e-06 1.18942712348e-07 -2.91284829277e-05)
(1.03788065188e-06 9.2380268056e-08 -2.83946456077e-05)
(1.06682677172e-06 5.86841920316e-08 -2.79001192172e-05)
(1.08347951574e-06 2.02578297117e-08 -2.76343948009e-05)
(8.84814008504e-08 7.22427496113e-07 -3.9414133462e-05)
(2.38393549852e-07 7.08728277294e-07 -3.89834510803e-05)
(3.899508328e-07 6.78121863418e-07 -3.82043857463e-05)
(5.26697046284e-07 6.28483476585e-07 -3.71595339754e-05)
(6.49032940328e-07 5.66979441019e-07 -3.58929698331e-05)
(7.53914345849e-07 5.01436460909e-07 -3.44596529016e-05)
(8.41089585474e-07 4.37930097861e-07 -3.2937517273e-05)
(9.12961008114e-07 3.80356464797e-07 -3.14170709821e-05)
(9.73736376774e-07 3.29282575647e-07 -2.99796026271e-05)
(1.02724245844e-06 2.82761827259e-07 -2.86828936856e-05)
(1.07563707647e-06 2.3792419606e-07 -2.756265196e-05)
(1.11949643203e-06 1.91724630183e-07 -2.66431464699e-05)
(1.15460593508e-06 1.41557363308e-07 -2.59399685424e-05)
(1.18082530269e-06 8.68688851266e-08 -2.54604314373e-05)
(1.19519014824e-06 2.92675892967e-08 -2.5194251817e-05)
(1.03298631749e-07 1.04533404e-06 -3.52039138243e-05)
(2.75237220556e-07 1.02478651368e-06 -3.47976149432e-05)
(4.49638102335e-07 9.79202700551e-07 -3.40574513453e-05)
(6.04508417116e-07 9.10102366729e-07 -3.30860744085e-05)
(7.41175788419e-07 8.25211767814e-07 -3.19156242763e-05)
(8.56430258225e-07 7.33642191445e-07 -3.05970530168e-05)
(9.50799132713e-07 6.42405881082e-07 -2.92037081723e-05)
(1.0272419454e-06 5.5603919553e-07 -2.78175567215e-05)
(1.09014861634e-06 4.75683533589e-07 -2.65088808185e-05)
(1.14318110122e-06 4.00280101696e-07 -2.532644744e-05)
(1.18857961075e-06 3.28030743932e-07 -2.43010995876e-05)
(1.22763195803e-06 2.56836581652e-07 -2.34541484142e-05)
(1.25684638222e-06 1.84716502522e-07 -2.28008633047e-05)
(1.27830305285e-06 1.11226506374e-07 -2.234956223e-05)
(1.28940457292e-06 3.70380177221e-08 -2.20904374243e-05)
(1.18036378733e-07 1.32661712983e-06 -2.96571446082e-05)
(3.09430366288e-07 1.30112885352e-06 -2.92588502748e-05)
(5.0202382196e-07 1.2403072576e-06 -2.86102275781e-05)
(6.71457509729e-07 1.15226326186e-06 -2.77607687854e-05)
(8.1816565538e-07 1.04490482219e-06 -2.67459129126e-05)
(9.39461542181e-07 9.28606473911e-07 -2.56063094772e-05)
(1.03654547946e-06 8.11111744995e-07 -2.4406738086e-05)
(1.11286122912e-06 6.97707813575e-07 -2.32164029704e-05)
(1.17292880988e-06 5.90404530188e-07 -2.20919515185e-05)
(1.22042548299e-06 4.89341529886e-07 -2.10725113901e-05)
(1.25814765889e-06 3.93826609174e-07 -2.01853103256e-05)
(1.28862771302e-06 3.02383718453e-07 -1.94495029521e-05)
(1.30928298619e-06 2.13458669825e-07 -1.88780940221e-05)
(1.32439686215e-06 1.26427528856e-07 -1.84781506403e-05)
(1.33099881361e-06 4.16477526494e-08 -1.823935463e-05)
(1.25330806026e-07 1.47940337419e-06 -2.25536259487e-05)
(3.22573073553e-07 1.44650148572e-06 -2.22378912462e-05)
(5.21969972596e-07 1.37567764399e-06 -2.16980057987e-05)
(6.9361751796e-07 1.27479169258e-06 -2.10290501471e-05)
(8.39083514642e-07 1.15346827777e-06 -2.02326557257e-05)
(9.56295969067e-07 1.02183028846e-06 -1.93450284824e-05)
(1.04697570264e-06 8.88186008236e-07 -1.84152150237e-05)
(1.11503697589e-06 7.58279064639e-07 -1.74949966524e-05)
(1.16506910662e-06 6.35024408279e-07 -1.66244804328e-05)
(1.20091602407e-06 5.19669032409e-07 -1.58317461964e-05)
(1.22618828647e-06 4.12295580511e-07 -1.51396213398e-05)
(1.24454000567e-06 3.11567406641e-07 -1.45643406798e-05)
(1.25403057833e-06 2.16339098006e-07 -1.41148902823e-05)
(1.2603936251e-06 1.26396928477e-07 -1.37952484149e-05)
(1.26069077232e-06 4.13283923334e-08 -1.35956693102e-05)
(1.13190247511e-07 1.3456840532e-06 -1.39546552555e-05)
(2.88276580082e-07 1.30970882728e-06 -1.37162866689e-05)
(4.62108212855e-07 1.23927404257e-06 -1.33786386956e-05)
(6.09053591107e-07 1.14344795097e-06 -1.29481764392e-05)
(7.30401110998e-07 1.02973803106e-06 -1.24446652643e-05)
(8.24643659812e-07 9.07422217073e-07 -1.1883779247e-05)
(8.94305713857e-07 7.83505293078e-07 -1.12981805047e-05)
(9.43049039661e-07 6.63311800055e-07 -1.07197296512e-05)
(9.75114822142e-07 5.4985925623e-07 -1.01717655524e-05)
(9.9422690684e-07 4.44843109128e-07 -9.67074086444e-06)
(1.00428487788e-06 3.48618028907e-07 -9.23212516432e-06)
(1.00904658866e-06 2.59761429102e-07 -8.86631000511e-06)
(1.00679662325e-06 1.78344124071e-07 -8.57773811059e-06)
(1.00504298561e-06 1.03695244111e-07 -8.36991879182e-06)
(9.99112689503e-07 3.37102826443e-08 -8.23622269099e-06)
(5.44282654023e-08 6.74586710498e-07 -4.52517023671e-06)
(1.42386183121e-07 6.49232763635e-07 -4.44180839104e-06)
(2.25408515875e-07 6.0800513842e-07 -4.31909369286e-06)
(2.94439391437e-07 5.54340086562e-07 -4.17412764403e-06)
(3.48419247227e-07 4.92421583357e-07 -4.00355457369e-06)
(3.87455800225e-07 4.27135702114e-07 -3.81478643845e-06)
(4.13038749679e-07 3.62396992607e-07 -3.61845960963e-06)
(4.2767481751e-07 3.01038004241e-07 -3.42521857715e-06)
(4.33961703247e-07 2.44681155129e-07 -3.24223111405e-06)
(4.34302948551e-07 1.94139166819e-07 -3.07465402147e-06)
(4.31104705723e-07 1.49392198374e-07 -2.92814149001e-06)
(4.26453414745e-07 1.09415022703e-07 -2.80591526595e-06)
(4.19964509796e-07 7.43604767385e-08 -2.70921976003e-06)
(4.14629245364e-07 4.29392388761e-08 -2.64066387619e-06)
(4.10244537366e-07 1.33205765296e-08 -2.59308027394e-06)
(-3.82011656086e-08 -1.33998883845e-06 -4.76697305539e-05)
(-1.11968634015e-07 -1.31590786154e-06 -4.72675293339e-05)
(-1.84126659006e-07 -1.27393421898e-06 -4.64982894699e-05)
(-2.53676892819e-07 -1.22062026156e-06 -4.54199289101e-05)
(-3.18704094093e-07 -1.15730281033e-06 -4.40914648946e-05)
(-3.79034528293e-07 -1.08252687505e-06 -4.25693274344e-05)
(-4.34434581542e-07 -9.97053513219e-07 -4.09202663645e-05)
(-4.8424937355e-07 -9.01678252413e-07 -3.92313793849e-05)
(-5.27383295281e-07 -7.97323795165e-07 -3.75980594959e-05)
(-5.62559733433e-07 -6.84921670783e-07 -3.61029499104e-05)
(-5.88725506629e-07 -5.65249404304e-07 -3.48059954666e-05)
(-6.05050261486e-07 -4.40096069283e-07 -3.37487197385e-05)
(-6.12591098804e-07 -3.12047244327e-07 -3.29556220592e-05)
(-6.15052132554e-07 -1.85959276165e-07 -3.24368947468e-05)
(-6.16877269888e-07 -6.26088986664e-08 -3.21779451001e-05)
(-3.96591033262e-08 -1.2090593186e-06 -4.64825168508e-05)
(-1.17461460957e-07 -1.18889076117e-06 -4.60912942703e-05)
(-1.90371025888e-07 -1.14326901302e-06 -4.53041791255e-05)
(-2.58046967723e-07 -1.09026253965e-06 -4.42127792126e-05)
(-3.20154553304e-07 -1.0275076321e-06 -4.28731675475e-05)
(-3.76553509679e-07 -9.53677169493e-07 -4.13424499406e-05)
(-4.2671106919e-07 -8.69586849234e-07 -3.96910374483e-05)
(-4.69562578195e-07 -7.7620481787e-07 -3.80108029699e-05)
(-5.03709950963e-07 -6.74913865868e-07 -3.63979487377e-05)
(-5.27774073011e-07 -5.675132707e-07 -3.49310194372e-05)
(-5.4093324665e-07 -4.56286579079e-07 -3.36639402921e-05)
(-5.43129573776e-07 -3.44774843625e-07 -3.26334828797e-05)
(-5.37408548226e-07 -2.3721843793e-07 -3.18598888245e-05)
(-5.29518331151e-07 -1.3793188844e-07 -3.13514148244e-05)
(-5.26211537799e-07 -4.4791568164e-08 -3.10951774438e-05)
(-3.98939154712e-08 -1.08830920903e-06 -4.49222198167e-05)
(-1.16775788828e-07 -1.06273053209e-06 -4.44971208164e-05)
(-1.86796116865e-07 -1.01662050013e-06 -4.36969527938e-05)
(-2.51279554927e-07 -9.63485889949e-07 -4.25977455148e-05)
(-3.09460579934e-07 -9.01427390114e-07 -4.12543145382e-05)
(-3.61272073582e-07 -8.29115870728e-07 -3.97242271445e-05)
(-4.05670089858e-07 -7.47435901761e-07 -3.8083200928e-05)
(-4.41271928066e-07 -6.57749157053e-07 -3.64261623162e-05)
(-4.66670078313e-07 -5.62139742634e-07 -3.48469963911e-05)
(-4.80947232323e-07 -4.63268740456e-07 -3.34181660532e-05)
(-4.84194816618e-07 -3.64245367711e-07 -3.21871689225e-05)
(-4.77541960221e-07 -2.68924498379e-07 -3.11858331704e-05)
(-4.65525613592e-07 -1.81165758379e-07 -3.04308834851e-05)
(-4.53917183365e-07 -1.03474734714e-07 -2.99291671706e-05)
(-4.49104149301e-07 -3.32755806138e-08 -2.96697858282e-05)
(-3.88903997546e-08 -9.49296510229e-07 -4.2685368827e-05)
(-1.14255094604e-07 -9.22903319809e-07 -4.22614731149e-05)
(-1.81135897403e-07 -8.78948115814e-07 -4.14653281782e-05)
(-2.41198260856e-07 -8.27787664321e-07 -4.03817841728e-05)
(-2.94326084547e-07 -7.68666390721e-07 -3.906118021e-05)
(-3.40160356544e-07 -7.00299279654e-07 -3.75606602687e-05)
(-3.77515076496e-07 -6.23788223593e-07 -3.59590346504e-05)
(-4.05023664791e-07 -5.40967294419e-07 -3.43511558566e-05)
(-4.21652689673e-07 -4.54541321664e-07 -3.28261582478e-05)
(-4.27277643294e-07 -3.67658908782e-07 -3.14495756838e-05)
(-4.22982254292e-07 -2.83508760824e-07 -3.02628284744e-05)
(-4.10758590306e-07 -2.05421540634e-07 -2.92938777267e-05)
(-3.96086065381e-07 -1.36217647471e-07 -2.85579729156e-05)
(-3.84242656428e-07 -7.67408929809e-08 -2.80618555566e-05)
(-3.79446669288e-07 -2.45606904848e-08 -2.77953844171e-05)
(-3.65669088474e-08 -8.07738728674e-07 -3.96039495387e-05)
(-1.07264865686e-07 -7.86089003031e-07 -3.91715603223e-05)
(-1.68544412207e-07 -7.45034458442e-07 -3.83915138492e-05)
(-2.22399558115e-07 -6.97189130439e-07 -3.73453587204e-05)
(-2.69148464375e-07 -6.420969584e-07 -3.60769628067e-05)
(-3.080977829e-07 -5.79003408763e-07 -3.46411001432e-05)
(-3.38039196188e-07 -5.0928444484e-07 -3.31162260148e-05)
(-3.57835107218e-07 -4.35202884177e-07 -3.1593154636e-05)
(-3.67022435881e-07 -3.59829093654e-07 -3.01531725335e-05)
(-3.66329927264e-07 -2.86317182541e-07 -2.88537213252e-05)
(-3.57588507453e-07 -2.17329439052e-07 -2.77304982783e-05)
(-3.43071269289e-07 -1.55244985529e-07 -2.68082982989e-05)
(-3.28559754481e-07 -1.01845098397e-07 -2.61026851226e-05)
(-3.18324069812e-07 -5.68211178317e-08 -2.56214930876e-05)
(-3.14436331731e-07 -1.81436203544e-08 -2.535476063e-05)
(-3.3211517764e-08 -6.61472165754e-07 -3.53895426339e-05)
(-9.70540472707e-08 -6.43408134141e-07 -3.49830448217e-05)
(-1.50442935257e-07 -6.06113046532e-07 -3.42416551219e-05)
(-1.96478536438e-07 -5.63180540159e-07 -3.32688340119e-05)
(-2.35412780322e-07 -5.13941255203e-07 -3.20963042888e-05)
(-2.6652863474e-07 -4.58257865752e-07 -3.07751404474e-05)
(-2.88743907666e-07 -3.97733708538e-07 -2.93790582899e-05)
(-3.0137698343e-07 -3.34846475926e-07 -2.79902157069e-05)
(-3.04591682975e-07 -2.72599709018e-07 -2.66788144929e-05)
(-2.99795664041e-07 -2.13660988687e-07 -2.54933217805e-05)
(-2.89098189624e-07 -1.59841331178e-07 -2.44647472462e-05)
(-2.74408433415e-07 -1.12553138289e-07 -2.36150632741e-05)
(-2.61407056979e-07 -7.28746376998e-08 -2.29595525886e-05)
(-2.53061453547e-07 -4.01418713096e-08 -2.25070695216e-05)
(-2.49771606447e-07 -1.27382681826e-08 -2.22478124237e-05)
(-2.8373618123e-08 -5.12911799655e-07 -2.98291054736e-05)
(-8.18414904953e-08 -4.9516282297e-07 -2.94304356378e-05)
(-1.26084660153e-07 -4.64133440624e-07 -2.87812612404e-05)
(-1.62943316911e-07 -4.27475451703e-07 -2.79309304931e-05)
(-1.93102319395e-07 -3.86249853685e-07 -2.69145408179e-05)
(-2.15915410733e-07 -3.40003300412e-07 -2.57729883258e-05)
(-2.30514763983e-07 -2.90699790536e-07 -2.45712801692e-05)
(-2.36756323686e-07 -2.40690385995e-07 -2.33787086363e-05)
(-2.35355839482e-07 -1.92588373351e-07 -2.22518042862e-05)
(-2.28124432567e-07 -1.48347364158e-07 -2.12295076546e-05)
(-2.1698075757e-07 -1.09056894086e-07 -2.03393903154e-05)
(-2.03034641077e-07 -7.5515035347e-08 -1.96011608159e-05)
(-1.91853812159e-07 -4.82123261219e-08 -1.90277105631e-05)
(-1.84835830761e-07 -2.6370460921e-08 -1.86265924646e-05)
(-1.81681938888e-07 -8.35165644334e-09 -1.83872571036e-05)
(-2.14366574543e-08 -3.63569061139e-07 -2.27044107636e-05)
(-6.34332919095e-08 -3.4757055067e-07 -2.23878016537e-05)
(-9.51008955877e-08 -3.21532552739e-07 -2.18483903208e-05)
(-1.20822713537e-07 -2.9269391232e-07 -2.1178667816e-05)
(-1.41163541914e-07 -2.60279202177e-07 -2.03813843872e-05)
(-1.55159491421e-07 -2.24971156792e-07 -1.94924688459e-05)
(-1.62537314564e-07 -1.88281390572e-07 -1.85611183263e-05)
(-1.63430595706e-07 -1.52258321001e-07 -1.76391033887e-05)
(-1.58879447003e-07 -1.18750823585e-07 -1.67664241284e-05)
(-1.50700483367e-07 -8.89193990631e-08 -1.59711760236e-05)
(-1.40240200979e-07 -6.3408539501e-08 -1.52766297445e-05)
(-1.27933028177e-07 -4.2832364516e-08 -1.46990949197e-05)
(-1.19339478006e-07 -2.70757559678e-08 -1.42471886577e-05)
(-1.14179967672e-07 -1.46649820031e-08 -1.39255307682e-05)
(-1.10794194576e-07 -4.45161235253e-09 -1.37250011696e-05)
(-1.14278759945e-08 -1.94523104519e-07 -1.40660556001e-05)
(-3.30113398541e-08 -1.84649735472e-07 -1.38276728097e-05)
(-4.78963198344e-08 -1.6766352787e-07 -1.34891964811e-05)
(-6.02929780418e-08 -1.49186613001e-07 -1.30583377319e-05)
(-6.89288574934e-08 -1.29017805197e-07 -1.25540625687e-05)
(-7.40172688644e-08 -1.07410540322e-07 -1.19922943409e-05)
(-7.48654767723e-08 -8.59019279741e-08 -1.14055836241e-05)
(-7.19401481564e-08 -6.57735251715e-08 -1.08256976116e-05)
(-6.61782252953e-08 -4.80268196243e-08 -1.02759015718e-05)
(-5.88997626106e-08 -3.30600713294e-08 -9.77285379617e-06)
(-5.07213579457e-08 -2.1187437263e-08 -9.33239714657e-06)
(-4.17751263902e-08 -1.30731724528e-08 -8.96452606673e-06)
(-3.72659825197e-08 -7.35021616053e-09 -8.6736411301e-06)
(-3.30495607265e-08 -3.54231204051e-09 -8.46454365207e-06)
(-3.07939055752e-08 -9.28389889029e-10 -8.32872513716e-06)
(5.35225578258e-10 -1.91212244814e-08 -4.56530497981e-06)
(-2.4568834698e-09 -1.70839071488e-08 -4.48128997092e-06)
(-2.04315526674e-09 -1.36567352358e-08 -4.35844250407e-06)
(-5.57399922005e-10 -1.01220107272e-08 -4.21306413787e-06)
(1.10976541429e-09 -6.59186270513e-09 -4.0421490806e-06)
(3.37629732337e-09 -3.00567924303e-09 -3.85287001791e-06)
(6.1511230555e-09 2.57263911411e-10 -3.65583513404e-06)
(9.34332317856e-09 2.85615103258e-09 -3.46162584662e-06)
(1.2616438841e-08 4.66009425269e-09 -3.27742787515e-06)
(1.56795465774e-08 5.72589865627e-09 -3.10859633835e-06)
(1.85651573568e-08 5.99976258073e-09 -2.96094531252e-06)
(2.13776793946e-08 5.15264547129e-09 -2.83738201424e-06)
(2.22665034097e-08 4.12550975301e-09 -2.73988451011e-06)
(2.34377601851e-08 2.47139095765e-09 -2.67034694759e-06)
(2.38213525044e-08 8.87449667376e-10 -2.62225964237e-06)
(-1.32548646786e-07 -2.5413349814e-06 -4.78514862363e-05)
(-3.82386274135e-07 -2.48470435765e-06 -4.74478432842e-05)
(-6.27650673243e-07 -2.39975068364e-06 -4.66785225547e-05)
(-8.59898513115e-07 -2.28731808225e-06 -4.55996311823e-05)
(-1.07674035639e-06 -2.15165939025e-06 -4.4269945801e-05)
(-1.27505616662e-06 -1.99342210124e-06 -4.27457498794e-05)
(-1.45133865539e-06 -1.81659039033e-06 -4.10941890089e-05)
(-1.60298638261e-06 -1.62578258318e-06 -3.94028708354e-05)
(-1.72947140951e-06 -1.4250208674e-06 -3.77673485699e-05)
(-1.83190735359e-06 -1.21664092099e-06 -3.62699619079e-05)
(-1.91207018948e-06 -1.00160462552e-06 -3.49703303326e-05)
(-1.97116087174e-06 -7.81162587127e-07 -3.39103859015e-05)
(-2.01039635734e-06 -5.57091792199e-07 -3.31150365366e-05)
(-2.03267049052e-06 -3.33386540796e-07 -3.25946060955e-05)
(-2.04480489082e-06 -1.12314320837e-07 -3.23336576064e-05)
(-1.39643128945e-07 -2.3994688939e-06 -4.66753292871e-05)
(-4.02271018307e-07 -2.34881581455e-06 -4.62805997935e-05)
(-6.5452652331e-07 -2.25673855037e-06 -4.54936844817e-05)
(-8.8863373992e-07 -2.1403141773e-06 -4.44020722724e-05)
(-1.10421045277e-06 -2.0009145427e-06 -4.30616164144e-05)
(-1.29796795169e-06 -1.84000310738e-06 -4.15293533014e-05)
(-1.46633996734e-06 -1.66214227604e-06 -3.98763211637e-05)
(-1.60692919689e-06 -1.4722598647e-06 -3.81947246548e-05)
(-1.71962996023e-06 -1.27460979323e-06 -3.65806632674e-05)
(-1.80597789061e-06 -1.07215600226e-06 -3.51122222991e-05)
(-1.8682482437e-06 -8.6734456489e-07 -3.3843181666e-05)
(-1.90859463797e-06 -6.63449563404e-07 -3.28108803698e-05)
(-1.93046884445e-06 -4.64241690047e-07 -3.20356497788e-05)
(-1.93946972275e-06 -2.73711089579e-07 -3.15259557139e-05)
(-1.94467657183e-06 -9.01559205364e-08 -3.12675234078e-05)
(-1.4636079446e-07 -2.33695176119e-06 -4.5105090677e-05)
(-4.17654875057e-07 -2.28068592981e-06 -4.46812133916e-05)
(-6.74895795554e-07 -2.18134381648e-06 -4.38803071198e-05)
(-9.11264483765e-07 -2.05611015691e-06 -4.2781455453e-05)
(-1.12603437849e-06 -1.90752037842e-06 -4.14379032976e-05)
(-1.31579291903e-06 -1.73833724545e-06 -3.99072576649e-05)
(-1.4768564954e-06 -1.55419144491e-06 -3.82658058724e-05)
(-1.60729104041e-06 -1.36094398415e-06 -3.66086291342e-05)
(-1.70776141749e-06 -1.16362205142e-06 -3.50293694992e-05)
(-1.78078370154e-06 -9.65931748501e-07 -3.35999613212e-05)
(-1.82978392529e-06 -7.71013940491e-07 -3.23678597576e-05)
(-1.85824067656e-06 -5.82388823915e-07 -3.13653819992e-05)
(-1.87117372648e-06 -4.0332849814e-07 -3.06092876069e-05)
(-1.87467620227e-06 -2.35712362452e-07 -3.01065372143e-05)
(-1.87715972263e-06 -7.72862151795e-08 -2.98455474598e-05)
(-1.54057105087e-07 -2.31917216396e-06 -4.2865730586e-05)
(-4.35930038262e-07 -2.25934842149e-06 -4.24399137e-05)
(-7.01661867462e-07 -2.15332398665e-06 -4.16423115984e-05)
(-9.42273749085e-07 -2.01807096576e-06 -4.05582288048e-05)
(-1.15775753005e-06 -1.85830812179e-06 -3.92370175142e-05)
(-1.34418716871e-06 -1.67848204262e-06 -3.77359653163e-05)
(-1.49828026277e-06 -1.4857593428e-06 -3.61343883666e-05)
(-1.6190442868e-06 -1.28723354602e-06 -3.45271555766e-05)
(-1.70840055472e-06 -1.088775598e-06 -3.30029959523e-05)
(-1.77026109489e-06 -8.94537806867e-07 -3.16267781203e-05)
(-1.80936062641e-06 -7.0759708495e-07 -3.04398660933e-05)
(-1.83024603604e-06 -5.30769938068e-07 -2.94705929705e-05)
(-1.8388692396e-06 -3.66022726603e-07 -2.87341092536e-05)
(-1.84114312918e-06 -2.13026062292e-07 -2.82372996003e-05)
(-1.84214523459e-06 -6.97423043007e-08 -2.79702992132e-05)
(-1.62490429922e-07 -2.34240252912e-06 -3.97800351921e-05)
(-4.54355421192e-07 -2.28254371416e-06 -3.93455024194e-05)
(-7.28883741183e-07 -2.17001411276e-06 -3.85646160438e-05)
(-9.73932378582e-07 -2.02430284473e-06 -3.75180702855e-05)
(-1.19025628727e-06 -1.85215441652e-06 -3.62494629905e-05)
(-1.37342999646e-06 -1.66008194029e-06 -3.48137411189e-05)
(-1.52083172399e-06 -1.45695377673e-06 -3.32897108174e-05)
(-1.63268795692e-06 -1.25113887721e-06 -3.17680772124e-05)
(-1.71235183195e-06 -1.0492757192e-06 -3.03296512543e-05)
(-1.76513537608e-06 -8.55704145283e-07 -2.90312089611e-05)
(-1.79681677165e-06 -6.72994289928e-07 -2.79084687609e-05)
(-1.81248903436e-06 -5.02934908647e-07 -2.69866398613e-05)
(-1.81860724315e-06 -3.46286945879e-07 -2.6281048705e-05)
(-1.82077642782e-06 -2.01283261014e-07 -2.57995849185e-05)
(-1.82100041805e-06 -6.58940467724e-08 -2.55332368021e-05)
(-1.70225580739e-07 -2.3729548423e-06 -3.55686435437e-05)
(-4.70113928755e-07 -2.31279607157e-06 -3.51612704805e-05)
(-7.51563082484e-07 -2.19274954019e-06 -3.44191887335e-05)
(-9.98821466701e-07 -2.03734725637e-06 -3.34458363313e-05)
(-1.21360615122e-06 -1.85360023561e-06 -3.22729682557e-05)
(-1.39132348705e-06 -1.65041024062e-06 -3.09520475231e-05)
(-1.53039812617e-06 -1.43805326604e-06 -2.95570019655e-05)
(-1.63250673359e-06 -1.22594619467e-06 -2.81698142947e-05)
(-1.70241186435e-06 -1.02115027832e-06 -2.68601843545e-05)
(-1.74657000829e-06 -8.27911033727e-07 -2.56759731964e-05)
(-1.77135297293e-06 -6.48162551174e-07 -2.46483076478e-05)
(-1.78184821321e-06 -4.82698257657e-07 -2.3799648222e-05)
(-1.78486194732e-06 -3.31475976632e-07 -2.31450450742e-05)
(-1.78568876212e-06 -1.92292652285e-07 -2.26932576909e-05)
(-1.78431409038e-06 -6.28769704919e-08 -2.24352880912e-05)
(-1.74983124088e-07 -2.35655649203e-06 -3.00178187386e-05)
(-4.7352308454e-07 -2.2927289319e-06 -2.96197766033e-05)
(-7.54764162189e-07 -2.16969269247e-06 -2.89698527707e-05)
(-9.98080982536e-07 -2.0080720736e-06 -2.811950888e-05)
(-1.20525462217e-06 -1.81797638107e-06 -2.71030949119e-05)
(-1.37235231482e-06 -1.60908442496e-06 -2.5962150744e-05)
(-1.49891851918e-06 -1.39303552986e-06 -2.47617522867e-05)
(-1.58815193155e-06 -1.17974105404e-06 -2.35709966242e-05)
(-1.64601654627e-06 -9.76340794978e-07 -2.24459628099e-05)
(-1.67974330524e-06 -7.86858221299e-07 -2.14251663042e-05)
(-1.69587000948e-06 -6.12865341111e-07 -2.05363908385e-05)
(-1.69918667043e-06 -4.54497591567e-07 -1.97995754629e-05)
(-1.69706879146e-06 -3.10975073449e-07 -1.92272906755e-05)
(-1.69419578585e-06 -1.79970185831e-07 -1.88272771075e-05)
(-1.68979088843e-06 -5.87370060301e-08 -1.85894024763e-05)
(-1.68670935114e-07 -2.21076861626e-06 -2.29169366095e-05)
(-4.50251447662e-07 -2.14368047213e-06 -2.26001535512e-05)
(-7.13539321478e-07 -2.02098974019e-06 -2.20613208741e-05)
(-9.37198973021e-07 -1.86231904974e-06 -2.13912908242e-05)
(-1.12376261977e-06 -1.67612691629e-06 -2.0594135179e-05)
(-1.26940923319e-06 -1.47388573572e-06 -1.97056774403e-05)
(-1.37532256637e-06 -1.26695160006e-06 -1.87752326778e-05)
(-1.44572705798e-06 -1.06507673686e-06 -1.78543915366e-05)
(-1.48728163487e-06 -8.748128518e-07 -1.69828440836e-05)
(-1.5073833299e-06 -6.99731766268e-07 -1.61885696032e-05)
(-1.51229272311e-06 -5.41243531719e-07 -1.54950980267e-05)
(-1.50663477855e-06 -3.99153059885e-07 -1.49184029506e-05)
(-1.49831510184e-06 -2.71950573713e-07 -1.44667715904e-05)
(-1.49077226666e-06 -1.56760708923e-07 -1.41455813654e-05)
(-1.48185247114e-06 -5.0753150276e-08 -1.39468922188e-05)
(-1.36849720995e-07 -1.74074337475e-06 -1.43108092041e-05)
(-3.56042704077e-07 -1.68337281397e-06 -1.40728856447e-05)
(-5.60893706899e-07 -1.57927524787e-06 -1.37325572822e-05)
(-7.33578437658e-07 -1.44651220505e-06 -1.33006438525e-05)
(-8.73127873744e-07 -1.29246363532e-06 -1.27949706021e-05)
(-9.78363192475e-07 -1.1269454578e-06 -1.22320426908e-05)
(-1.05050658564e-06 -9.59982110932e-07 -1.16443330339e-05)
(-1.09414355504e-06 -7.99407223161e-07 -1.10634809742e-05)
(-1.11536180981e-06 -6.50218545211e-07 -1.05126090859e-05)
(-1.12046782018e-06 -5.14945214364e-07 -1.00085388942e-05)
(-1.11462783171e-06 -3.94559128689e-07 -9.56730911352e-06)
(-1.1019382124e-06 -2.88825481326e-07 -9.1982544648e-06)
(-1.08990594754e-06 -1.95209779795e-07 -8.90604240793e-06)
(-1.07768575171e-06 -1.12024768957e-07 -8.69745645153e-06)
(-1.0664431086e-06 -3.59529828403e-08 -8.5609350791e-06)
(-5.51216277132e-08 -7.26540259345e-07 -4.7999850943e-06)
(-1.51280553114e-07 -6.96006182869e-07 -4.71366220802e-06)
(-2.3565565288e-07 -6.4723997367e-07 -4.58828789958e-06)
(-3.0359626214e-07 -5.85592973596e-07 -4.43942160186e-06)
(-3.55658895065e-07 -5.15568450069e-07 -4.26454736786e-06)
(-3.91191470491e-07 -4.42024374379e-07 -4.07085964444e-06)
(-4.11877414675e-07 -3.69663066033e-07 -3.86913223855e-06)
(-4.20453993777e-07 -3.02012261108e-07 -3.6700407443e-06)
(-4.20234851978e-07 -2.40989333693e-07 -3.48091544498e-06)
(-4.14271062084e-07 -1.87344894273e-07 -3.30741083486e-06)
(-4.05020171744e-07 -1.41153078108e-07 -3.15549125584e-06)
(-3.94426847265e-07 -1.01975021644e-07 -3.02777409173e-06)
(-3.85480813413e-07 -6.80437013552e-08 -2.92740729852e-06)
(-3.76921419006e-07 -3.90118535935e-08 -2.8557710351e-06)
(-3.70887097034e-07 -1.17710426271e-08 -2.80510610935e-06)
(-2.26595295546e-07 -3.63289753187e-06 -4.80410125639e-05)
(-6.45725793131e-07 -3.54243288218e-06 -4.76346110826e-05)
(-1.05843958505e-06 -3.41484962313e-06 -4.6864200498e-05)
(-1.44762786137e-06 -3.24395196888e-06 -4.57835434844e-05)
(-1.81027931219e-06 -3.0369216121e-06 -4.44511851635e-05)
(-2.14026442653e-06 -2.79695662006e-06 -4.29235396341e-05)
(-2.43040336745e-06 -2.53156092398e-06 -4.12681529642e-05)
(-2.67566243006e-06 -2.24976613765e-06 -3.95730616848e-05)
(-2.87606728558e-06 -1.95922026633e-06 -3.79339734547e-05)
(-3.03567472552e-06 -1.66393313667e-06 -3.6432973885e-05)
(-3.15983717902e-06 -1.36527578622e-06 -3.51293845574e-05)
(-3.2526627359e-06 -1.06371174872e-06 -3.40656337285e-05)
(-3.31686465722e-06 -7.59788619902e-07 -3.32671595591e-05)
(-3.35531807341e-06 -4.55271342257e-07 -3.27445055943e-05)
(-3.37590413094e-06 -1.53669197384e-07 -3.2483036065e-05)
(-2.39195002273e-07 -3.50314045871e-06 -4.68888671058e-05)
(-6.79704347834e-07 -3.41743317493e-06 -4.64901922341e-05)
(-1.10657396572e-06 -3.27924976123e-06 -4.57039211482e-05)
(-1.50238873335e-06 -3.09880312875e-06 -4.46124102277e-05)
(-1.86649216555e-06 -2.88231720777e-06 -4.32715372592e-05)
(-2.19245640626e-06 -2.63464354706e-06 -4.17384218952e-05)
(-2.47316804419e-06 -2.36459649527e-06 -4.0084501224e-05)
(-2.70441578147e-06 -2.08177769938e-06 -3.84020767562e-05)
(-2.8875083252e-06 -1.79378482829e-06 -3.67870085914e-05)
(-3.02762084159e-06 -1.50482976094e-06 -3.53169018531e-05)
(-3.1309508396e-06 -1.21750609464e-06 -3.40454502314e-05)
(-3.20266607026e-06 -9.34253572346e-07 -3.30108537036e-05)
(-3.24774439957e-06 -6.5753426765e-07 -3.22338695072e-05)
(-3.2720970656e-06 -3.89564212151e-07 -3.1722682745e-05)
(-3.28623808095e-06 -1.29074250337e-07 -3.14634767131e-05)
(-2.53705487827e-07 -3.52142393656e-06 -4.52992887797e-05)
(-7.14159993657e-07 -3.43153105769e-06 -4.48763736271e-05)
(-1.156016067e-06 -3.27986755736e-06 -4.40761605352e-05)
(-1.5615955134e-06 -3.08222602367e-06 -4.29789979071e-05)
(-1.930276255e-06 -2.8467150062e-06 -4.16371816793e-05)
(-2.25503996754e-06 -2.58074490917e-06 -4.01083997542e-05)
(-2.52899382991e-06 -2.29517661529e-06 -3.84691224417e-05)
(-2.74929226688e-06 -2.00104473629e-06 -3.68141482775e-05)
(-2.91897569788e-06 -1.70672688107e-06 -3.5236567165e-05)
(-3.04479044763e-06 -1.41698043072e-06 -3.38076837027e-05)
(-3.13420161801e-06 -1.13489504168e-06 -3.25749802158e-05)
(-3.19366612531e-06 -8.63012548314e-07 -3.15716442179e-05)
(-3.22960759051e-06 -6.03053681031e-07 -3.08147131936e-05)
(-3.24825595967e-06 -3.55240274782e-07 -3.03107748554e-05)
(-3.26119560368e-06 -1.17468805832e-07 -3.00509423338e-05)
(-2.71198178762e-07 -3.65122168189e-06 -4.30470133728e-05)
(-7.55555962279e-07 -3.55457561677e-06 -4.26204046854e-05)
(-1.21939782583e-06 -3.38726621891e-06 -4.18225540378e-05)
(-1.63976323554e-06 -3.16799336286e-06 -4.0739503776e-05)
(-2.01702942775e-06 -2.90739502997e-06 -3.94199056362e-05)
(-2.3433668177e-06 -2.6161015567e-06 -3.79212453674e-05)
(-2.61288239054e-06 -2.30777761601e-06 -3.63229669272e-05)
(-2.82472139357e-06 -1.99533477531e-06 -3.47195211909e-05)
(-2.98410700934e-06 -1.68807670708e-06 -3.31989102936e-05)
(-3.09963675668e-06 -1.39106365885e-06 -3.18252314691e-05)
(-3.18011426155e-06 -1.10717285296e-06 -3.06398045312e-05)
(-3.23302081805e-06 -8.38117985198e-07 -2.9671556479e-05)
(-3.26539230694e-06 -5.84133268332e-07 -2.89354953003e-05)
(-3.28265122184e-06 -3.43093864691e-07 -2.84383962907e-05)
(-3.29411615232e-06 -1.13385967994e-07 -2.81742210121e-05)
(-2.92009639457e-07 -3.86368813154e-06 -3.99558861275e-05)
(-8.02513543029e-07 -3.76144181808e-06 -3.9520167494e-05)
(-1.29169466455e-06 -3.57803903104e-06 -3.87390935099e-05)
(-1.72950837252e-06 -3.33477254175e-06 -3.76935018673e-05)
(-2.11726088033e-06 -3.04553697745e-06 -3.64267418348e-05)
(-2.44652296021e-06 -2.72439218429e-06 -3.49940420997e-05)
(-2.71281887849e-06 -2.38804597558e-06 -3.34742571558e-05)
(-2.91761414188e-06 -2.0513857136e-06 -3.19575984238e-05)
(-3.06841002226e-06 -1.72474062677e-06 -3.05240929929e-05)
(-3.17551981425e-06 -1.41346969073e-06 -2.92297256124e-05)
(-3.24875600949e-06 -1.12000219173e-06 -2.81101463021e-05)
(-3.29617439399e-06 -8.45107992761e-07 -2.71910307195e-05)
(-3.32520860469e-06 -5.87931984772e-07 -2.64872197555e-05)
(-3.34097819771e-06 -3.44718955436e-07 -2.60066948138e-05)
(-3.35011749724e-06 -1.13875732942e-07 -2.57434298401e-05)
(-3.12827280628e-07 -4.09943050506e-06 -3.57552839406e-05)
(-8.4862114177e-07 -3.99194397087e-06 -3.53475252966e-05)
(-1.36290315558e-06 -3.7893306503e-06 -3.46051081675e-05)
(-1.81607054178e-06 -3.52139645008e-06 -3.36323966959e-05)
(-2.21155552371e-06 -3.2026862483e-06 -3.24611144132e-05)
(-2.54072029353e-06 -2.85121557623e-06 -3.11432332873e-05)
(-2.80115448589e-06 -2.48619604531e-06 -2.97526647555e-05)
(-2.99684432001e-06 -2.12424564318e-06 -2.83709021034e-05)
(-3.13741284155e-06 -1.77651418517e-06 -2.70668737399e-05)
(-3.2345298806e-06 -1.44867425703e-06 -2.58876945246e-05)
(-3.29863666904e-06 -1.14280903646e-06 -2.48644156129e-05)
(-3.33802683468e-06 -8.58879147563e-07 -2.40199008401e-05)
(-3.36076571366e-06 -5.95476930803e-07 -2.336865386e-05)
(-3.37234153138e-06 -3.48226081875e-07 -2.29193522642e-05)
(-3.37796006014e-06 -1.14921579675e-07 -2.2664762271e-05)
(-3.30278800915e-07 -4.25034546811e-06 -3.02335985752e-05)
(-8.77331661109e-07 -4.13506595292e-06 -2.9836676881e-05)
(-1.40461951198e-06 -3.91930819985e-06 -2.91862519588e-05)
(-1.86321687299e-06 -3.63152274988e-06 -2.83368114326e-05)
(-2.25609145341e-06 -3.29066485306e-06 -2.73220139507e-05)
(-2.57593208241e-06 -2.91664561185e-06 -2.61841621239e-05)
(-2.82245728214e-06 -2.53096346267e-06 -2.49882717299e-05)
(-3.00219913465e-06 -2.15126695168e-06 -2.38030214373e-05)
(-3.12653762644e-06 -1.78923130055e-06 -2.26838190205e-05)
(-3.20807102549e-06 -1.45091002628e-06 -2.16685869964e-05)
(-3.25762592606e-06 -1.13845865562e-06 -2.07850493421e-05)
(-3.28374446353e-06 -8.51260489492e-07 -2.00532364189e-05)
(-3.29565613735e-06 -5.87347483594e-07 -1.94851429843e-05)
(-3.29909385217e-06 -3.42006259439e-07 -1.90885440623e-05)
(-3.29916633255e-06 -1.12593039331e-07 -1.88538620311e-05)
(-3.29199814387e-07 -4.15864787014e-06 -2.31924853701e-05)
(-8.59582661861e-07 -4.03507298054e-06 -2.28764663291e-05)
(-1.36998631342e-06 -3.8132973412e-06 -2.23380381922e-05)
(-1.80623380063e-06 -3.52122546211e-06 -2.16683897186e-05)
(-2.17292740427e-06 -3.17642968401e-06 -2.08724545632e-05)
(-2.46331531004e-06 -2.80134400185e-06 -1.99862957277e-05)
(-2.67986795525e-06 -2.41742771779e-06 -1.90592645569e-05)
(-2.83092961856e-06 -2.04233146556e-06 -1.81426580447e-05)
(-2.9288568444e-06 -1.68741747714e-06 -1.72757063568e-05)
(-2.98647801621e-06 -1.35883393529e-06 -1.64860805912e-05)
(-3.01474114955e-06 -1.05895271504e-06 -1.5797270801e-05)
(-3.0226893089e-06 -7.86710432388e-07 -1.52248788767e-05)
(-3.02045828593e-06 -5.39496457684e-07 -1.47766641564e-05)
(-3.01302115224e-06 -3.12345680037e-07 -1.44582206542e-05)
(-3.00530673757e-06 -1.02262941455e-07 -1.42623030994e-05)
(-2.81164234852e-07 -3.44727029336e-06 -1.46820397174e-05)
(-7.13829908417e-07 -3.33693900859e-06 -1.44447442449e-05)
(-1.13114510627e-06 -3.14048936797e-06 -1.41024769923e-05)
(-1.48486067811e-06 -2.88601356547e-06 -1.36692269121e-05)
(-1.7743322952e-06 -2.58866896457e-06 -1.31621576845e-05)
(-1.99687476508e-06 -2.26820219569e-06 -1.25984453139e-05)
(-2.15555952382e-06 -1.94358744941e-06 -1.20105720812e-05)
(-2.25917175966e-06 -1.62958304095e-06 -1.14300581293e-05)
(-2.31902333172e-06 -1.33548312408e-06 -1.08798320262e-05)
(-2.34636000592e-06 -1.06631812109e-06 -1.03766952241e-05)
(-2.35097433247e-06 -8.23997868677e-07 -9.93666056216e-06)
(-2.3412828984e-06 -6.07365856096e-07 -9.56852430723e-06)
(-2.32676044778e-06 -4.13333297912e-07 -9.27681924785e-06)
(-2.30900316221e-06 -2.38028543086e-07 -9.06937766099e-06)
(-2.29545521777e-06 -7.73671671336e-08 -8.93338088338e-06)
(-1.3654871815e-07 -1.68409216329e-06 -5.20266858633e-06)
(-3.53327226894e-07 -1.61595615265e-06 -5.11203235576e-06)
(-5.5438956292e-07 -1.50946505568e-06 -4.9824845965e-06)
(-7.19548961553e-07 -1.37334275034e-06 -4.82794298379e-06)
(-8.48774802473e-07 -1.21736953316e-06 -4.64660717019e-06)
(-9.41044265555e-07 -1.05237145573e-06 -4.44591779716e-06)
(-9.99801057454e-07 -8.88454803396e-07 -4.23696504231e-06)
(-1.03083853476e-06 -7.3325915409e-07 -4.03066632627e-06)
(-1.04093721546e-06 -5.91199142335e-07 -3.8345708966e-06)
(-1.03645349656e-06 -4.64423398387e-07 -3.65459596853e-06)
(-1.02306134479e-06 -3.53380525845e-07 -3.49684902512e-06)
(-1.0054498461e-06 -2.56919992044e-07 -3.363794397e-06)
(-9.88158122642e-07 -1.72676478136e-07 -3.25926373433e-06)
(-9.71373661536e-07 -9.87857403391e-08 -3.18434527742e-06)
(-9.61354381184e-07 -3.05449568483e-08 -3.13202983362e-06)
(-3.202154596e-07 -4.49534684662e-06 -4.82205757344e-05)
(-8.93380405428e-07 -4.37563230955e-06 -4.78127343658e-05)
(-1.46083183135e-06 -4.20553269703e-06 -4.70392561223e-05)
(-1.99353305168e-06 -3.97688988269e-06 -4.59550979598e-05)
(-2.48830627519e-06 -3.69947924503e-06 -4.46183436338e-05)
(-2.93590508741e-06 -3.37947777806e-06 -4.30858048243e-05)
(-3.32439945511e-06 -3.02844102178e-06 -4.14256598388e-05)
(-3.64514175844e-06 -2.66121648363e-06 -3.97262549412e-05)
(-3.89868261069e-06 -2.29070537874e-06 -3.80830197845e-05)
(-4.09305735596e-06 -1.92391882529e-06 -3.6577505993e-05)
(-4.23818634493e-06 -1.56363026824e-06 -3.5268769793e-05)
(-4.34236017646e-06 -1.20987480081e-06 -3.41997818768e-05)
(-4.41222120998e-06 -8.61248316298e-07 -3.33964945863e-05)
(-4.45320784798e-06 -5.15441586656e-07 -3.28692736278e-05)
(-4.47332188724e-06 -1.73180678091e-07 -3.2606953735e-05)
(-3.38479736139e-07 -4.46304458682e-06 -4.70848801852e-05)
(-9.41759542512e-07 -4.34214815297e-06 -4.66818898904e-05)
(-1.532491931e-06 -4.15667547297e-06 -4.58942414538e-05)
(-2.07888783916e-06 -3.91006617594e-06 -4.48019223385e-05)
(-2.58056244924e-06 -3.61362553686e-06 -4.34601558676e-05)
(-3.02771750188e-06 -3.27641545493e-06 -4.19265754366e-05)
(-3.40868875627e-06 -2.91249646805e-06 -4.02733014676e-05)
(-3.71657989159e-06 -2.53792778791e-06 -3.85922789819e-05)
(-3.95442863916e-06 -2.165320534e-06 -3.69782371021e-05)
(-4.13223799308e-06 -1.80121585538e-06 -3.55078150021e-05)
(-4.26114531322e-06 -1.44884401707e-06 -3.42348801085e-05)
(-4.35056855214e-06 -1.10913111101e-06 -3.31982168344e-05)
(-4.40859411344e-06 -7.81797061666e-07 -3.24183686726e-05)
(-4.44256493214e-06 -4.64222359719e-07 -3.19043232389e-05)
(-4.46079012903e-06 -1.54374515084e-07 -3.16425506802e-05)
(-3.62725204367e-07 -4.61648552178e-06 -4.54588421039e-05)
(-9.99407817145e-07 -4.49329149181e-06 -4.50359341348e-05)
(-1.61902751344e-06 -4.28928200267e-06 -4.42350381482e-05)
(-2.18682377011e-06 -4.01827942682e-06 -4.31384344228e-05)
(-2.70291193192e-06 -3.6938721717e-06 -4.17978927801e-05)
(-3.15631217343e-06 -3.3287899437e-06 -4.0271777698e-05)
(-3.53592634603e-06 -2.9401001236e-06 -3.86368210411e-05)
(-3.83739194598e-06 -2.54560680016e-06 -3.6986947946e-05)
(-4.06669373107e-06 -2.15829385996e-06 -3.5413733927e-05)
(-4.23597314986e-06 -1.78456534623e-06 -3.39874330907e-05)
(-4.35757003469e-06 -1.42753460968e-06 -3.27557912853e-05)
(-4.4418139617e-06 -1.08780265702e-06 -3.17521896582e-05)
(-4.4971029294e-06 -7.64241579952e-07 -3.09938129834e-05)
(-4.53089737307e-06 -4.52896791858e-07 -3.04888752291e-05)
(-4.55132935859e-06 -1.51885631178e-07 -3.0227006842e-05)
(-3.91997700767e-07 -4.94164171325e-06 -4.31804227291e-05)
(-1.06860608132e-06 -4.81005594361e-06 -4.27542596497e-05)
(-1.72807645407e-06 -4.58252232107e-06 -4.19552604545e-05)
(-2.32542357433e-06 -4.27943709238e-06 -4.0872519373e-05)
(-2.86238321427e-06 -3.91703376089e-06 -3.95542844873e-05)
(-3.32678442913e-06 -3.51255285848e-06 -3.80590599386e-05)
(-3.70921657256e-06 -3.08698350837e-06 -3.64663784101e-05)
(-4.00862403518e-06 -2.66035469092e-06 -3.48696389924e-05)
(-4.23424215412e-06 -2.24624698896e-06 -3.33552381112e-05)
(-4.40033841687e-06 -1.8508507375e-06 -3.19862564272e-05)
(-4.52026388212e-06 -1.47667777889e-06 -3.0804251036e-05)
(-4.60476185592e-06 -1.12337324677e-06 -2.98379259086e-05)
(-4.6618834496e-06 -7.88611080669e-07 -2.91024791217e-05)
(-4.69776473925e-06 -4.66937912128e-07 -2.86060554305e-05)
(-4.72040034207e-06 -1.57809880005e-07 -2.8342738645e-05)
(-4.28488257118e-07 -5.38756296415e-06 -4.00794592908e-05)
(-1.15060983537e-06 -5.24584450647e-06 -3.96442099002e-05)
(-1.85652679829e-06 -4.99336413686e-06 -3.88618108602e-05)
(-2.48907875573e-06 -4.65355610727e-06 -3.78166634876e-05)
(-3.05090939732e-06 -4.24689513191e-06 -3.65516065846e-05)
(-3.5291383726e-06 -3.79519022387e-06 -3.51230588462e-05)
(-3.91666411838e-06 -3.32364244316e-06 -3.36098404386e-05)
(-4.21607010785e-06 -2.85465764308e-06 -3.21010676074e-05)
(-4.43973038675e-06 -2.40275590202e-06 -3.06752406507e-05)
(-4.60364187008e-06 -1.97428659437e-06 -2.93874295742e-05)
(-4.72169603735e-06 -1.57131473376e-06 -2.82734876658e-05)
(-4.80475890893e-06 -1.19285341798e-06 -2.73587644027e-05)
(-4.86091761055e-06 -8.36067194546e-07 -2.66578419297e-05)
(-4.895673029e-06 -4.94216072928e-07 -2.61794662313e-05)
(-4.91749178352e-06 -1.67894617863e-07 -2.59182786581e-05)
(-4.66652720743e-07 -5.87879096293e-06 -3.58952017104e-05)
(-1.23608720024e-06 -5.7269063331e-06 -3.54875276691e-05)
(-1.99163624338e-06 -5.44298483607e-06 -3.47437185249e-05)
(-2.65861180033e-06 -5.06308972188e-06 -3.37714693339e-05)
(-3.24303782136e-06 -4.60846967985e-06 -3.26019843131e-05)
(-3.73187999e-06 -4.10629106144e-06 -3.12885163927e-05)
(-4.12129506651e-06 -3.58516161715e-06 -2.99048667082e-05)
(-4.41761275254e-06 -3.06958234492e-06 -2.85315301324e-05)
(-4.63594483365e-06 -2.57505584043e-06 -2.72361129226e-05)
(-4.79348904833e-06 -2.1085780482e-06 -2.60649575658e-05)
(-4.90441745238e-06 -1.67221846401e-06 -2.50492000287e-05)
(-4.97992892335e-06 -1.26472882769e-06 -2.4211363984e-05)
(-5.02914617368e-06 -8.83360987206e-07 -2.35651755635e-05)
(-5.05805080832e-06 -5.20537387423e-07 -2.31195651883e-05)
(-5.07641182044e-06 -1.77392097041e-07 -2.28673457375e-05)
(-5.03234648967e-07 -6.26148404694e-06 -3.04225562216e-05)
(-1.30316184578e-06 -6.0970334761e-06 -3.0028330994e-05)
(-2.09289900602e-06 -5.78840995256e-06 -2.93757585119e-05)
(-2.78253067788e-06 -5.37280009978e-06 -2.85270600295e-05)
(-3.37646715317e-06 -4.87760215848e-06 -2.75141851332e-05)
(-3.86381833274e-06 -4.33294264589e-06 -2.63808210317e-05)
(-4.24404447621e-06 -3.77057382878e-06 -2.51918344329e-05)
(-4.52713254172e-06 -3.21636094661e-06 -2.40150875944e-05)
(-4.73033723324e-06 -2.68669573122e-06 -2.29049690213e-05)
(-4.87160821536e-06 -2.18968534079e-06 -2.18988330183e-05)
(-4.96558905397e-06 -1.72800519274e-06 -2.10242275582e-05)
(-5.02443704033e-06 -1.30022341561e-06 -2.03004937236e-05)
(-5.05916023065e-06 -9.0358250956e-07 -1.97387112598e-05)
(-5.07644193171e-06 -5.29807298125e-07 -1.93471110522e-05)
(-5.08792405131e-06 -1.80799573537e-07 -1.91159441033e-05)
(-5.16330724385e-07 -6.32051639036e-06 -2.34880620377e-05)
(-1.3106476959e-06 -6.14222622091e-06 -2.31744386973e-05)
(-2.0969440147e-06 -5.81758738089e-06 -2.26350414628e-05)
(-2.77259407279e-06 -5.38587320081e-06 -2.19659939552e-05)
(-3.34480143722e-06 -4.87322827526e-06 -2.11718653176e-05)
(-3.80359868401e-06 -4.31337100572e-06 -2.0289577717e-05)
(-4.15247511965e-06 -3.73832238621e-06 -1.93684480991e-05)
(-4.40403718251e-06 -3.17410190968e-06 -1.84592340968e-05)
(-4.57658275583e-06 -2.63716791739e-06 -1.76005531886e-05)
(-4.68817880944e-06 -2.13656924872e-06 -1.68197919951e-05)
(-4.75421359457e-06 -1.67575674029e-06 -1.61399380469e-05)
(-4.78822087984e-06 -1.25304751045e-06 -1.55754741734e-05)
(-4.80250618343e-06 -8.65348685613e-07 -1.51338439193e-05)
(-4.80332731752e-06 -5.04400637797e-07 -1.48212180493e-05)
(-4.80469338501e-06 -1.72414724543e-07 -1.46293297226e-05)
(-4.63959923466e-07 -5.48307788064e-06 -1.5154279485e-05)
(-1.13680122945e-06 -5.31973949019e-06 -1.49201823054e-05)
(-1.80867507267e-06 -5.02120623049e-06 -1.45750885373e-05)
(-2.38205917513e-06 -4.63095324662e-06 -1.4141158124e-05)
(-2.85666476924e-06 -4.17198927468e-06 -1.36337851136e-05)
(-3.2281953706e-06 -3.67465605015e-06 -1.30712533307e-05)
(-3.50143140333e-06 -3.16778995052e-06 -1.24861122869e-05)
(-3.68960330246e-06 -2.67383300131e-06 -1.19096433465e-05)
(-3.80943297956e-06 -2.20696273048e-06 -1.136454118e-05)
(-3.87708639806e-06 -1.77535120539e-06 -1.08675289922e-05)
(-3.90723379711e-06 -1.38219372038e-06 -1.04339397896e-05)
(-3.91282780451e-06 -1.02591944562e-06 -1.00715801323e-05)
(-3.90532923191e-06 -7.03606119556e-07 -9.78541967853e-06)
(-3.88919278497e-06 -4.07800076249e-07 -9.58286915284e-06)
(-3.88041805639e-06 -1.40214828099e-07 -9.4498296532e-06)
(-2.85802425056e-07 -3.28076494828e-06 -5.94082344503e-06)
(-6.84665426878e-07 -3.16234213999e-06 -5.84563217053e-06)
(-1.0810116717e-06 -2.97014094475e-06 -5.7093462413e-06)
(-1.41248926005e-06 -2.7218313073e-06 -5.54708570095e-06)
(-1.67842501788e-06 -2.43435106733e-06 -5.35699076177e-06)
(-1.87713785222e-06 -2.12677327896e-06 -5.14728776881e-06)
(-2.01422038661e-06 -1.81697275028e-06 -4.92967688936e-06)
(-2.09933529231e-06 -1.51873047625e-06 -4.71549276899e-06)
(-2.14360765032e-06 -1.24049913179e-06 -4.5126198177e-06)
(-2.15768437221e-06 -9.87081817785e-07 -4.32721208197e-06)
(-2.15179233878e-06 -7.60117783737e-07 -4.16511914257e-06)
(-2.13429984202e-06 -5.58484549887e-07 -4.0286221018e-06)
(-2.11268425862e-06 -3.79554228491e-07 -3.9223480372e-06)
(-2.08981157918e-06 -2.18904213155e-07 -3.8457923317e-06)
(-2.07731303212e-06 -7.63900094566e-08 -3.79383666931e-06)
)


// ************************************************************************* //
