/*--------------------------------*- C++ -*----------------------------------*\
| =========                 |                                                 |
| \\      /  F ield         | foam-extend: Open Source CFD                    |
|  \\    /   O peration     | Version:     4.1                                |
|   \\  /    A nd           | Web:         http://www.foam-extend.org         |
|    \\/     M anipulation  |                                                 |
\*---------------------------------------------------------------------------*/
FoamFile
{
    version     2.0;
    format      ascii;
    class       vectorField;
    location    "1";
    object      solidsCellD_iteration17;
}
// * * * * * * * * * * * * * * * * * * * * * * * * * * * * * * * * * * * * * //


1050
(
(3.06531989339e-07 2.57657884362e-06 -5.3447841956e-05)
(8.41559534739e-07 2.51123886158e-06 -5.2997130336e-05)
(1.3790241777e-06 2.40182006572e-06 -5.20929709001e-05)
(1.87359706455e-06 2.24790482932e-06 -5.0819344477e-05)
(2.3295460444e-06 2.05786236122e-06 -4.92500700674e-05)
(2.73779504095e-06 1.84068004309e-06 -4.74633650093e-05)
(3.08832684915e-06 1.6076085687e-06 -4.55436303313e-05)
(3.37373006639e-06 1.37277008833e-06 -4.35883097399e-05)
(3.59608250377e-06 1.14874311977e-06 -4.17007119227e-05)
(3.76550849618e-06 9.42187221646e-07 -3.9972407573e-05)
(3.89443932306e-06 7.5404938732e-07 -3.84724557548e-05)
(3.99328230409e-06 5.80441310519e-07 -3.72481477948e-05)
(4.06789024807e-06 4.15406908173e-07 -3.63271139813e-05)
(4.12077641993e-06 2.50843597682e-07 -3.57206211945e-05)
(4.14612121271e-06 8.41634883972e-08 -3.54193536224e-05)
(3.23759742343e-07 2.82243914399e-06 -5.19950987911e-05)
(8.84585442519e-07 2.74623719674e-06 -5.15366312147e-05)
(1.44756538797e-06 2.61970021538e-06 -5.06153109651e-05)
(1.96093660733e-06 2.44260420983e-06 -4.93328998255e-05)
(2.43044990092e-06 2.22678281951e-06 -4.77621869691e-05)
(2.84629853217e-06 1.98513519685e-06 -4.59820399342e-05)
(3.19917016377e-06 1.73168497531e-06 -4.40776246732e-05)
(3.48400442096e-06 1.48193187812e-06 -4.21488751374e-05)
(3.70615355128e-06 1.24749355628e-06 -4.02988849797e-05)
(3.87819559951e-06 1.03274958943e-06 -3.86143175387e-05)
(4.01351879953e-06 8.36043496098e-07 -3.71574262642e-05)
(4.12202132687e-06 6.51077646301e-07 -3.59696807817e-05)
(4.20743573969e-06 4.70442696925e-07 -3.5074439647e-05)
(4.27022813593e-06 2.85778387006e-07 -3.44811083168e-05)
(4.30155438071e-06 9.77098449867e-08 -3.41798465842e-05)
(3.5508402797e-07 3.25006671344e-06 -4.99779546475e-05)
(9.54938436971e-07 3.17277782069e-06 -4.94982348495e-05)
(1.55573343158e-06 3.0245055962e-06 -4.85643677548e-05)
(2.10054017943e-06 2.81714068944e-06 -4.72800642853e-05)
(2.59406843553e-06 2.56623667494e-06 -4.57172312307e-05)
(3.02596656738e-06 2.28858811087e-06 -4.39535247092e-05)
(3.38791883828e-06 2.00124807504e-06 -4.2076929013e-05)
(3.67813070543e-06 1.7210104335e-06 -4.01892265264e-05)
(3.90546002309e-06 1.45849354965e-06 -3.83903209208e-05)
(4.0843368707e-06 1.2159955482e-06 -3.67596823541e-05)
(4.22806873162e-06 9.8995328787e-07 -3.53521511586e-05)
(4.34542506311e-06 7.73009256263e-07 -3.42036699864e-05)
(4.43839631437e-06 5.5819294477e-07 -3.33343123094e-05)
(4.50766559414e-06 3.37781709023e-07 -3.27544127685e-05)
(4.54143165223e-06 1.16192579838e-07 -3.2452684164e-05)
(3.90176562586e-07 3.90152642436e-06 -4.72149689097e-05)
(1.0370713952e-06 3.80943736427e-06 -4.67287105689e-05)
(1.6910735864e-06 3.63023390855e-06 -4.57994727923e-05)
(2.27735263932e-06 3.37993832636e-06 -4.45392516033e-05)
(2.8039232906e-06 3.07809152866e-06 -4.30134556764e-05)
(3.25914839828e-06 2.74632348713e-06 -4.12972873244e-05)
(3.63662670996e-06 2.40552535007e-06 -3.94795350033e-05)
(3.93812412724e-06 2.07423339026e-06 -3.7660936496e-05)
(4.17554701779e-06 1.76256667624e-06 -3.59358332144e-05)
(4.36443442439e-06 1.47159483093e-06 -3.43757045421e-05)
(4.51760882346e-06 1.1970084176e-06 -3.30284731363e-05)
(4.64293229374e-06 9.31552157822e-07 -3.19255884684e-05)
(4.74123583742e-06 6.69223920851e-07 -3.10843599988e-05)
(4.81394978274e-06 4.02494695018e-07 -3.05149021396e-05)
(4.85034968631e-06 1.3860947187e-07 -3.02080126299e-05)
(4.37942360856e-07 4.68435265438e-06 -4.35297941192e-05)
(1.14373647772e-06 4.57831228296e-06 -4.30436546385e-05)
(1.86074494795e-06 4.36391140614e-06 -4.21383223906e-05)
(2.49743308525e-06 4.06331391856e-06 -4.09285295398e-05)
(3.06321682964e-06 3.70088241654e-06 -3.94723074994e-05)
(3.54567503829e-06 3.30306139428e-06 -3.78403749071e-05)
(3.940800481e-06 2.89485429362e-06 -3.61197013905e-05)
(4.25398441071e-06 2.4967749154e-06 -3.44066654557e-05)
(4.49967299526e-06 2.11934924902e-06 -3.27874155691e-05)
(4.694030002e-06 1.76385541657e-06 -3.13244808769e-05)
(4.8495294955e-06 1.4267505564e-06 -3.00592122461e-05)
(4.97409753937e-06 1.10214221562e-06 -2.90197241028e-05)
(5.06908789051e-06 7.85377220172e-07 -2.82222699172e-05)
(5.13766955624e-06 4.6894701507e-07 -2.76756292921e-05)
(5.17162704668e-06 1.61499922013e-07 -2.73706111244e-05)
(4.90743797765e-07 5.52383954829e-06 -3.86478912374e-05)
(1.25908888225e-06 5.40003160404e-06 -3.81793918106e-05)
(2.04358161422e-06 5.14154010067e-06 -3.732731074e-05)
(2.73161911452e-06 4.7836647836e-06 -3.62096992341e-05)
(3.33541159139e-06 4.3524114958e-06 -3.48729123104e-05)
(3.84183806351e-06 3.8801730901e-06 -3.33815346983e-05)
(4.25001717906e-06 3.39555624415e-06 -3.18163090114e-05)
(4.56882074106e-06 2.92139259848e-06 -3.02645361346e-05)
(4.81481393413e-06 2.46954269082e-06 -2.88009664966e-05)
(5.00471469657e-06 2.04280068643e-06 -2.74783023242e-05)
(5.15134008125e-06 1.63935322346e-06 -2.6331558125e-05)
(5.26389175394e-06 1.25497009243e-06 -2.53855021734e-05)
(5.34573092756e-06 8.86254512881e-07 -2.46558367196e-05)
(5.4023873514e-06 5.25015734244e-07 -2.41505620746e-05)
(5.4293086212e-06 1.80668075035e-07 -2.38583853415e-05)
(5.4239455466e-07 6.23046923959e-06 -3.2351953593e-05)
(1.35763547996e-06 6.0849374436e-06 -3.19154077718e-05)
(2.19241557464e-06 5.78684467769e-06 -3.11638818009e-05)
(2.91819238242e-06 5.37477105567e-06 -3.01947559371e-05)
(3.544682713e-06 4.88094461213e-06 -2.90448801413e-05)
(4.06033772173e-06 4.34092382986e-06 -2.77666814527e-05)
(4.46716370751e-06 3.78698133322e-06 -2.64303955166e-05)
(4.77728213956e-06 3.24401270145e-06 -2.51093221556e-05)
(5.00890883541e-06 2.72588371103e-06 -2.38639789907e-05)
(5.17946685319e-06 2.23783532065e-06 -2.27369400188e-05)
(5.30295649898e-06 1.78024384748e-06 -2.17575331745e-05)
(5.39082860654e-06 1.35013140775e-06 -2.09463764319e-05)
(5.44916706953e-06 9.44849463709e-07 -2.03166576808e-05)
(5.48606551271e-06 5.55191495624e-07 -1.9875151768e-05)
(5.50106206565e-06 1.90918790665e-07 -1.96087717548e-05)
(5.65639449615e-07 6.5318429942e-06 -2.44917494006e-05)
(1.38444392349e-06 6.36422706072e-06 -2.41351005412e-05)
(2.22593723187e-06 6.03495979146e-06 -2.35293373493e-05)
(2.94580177674e-06 5.58943541347e-06 -2.27715209238e-05)
(3.55653081924e-06 5.05871308697e-06 -2.18788680084e-05)
(4.04723268455e-06 4.48170058299e-06 -2.0892219043e-05)
(4.42362780402e-06 3.89152818456e-06 -1.98655169645e-05)
(4.70018842005e-06 3.31405087987e-06 -1.88535339862e-05)
(4.89604003391e-06 2.76455520271e-06 -1.78995715882e-05)
(5.02918203939e-06 2.25054008678e-06 -1.70349401385e-05)
(5.11520619016e-06 1.77424823342e-06 -1.62830390559e-05)
(5.16786810976e-06 1.33318010425e-06 -1.56593694154e-05)
(5.19550250242e-06 9.2470279533e-07 -1.51724808348e-05)
(5.20742393457e-06 5.38876001716e-07 -1.4826790615e-05)
(5.20739085873e-06 1.85337713516e-07 -1.46085424049e-05)
(5.13466645036e-07 5.78842100691e-06 -1.52100193013e-05)
(1.21583347087e-06 5.62626429334e-06 -1.49571352402e-05)
(1.93979106402e-06 5.31427105332e-06 -1.45659687009e-05)
(2.55436606216e-06 4.90195243377e-06 -1.40859531513e-05)
(3.06311765922e-06 4.41613141189e-06 -1.35261024208e-05)
(3.46091332026e-06 3.89176880463e-06 -1.29093608471e-05)
(3.75485536134e-06 3.35880287557e-06 -1.22702350803e-05)
(3.95962765684e-06 2.84017517586e-06 -1.16418832087e-05)
(4.09290472521e-06 2.34999007745e-06 -1.1049438231e-05)
(4.17143815722e-06 1.89595178077e-06 -1.05119488414e-05)
(4.21057956152e-06 1.48083977207e-06 -1.0045054536e-05)
(4.22415707156e-06 1.10218964407e-06 -9.65803909625e-06)
(4.22061500642e-06 7.5774921474e-07 -9.35443372798e-06)
(4.20885863195e-06 4.38084223504e-07 -9.13759347182e-06)
(4.19520766383e-06 1.51215636566e-07 -8.99433472974e-06)
(3.01896934146e-07 3.37017944297e-06 -5.43617603899e-06)
(7.03933512612e-07 3.2505718875e-06 -5.33430692345e-06)
(1.11270204739e-06 3.05062763591e-06 -5.1917278679e-06)
(1.45308577386e-06 2.79190152356e-06 -5.01993609381e-06)
(1.72474430175e-06 2.49279510584e-06 -4.82056590013e-06)
(1.92616373371e-06 2.1743703825e-06 -4.60237024124e-06)
(2.06392485644e-06 1.8551654602e-06 -4.37813540366e-06)
(2.14861993209e-06 1.54913481594e-06 -4.15939275068e-06)
(2.19200796446e-06 1.26473269016e-06 -3.95410290268e-06)
(2.20528356691e-06 1.00645243349e-06 -3.7685915411e-06)
(2.19889811102e-06 7.75598012891e-07 -3.60861230708e-06)
(2.18196395587e-06 5.70061505804e-07 -3.47690832815e-06)
(2.16013204902e-06 3.87692892603e-07 -3.37386077971e-06)
(2.13783038823e-06 2.22898767162e-07 -3.30176227941e-06)
(2.12317873567e-06 7.79306093887e-08 -3.25192255633e-06)
(1.91718466601e-07 1.44849819447e-06 -5.36648344309e-05)
(5.39741918861e-07 1.41916570525e-06 -5.32209813829e-05)
(8.85057522766e-07 1.3609718528e-06 -5.23179595772e-05)
(1.20386393212e-06 1.27800203552e-06 -5.10466391349e-05)
(1.49883515536e-06 1.17394975955e-06 -4.94807640507e-05)
(1.76368236021e-06 1.05483226661e-06 -4.76970184795e-05)
(1.99222049644e-06 9.27088425634e-07 -4.57787001311e-05)
(2.18063170198e-06 7.98573003066e-07 -4.38233339976e-05)
(2.33113954925e-06 6.7593807605e-07 -4.19352213774e-05)
(2.45048471009e-06 5.62204112803e-07 -4.02063375238e-05)
(2.54630863797e-06 4.57121347425e-07 -3.87056510459e-05)
(2.62453884071e-06 3.57481983335e-07 -3.74804976563e-05)
(2.68705918908e-06 2.59279777622e-07 -3.65587105768e-05)
(2.73481199102e-06 1.57479145718e-07 -3.59535370183e-05)
(2.7655815126e-06 5.35350375993e-08 -3.5652295891e-05)
(2.02450593966e-07 1.59016167166e-06 -5.2197118855e-05)
(5.65983703661e-07 1.55264686646e-06 -5.17364735592e-05)
(9.26227093198e-07 1.48633139825e-06 -5.0814633699e-05)
(1.2564554826e-06 1.39040718227e-06 -4.95314611328e-05)
(1.55951582498e-06 1.27230581424e-06 -4.79596216156e-05)
(1.82871680009e-06 1.14013969009e-06 -4.61767763424e-05)
(2.0584469262e-06 1.00183142745e-06 -4.42678735167e-05)
(2.24642035103e-06 8.65823907936e-07 -4.23337524766e-05)
(2.39665523713e-06 7.37993085536e-07 -4.04787173206e-05)
(2.51705573217e-06 6.19914136354e-07 -3.87898652935e-05)
(2.61559154683e-06 5.09722969941e-07 -3.73295691379e-05)
(2.6977885315e-06 4.02834295872e-07 -3.6139346292e-05)
(2.76409230104e-06 2.94388329406e-07 -3.52422951073e-05)
(2.81508658185e-06 1.80201313589e-07 -3.46495037565e-05)
(2.84621157714e-06 6.18595435471e-08 -3.43482192731e-05)
(2.19716202457e-07 1.86009492541e-06 -5.02114583485e-05)
(6.06822326921e-07 1.82255407841e-06 -4.97299376121e-05)
(9.89596554263e-07 1.74154060546e-06 -4.87957650066e-05)
(1.33748767426e-06 1.62504569912e-06 -4.75095956807e-05)
(1.65343052668e-06 1.48313419222e-06 -4.59434655515e-05)
(1.93043003575e-06 1.32665001211e-06 -4.41739262561e-05)
(2.16389549124e-06 1.16570536299e-06 -4.22891778438e-05)
(2.35360233048e-06 1.00962063584e-06 -4.03924529155e-05)
(2.50550577913e-06 8.63607324138e-07 -3.8585155145e-05)
(2.62837059327e-06 7.27931273195e-07 -3.69473337646e-05)
(2.72996438072e-06 5.99533436178e-07 -3.55341423719e-05)
(2.81514675506e-06 4.7323894304e-07 -3.43815583546e-05)
(2.88320521155e-06 3.44418766785e-07 -3.35091076382e-05)
(2.93561262516e-06 2.09675785301e-07 -3.29274645251e-05)
(2.96502478332e-06 7.1322045535e-08 -3.26237565715e-05)
(2.41411211215e-07 2.29074500244e-06 -4.7476017887e-05)
(6.57831960658e-07 2.24404034242e-06 -4.69865348061e-05)
(1.07277088512e-06 2.14101136201e-06 -4.60566258908e-05)
(1.44568217235e-06 1.99444387698e-06 -4.47932813262e-05)
(1.78098507071e-06 1.81706862155e-06 -4.32626087235e-05)
(2.07109983906e-06 1.62316401575e-06 -4.15386572566e-05)
(2.31274526623e-06 1.42544641869e-06 -3.97107445156e-05)
(2.5078660211e-06 1.23444823744e-06 -3.78812233906e-05)
(2.66415672123e-06 1.05515838515e-06 -3.61458858554e-05)
(2.79095282291e-06 8.87170040008e-07 -3.45766915302e-05)
(2.89575426631e-06 7.27045165601e-07 -3.32219231941e-05)
(2.98305499319e-06 5.69743787627e-07 -3.21133341327e-05)
(3.05152088342e-06 4.11265280706e-07 -3.1268175614e-05)
(3.1037667096e-06 2.48339296619e-07 -3.06963292556e-05)
(3.1315782855e-06 8.37448271447e-08 -3.03871606115e-05)
(2.70330337039e-07 2.81670938738e-06 -4.37935406117e-05)
(7.24502329856e-07 2.75848529798e-06 -4.33050755035e-05)
(1.17871209756e-06 2.63018134741e-06 -4.23998696984e-05)
(1.58249990251e-06 2.44811721727e-06 -4.11866562781e-05)
(1.94126098733e-06 2.22851831119e-06 -3.9725392184e-05)
(2.24706630752e-06 1.98884850891e-06 -3.80853313417e-05)
(2.4982263046e-06 1.74460750333e-06 -3.63540689083e-05)
(2.69885157362e-06 1.50773868772e-06 -3.46294522827e-05)
(2.85807479162e-06 1.28367025474e-06 -3.29988531107e-05)
(2.98557425552e-06 1.07230847034e-06 -3.15252056094e-05)
(3.08877908939e-06 8.7085180773e-07 -3.02502803988e-05)
(3.17252461971e-06 6.75174917698e-07 -2.92028202098e-05)
(3.23598639118e-06 4.82121664615e-07 -2.83997812185e-05)
(3.28357778681e-06 2.88501402592e-07 -2.78497554264e-05)
(3.30687305419e-06 9.66505579938e-08 -2.75420687514e-05)
(3.02065439683e-07 3.37748024805e-06 -3.88923954037e-05)
(7.95850283567e-07 3.3064425475e-06 -3.84223000683e-05)
(1.29160760664e-06 3.14802092837e-06 -3.75716856952e-05)
(1.7264737163e-06 2.92655779684e-06 -3.64509290099e-05)
(2.10775584809e-06 2.659907618e-06 -3.51091811369e-05)
(2.42700649042e-06 2.36936691369e-06 -3.36093505532e-05)
(2.6845156077e-06 2.0728875254e-06 -3.20329620168e-05)
(2.88640742647e-06 1.78409771083e-06 -3.04685997574e-05)
(3.04304522059e-06 1.50954401376e-06 -2.89920817962e-05)
(3.16453069285e-06 1.25035689061e-06 -2.76566461298e-05)
(3.25879276837e-06 1.00504579439e-06 -2.64978962652e-05)
(3.33181325881e-06 7.70550114936e-07 -2.55412530342e-05)
(3.38411229713e-06 5.44372190027e-07 -2.4803406138e-05)
(3.42209853061e-06 3.22818624347e-07 -2.42923297714e-05)
(3.4381094201e-06 1.07547196276e-07 -2.39958711555e-05)
(3.31588388802e-07 3.83907430877e-06 -3.25376295312e-05)
(8.54337230256e-07 3.75402578497e-06 -3.20969714076e-05)
(1.37902621211e-06 3.56836253369e-06 -3.13448225283e-05)
(1.83468850683e-06 3.31075647234e-06 -3.03723320991e-05)
(2.22725467167e-06 3.00211532698e-06 -2.92170384567e-05)
(2.54923440615e-06 2.66619159324e-06 -2.79302170755e-05)
(2.80272424002e-06 2.32324792077e-06 -2.65827966112e-05)
(2.99574312858e-06 1.98848563212e-06 -2.52489803002e-05)
(3.13967577431e-06 1.66998747939e-06 -2.39900569408e-05)
(3.24524514514e-06 1.37062141121e-06 -2.28493199422e-05)
(3.32145778052e-06 1.09039607017e-06 -2.18570072348e-05)
(3.37601693548e-06 8.27012080943e-07 -2.1034340926e-05)
(3.41108073844e-06 5.78346168547e-07 -2.03954687877e-05)
(3.43493272789e-06 3.39809335554e-07 -1.99470346585e-05)
(3.44107690693e-06 1.1255578059e-07 -1.9675644369e-05)
(3.41203923295e-07 4.01083322004e-06 -2.45499889413e-05)
(8.60829508381e-07 3.91027790732e-06 -2.41863744959e-05)
(1.3834994295e-06 3.70518773145e-06 -2.35809727851e-05)
(1.82933665851e-06 3.42655356286e-06 -2.28199069348e-05)
(2.20596729501e-06 3.09522192283e-06 -2.19223987021e-05)
(2.5067188182e-06 2.73649637717e-06 -2.09282177972e-05)
(2.73578842447e-06 2.37131152371e-06 -1.98918984568e-05)
(2.90265014902e-06 2.01558592617e-06 -1.88687101634e-05)
(3.01932109159e-06 1.67850620605e-06 -1.79024247879e-05)
(3.09709473642e-06 1.36439230172e-06 -1.70251215373e-05)
(3.14615690567e-06 1.07434074914e-06 -1.62612453966e-05)
(3.17566323592e-06 8.06271136309e-07 -1.56267408509e-05)
(3.18903658005e-06 5.58146834403e-07 -1.51310479697e-05)
(3.19525541543e-06 3.24901981677e-07 -1.47783429128e-05)
(3.18979317991e-06 1.06948274463e-07 -1.45554355231e-05)
(3.0021353527e-07 3.49362416835e-06 -1.50551248143e-05)
(7.40376587468e-07 3.39364984288e-06 -1.47968482058e-05)
(1.18025159096e-06 3.20146427882e-06 -1.44073370757e-05)
(1.55138279769e-06 2.94716774512e-06 -1.39263524433e-05)
(1.85677740424e-06 2.64830987985e-06 -1.33647299962e-05)
(2.09297270306e-06 2.32742891111e-06 -1.27444258502e-05)
(2.26515763823e-06 2.00295939417e-06 -1.21000771523e-05)
(2.38267878439e-06 1.68890681195e-06 -1.14648883091e-05)
(2.45664308491e-06 1.39370142201e-06 -1.08642106067e-05)
(2.49759389954e-06 1.12172774403e-06 -1.03177446831e-05)
(2.51538193401e-06 8.74285900536e-07 -9.84193864047e-06)
(2.51885213251e-06 6.49242066387e-07 -9.44629498981e-06)
(2.5114783823e-06 4.45229477272e-07 -9.13534006314e-06)
(2.50185156973e-06 2.57097356063e-07 -8.9124333031e-06)
(2.48724936791e-06 8.38598572358e-08 -8.76562971717e-06)
(1.46958769021e-07 1.76775774989e-06 -4.94972034969e-06)
(3.71605564098e-07 1.70026312967e-06 -4.8510499118e-06)
(5.85902582366e-07 1.5905929987e-06 -4.71448698918e-06)
(7.62656055352e-07 1.44909957028e-06 -4.54955609714e-06)
(9.01486100057e-07 1.28659755387e-06 -4.35788188804e-06)
(1.00175257221e-06 1.11521757668e-06 -4.14735275365e-06)
(1.06740407274e-06 9.45146077888e-07 -3.93003971958e-06)
(1.10462340289e-06 7.83877208468e-07 -3.71690689797e-06)
(1.12020064842e-06 6.35798922714e-07 -3.5157340765e-06)
(1.12057910323e-06 5.02993644279e-07 -3.33303609663e-06)
(1.11161996775e-06 3.85673369513e-07 -3.1747299881e-06)
(1.09832957452e-06 2.82107059e-07 -3.04350003098e-06)
(1.08299244197e-06 1.91052137998e-07 -2.94052597143e-06)
(1.0686114932e-06 1.09466531504e-07 -2.86766747144e-06)
(1.05858879439e-06 3.4173224061e-08 -2.81684476696e-06)
(7.54412128828e-08 1.16757076399e-07 -5.38674157418e-05)
(2.1479742347e-07 1.0670922855e-07 -5.34255295559e-05)
(3.52782122806e-07 9.89440209707e-08 -5.25243979591e-05)
(4.78882302661e-07 8.42764001703e-08 -5.12556535818e-05)
(5.95584984066e-07 6.3486843123e-08 -4.96922038495e-05)
(7.00075737543e-07 4.03945460898e-08 -4.79102156444e-05)
(7.89696621368e-07 1.77212170213e-08 -4.59928652424e-05)
(8.63221411023e-07 -1.26744811599e-09 -4.40379109511e-05)
(9.22332215205e-07 -1.39643865707e-08 -4.21497424172e-05)
(9.70603143778e-07 -1.94415950485e-08 -4.04200324335e-05)
(1.01170965991e-06 -1.82070805883e-08 -3.89176487572e-05)
(1.04834915496e-06 -1.26355049971e-08 -3.76901878727e-05)
(1.0797186844e-06 -5.84838587452e-09 -3.67654074276e-05)
(1.10362216218e-06 -2.30149294851e-09 -3.61577668119e-05)
(1.11985348692e-06 -8.99612441847e-10 -3.58544529163e-05)
(8.07339591998e-08 2.3181335974e-07 -5.23698300484e-05)
(2.26372283304e-07 2.19151951346e-07 -5.19081845791e-05)
(3.71148390953e-07 2.10227976569e-07 -5.0986466824e-05)
(5.03926922088e-07 1.90308059424e-07 -4.97030021449e-05)
(6.26068143664e-07 1.63993793242e-07 -4.81303902651e-05)
(7.34561170309e-07 1.35771790544e-07 -4.63458957511e-05)
(8.27087676625e-07 1.08939633968e-07 -4.44349686245e-05)
(9.03357915155e-07 8.6858075378e-08 -4.24990356638e-05)
(9.66072850364e-07 7.14359228828e-08 -4.06424744462e-05)
(1.0194503468e-06 6.24412946558e-08 -3.89519500801e-05)
(1.06730346417e-06 5.78501244473e-08 -3.74897443582e-05)
(1.11185463906e-06 5.38144066491e-08 -3.62975812208e-05)
(1.15060610788e-06 4.60589065659e-08 -3.53982909905e-05)
(1.18018144119e-06 3.11166502984e-08 -3.48030126195e-05)
(1.19799163783e-06 1.16786127516e-08 -3.44984886317e-05)
(8.81802191763e-08 4.10321725843e-07 -5.03885313802e-05)
(2.44997747377e-07 4.01410768557e-07 -4.99065991317e-05)
(4.01262855217e-07 3.85291465424e-07 -4.89710965162e-05)
(5.4315428084e-07 3.55332682253e-07 -4.76824104966e-05)
(6.72491275712e-07 3.17328638567e-07 -4.61129820812e-05)
(7.86018513409e-07 2.76941654738e-07 -4.43390068635e-05)
(8.82202367873e-07 2.38499487679e-07 -4.24494050525e-05)
(9.61855005317e-07 2.05569612036e-07 -4.0548189278e-05)
(1.02853701545e-06 1.79351625483e-07 -3.87369772692e-05)
(1.08660386653e-06 1.58531245098e-07 -3.70955382381e-05)
(1.1393590239e-06 1.40090368287e-07 -3.56791076894e-05)
(1.18822747199e-06 1.19801752933e-07 -3.45238546634e-05)
(1.22963738633e-06 9.37162838899e-08 -3.36492494692e-05)
(1.26108372867e-06 5.97283718323e-08 -3.306597738e-05)
(1.27910445937e-06 2.09498107782e-08 -3.27597108302e-05)
(9.86668956969e-08 6.80360784853e-07 -4.76705167896e-05)
(2.70033265679e-07 6.67899382872e-07 -4.71822576536e-05)
(4.42581455294e-07 6.39677302334e-07 -4.6249993145e-05)
(5.97943330404e-07 5.93713041827e-07 -4.49831572992e-05)
(7.38232193542e-07 5.36714971458e-07 -4.34478982265e-05)
(8.60029071591e-07 4.76053155278e-07 -4.17178695652e-05)
(9.62493438376e-07 4.17206094859e-07 -3.98831482952e-05)
(1.04742813066e-06 3.64110692351e-07 -3.8046931637e-05)
(1.11901167566e-06 3.17576626225e-07 -3.63053397021e-05)
(1.18152285647e-06 2.75746081413e-07 -3.47302282947e-05)
(1.23777843481e-06 2.35388239946e-07 -3.33701552159e-05)
(1.28876638582e-06 1.92608141348e-07 -3.22572104105e-05)
(1.33036909809e-06 1.4431191445e-07 -3.14087543745e-05)
(1.36136782727e-06 8.92383602262e-08 -3.08349263452e-05)
(1.37863938833e-06 3.03646827815e-08 -3.0522807914e-05)
(1.13246341702e-07 1.00159366086e-06 -4.39957831582e-05)
(3.04872209814e-07 9.81970297872e-07 -4.35058609653e-05)
(4.98431648964e-07 9.39323729744e-07 -4.25980697213e-05)
(6.7092765464e-07 8.73683555024e-07 -4.13811402158e-05)
(8.24717693478e-07 7.93375457497e-07 -3.99149913634e-05)
(9.56334659873e-07 7.07217532847e-07 -3.82684714284e-05)
(1.06572891014e-06 6.2192765794e-07 -3.65298621836e-05)
(1.15560336426e-06 5.41972716634e-07 -3.47977050144e-05)
(1.23053698026e-06 4.68268319867e-07 -3.31596537399e-05)
(1.29463588061e-06 3.99150466408e-07 -3.16786701318e-05)
(1.35048039593e-06 3.31954252788e-07 -3.03969723039e-05)
(1.39925276698e-06 2.63636682635e-07 -2.93437686844e-05)
(1.43710077099e-06 1.91983222901e-07 -2.85361973002e-05)
(1.46479079115e-06 1.16349996649e-07 -2.79833080642e-05)
(1.47963596049e-06 3.89662470884e-08 -2.76719425135e-05)
(1.29475863528e-07 1.34025550599e-06 -3.90788500014e-05)
(3.43008113103e-07 1.31317587303e-06 -3.860712264e-05)
(5.59437208998e-07 1.25375096921e-06 -3.77554890775e-05)
(7.49696427226e-07 1.16600787138e-06 -3.66316386199e-05)
(9.17045863803e-07 1.05938951945e-06 -3.52853602675e-05)
(1.05770851153e-06 9.44371358897e-07 -3.37792052193e-05)
(1.17252183712e-06 8.28841982983e-07 -3.21953757369e-05)
(1.26490851533e-06 7.18051737062e-07 -3.06230275446e-05)
(1.33974727045e-06 6.13575075879e-07 -2.91382738852e-05)
(1.40114421318e-06 5.14615308057e-07 -2.77945859289e-05)
(1.4519758046e-06 4.1955434038e-07 -2.66282065975e-05)
(1.49428539202e-06 3.26235795034e-07 -2.56651011124e-05)
(1.52500754391e-06 2.33001568743e-07 -2.49221720383e-05)
(1.54701077674e-06 1.39155633991e-07 -2.44078566216e-05)
(1.55812368101e-06 4.61294415574e-08 -2.41077290426e-05)
(1.44797930538e-07 1.62549027761e-06 -3.26856806012e-05)
(3.76391815022e-07 1.5918560733e-06 -3.22433178892e-05)
(6.09798435932e-07 1.51631939098e-06 -3.14898389881e-05)
(8.12947054702e-07 1.40806191666e-06 -3.05145421699e-05)
(9.88444321082e-07 1.27719517484e-06 -2.93550502475e-05)
(1.13282167551e-06 1.1356545799e-06 -2.8062412166e-05)
(1.24769895768e-06 9.92327103226e-07 -2.67080713641e-05)
(1.33712339833e-06 8.53382969509e-07 -2.53666122877e-05)
(1.40624057218e-06 7.21397581314e-07 -2.4099594059e-05)
(1.45941345992e-06 5.96759535026e-07 -2.29507238394e-05)
(1.5002809939e-06 4.78922410535e-07 -2.19509366994e-05)
(1.53214039142e-06 3.66325300994e-07 -2.11218453061e-05)
(1.55280617585e-06 2.57686601184e-07 -2.04778221778e-05)
(1.56722319925e-06 1.51875300347e-07 -2.00260078547e-05)
(1.57321711465e-06 4.98593477391e-08 -1.97508548719e-05)
(1.50996955137e-07 1.75893264183e-06 -2.46311432973e-05)
(3.84292936678e-07 1.71753538991e-06 -2.42649750361e-05)
(6.20114369028e-07 1.63040078281e-06 -2.36588520216e-05)
(8.21352057886e-07 1.50898985489e-06 -2.28957599239e-05)
(9.91462955527e-07 1.36385375364e-06 -2.19951606718e-05)
(1.12759314423e-06 1.2071877238e-06 -2.09966271311e-05)
(1.23205990001e-06 1.04838885368e-06 -1.99549729687e-05)
(1.30947162035e-06 8.94143840006e-07 -1.89256432588e-05)
(1.36517441542e-06 7.47935175393e-07 -1.79526616043e-05)
(1.40392042542e-06 6.11153156268e-07 -1.70686325528e-05)
(1.43019483374e-06 4.83958431535e-07 -1.62985174917e-05)
(1.44823581295e-06 3.64980531321e-07 -1.56582450965e-05)
(1.45659462785e-06 2.5321459423e-07 -1.51576093353e-05)
(1.46152781271e-06 1.47591400951e-07 -1.48013607047e-05)
(1.4611359229e-06 4.80850620854e-08 -1.45750271191e-05)
(1.33398224229e-07 1.55870729091e-06 -1.50240472034e-05)
(3.34289440487e-07 1.5149311889e-06 -1.47637063714e-05)
(5.34465962138e-07 1.4309318285e-06 -1.43746401917e-05)
(7.02767008295e-07 1.31801590909e-06 -1.38931891897e-05)
(8.41321183185e-07 1.18487624132e-06 -1.333086273e-05)
(9.48288493765e-07 1.04237055246e-06 -1.27091131591e-05)
(1.02663783792e-06 8.98616488525e-07 -1.20626492216e-05)
(1.08070583258e-06 7.59661365464e-07 -1.14246150688e-05)
(1.11546511753e-06 6.28954138494e-07 -1.08205343606e-05)
(1.13551915429e-06 5.08171513812e-07 -1.02705515343e-05)
(1.14534826486e-06 3.976916388e-07 -9.79129907805e-06)
(1.14908007472e-06 2.96090246452e-07 -9.39201460066e-06)
(1.14566655737e-06 2.03330400022e-07 -9.07799659615e-06)
(1.14259659827e-06 1.17541724413e-07 -8.8531566666e-06)
(1.13609795987e-06 3.77828484976e-08 -8.70382788114e-06)
(6.14371464894e-08 7.5438102416e-07 -4.81025976261e-06)
(1.6025819967e-07 7.24747539488e-07 -4.71373416797e-06)
(2.5301856831e-07 6.77947322594e-07 -4.57894216106e-06)
(3.29475975451e-07 6.17031470391e-07 -4.41699379042e-06)
(3.89186616097e-07 5.47170248891e-07 -4.22857559577e-06)
(4.32052186244e-07 4.73881203533e-07 -4.02133165855e-06)
(4.59924737429e-07 4.01509209233e-07 -3.80701749156e-06)
(4.75618797195e-07 3.33163126648e-07 -3.59636911702e-06)
(4.82117560052e-07 2.70609041168e-07 -3.3971674451e-06)
(4.82248510828e-07 2.14591125052e-07 -3.21608610413e-06)
(4.78552499509e-07 1.65030854031e-07 -3.05897186524e-06)
(4.73239908201e-07 1.20898928432e-07 -2.92835777325e-06)
(4.66348185557e-07 8.20161172429e-08 -2.82624617848e-06)
(4.60415405744e-07 4.70257470617e-08 -2.75369854119e-06)
(4.5575198148e-07 1.43407381443e-08 -2.70295894809e-06)
(-3.79137605088e-08 -1.39089496732e-06 -5.40679788359e-05)
(-1.11498526519e-07 -1.36854895191e-06 -5.36249898391e-05)
(-1.84033273436e-07 -1.32406038854e-06 -5.27250867051e-05)
(-2.54679490626e-07 -1.26732867281e-06 -5.1458075692e-05)
(-3.20553479207e-07 -1.20052762382e-06 -4.98963873479e-05)
(-3.8122953408e-07 -1.12197926731e-06 -4.81153324442e-05)
(-4.36547530564e-07 -1.0323792423e-06 -4.61978562348e-05)
(-4.860360274e-07 -9.32609582771e-07 -4.42421442514e-05)
(-5.28679721704e-07 -8.2367913142e-07 -4.23528421082e-05)
(-5.63281698473e-07 -7.0660653157e-07 -4.06213470435e-05)
(-5.88851745693e-07 -5.82363065927e-07 -3.91164602809e-05)
(-6.0444793436e-07 -4.52906280116e-07 -3.78862732566e-05)
(-6.11269282763e-07 -3.2090651424e-07 -3.69588155544e-05)
(-6.13214276429e-07 -1.90989709501e-07 -3.63485696787e-05)
(-6.15496455785e-07 -6.4447182354e-08 -3.60424024295e-05)
(-4.01692525218e-08 -1.26425369529e-06 -5.25526589226e-05)
(-1.18775811085e-07 -1.24429843437e-06 -5.20933361268e-05)
(-1.93050844389e-07 -1.19596042782e-06 -5.11719603334e-05)
(-2.62362899712e-07 -1.13872481369e-06 -4.98893228798e-05)
(-3.25655743394e-07 -1.07132266271e-06 -4.83172981983e-05)
(-3.8247184338e-07 -9.92499805859e-07 -4.65323690631e-05)
(-4.32469534067e-07 -9.0313618351e-07 -4.46202166913e-05)
(-4.74748163111e-07 -8.0430664672e-07 -4.26828628609e-05)
(-5.0797224448e-07 -6.97560361463e-07 -4.08247815082e-05)
(-5.30881399875e-07 -5.84891897124e-07 -3.91321802153e-05)
(-5.42751859532e-07 -4.68886493204e-07 -3.76673135099e-05)
(-5.43512622508e-07 -3.53364498903e-07 -3.64724371521e-05)
(-5.36580581692e-07 -2.42638110671e-07 -3.5570814278e-05)
(-5.27906864724e-07 -1.40864309005e-07 -3.49737135979e-05)
(-5.24753900509e-07 -4.56794046196e-08 -3.46669697249e-05)
(-4.06019533207e-08 -1.14392094035e-06 -5.05770680864e-05)
(-1.19415545408e-07 -1.11735633439e-06 -5.00945235085e-05)
(-1.91702168044e-07 -1.06837690795e-06 -4.91580480058e-05)
(-2.58108271868e-07 -1.0106755612e-06 -4.7868848172e-05)
(-3.1757579481e-07 -9.43184102145e-07 -4.62985075477e-05)
(-3.69720495096e-07 -8.65096458774e-07 -4.45226176551e-05)
(-4.13748641164e-07 -7.77474852355e-07 -4.26305002092e-05)
(-4.48447686476e-07 -6.81817079281e-07 -4.0726779096e-05)
(-4.72509541526e-07 -5.80444274104e-07 -3.89131208683e-05)
(-4.85216603588e-07 -4.76301268916e-07 -3.72688787033e-05)
(-4.86824718334e-07 -3.72859815419e-07 -3.58493839001e-05)
(-4.78547012218e-07 -2.74208006471e-07 -3.46912661237e-05)
(-4.65381480567e-07 -1.84168213564e-07 -3.38143078321e-05)
(-4.53179109679e-07 -1.04972079783e-07 -3.32291608789e-05)
(-4.4851204883e-07 -3.37061596104e-08 -3.29212757874e-05)
(-4.02441506451e-08 -1.00027293813e-06 -4.78644584803e-05)
(-1.18317650405e-07 -9.73932328953e-07 -4.73755955232e-05)
(-1.87625679203e-07 -9.26576678926e-07 -4.64420421851e-05)
(-2.49714755861e-07 -8.70751935542e-07 -4.51736367336e-05)
(-3.04064099706e-07 -8.05920442036e-07 -4.36363015515e-05)
(-3.50111251004e-07 -7.31506780978e-07 -4.19032391227e-05)
(-3.86934240392e-07 -6.48907558454e-07 -4.00650431425e-05)
(-4.13330324576e-07 -5.60139581836e-07 -3.82255007907e-05)
(-4.28407820999e-07 -4.68173199599e-07 -3.64807434578e-05)
(-4.32295639055e-07 -3.76467695079e-07 -3.49022735912e-05)
(-4.26263529465e-07 -2.88572775416e-07 -3.35388246746e-05)
(-4.12415042502e-07 -2.07954601684e-07 -3.24228960699e-05)
(-3.9662588631e-07 -1.3722563275e-07 -3.1572054164e-05)
(-3.841272498e-07 -7.6996839429e-08 -3.0996572862e-05)
(-3.79243695433e-07 -2.4582492918e-08 -3.06837072735e-05)
(-3.81544130575e-08 -8.53503081171e-07 -4.41916238158e-05)
(-1.11806549552e-07 -8.29918111735e-07 -4.37007444712e-05)
(-1.75583337707e-07 -7.85507489311e-07 -4.27911862613e-05)
(-2.31483884054e-07 -7.33233629654e-07 -4.15722732235e-05)
(-2.7933669794e-07 -6.72792094715e-07 -4.01036662689e-05)
(-3.18417456006e-07 -6.04014276021e-07 -3.84539187793e-05)
(-3.47748136646e-07 -5.28654118881e-07 -3.67118071525e-05)
(-3.6634685737e-07 -4.49185271067e-07 -3.49762880824e-05)
(-3.73943372637e-07 -3.68931675378e-07 -3.3334930664e-05)
(-3.7154049527e-07 -2.91346571551e-07 -3.18504361059e-05)
(-3.61133658231e-07 -2.19439136957e-07 -3.05653028337e-05)
(-3.45097991526e-07 -1.55668329455e-07 -2.950910723e-05)
(-3.29517271639e-07 -1.01485268851e-07 -2.86990460937e-05)
(-3.18428044694e-07 -5.63060008048e-08 -2.81444694098e-05)
(-3.14122618079e-07 -1.79160179839e-08 -2.78325879337e-05)
(-3.46927213599e-08 -6.99802918461e-07 -3.92687002629e-05)
(-1.01467448726e-07 -6.78775657004e-07 -3.87965207625e-05)
(-1.57532940863e-07 -6.38546937729e-07 -3.7943759389e-05)
(-2.05506225519e-07 -5.91637288141e-07 -3.68183605618e-05)
(-2.45359251843e-07 -5.37710478046e-07 -3.54697679341e-05)
(-2.76502910219e-07 -4.77065330874e-07 -3.39605296405e-05)
(-2.98071132639e-07 -4.1165991176e-07 -3.23733310911e-05)
(-3.0952445249e-07 -3.44192737736e-07 -3.07976076768e-05)
(-3.11244983632e-07 -2.77883168591e-07 -2.93093625388e-05)
(-3.04858294014e-07 -2.15667257938e-07 -2.7961979309e-05)
(-2.92561441047e-07 -1.59672324651e-07 -2.67921317659e-05)
(-2.76404442316e-07 -1.11418734117e-07 -2.58261450088e-05)
(-2.62362652823e-07 -7.16462019994e-08 -2.5080903141e-05)
(-2.53104967816e-07 -3.93202504675e-08 -2.45651424441e-05)
(-2.49264772311e-07 -1.24685207327e-08 -2.42645523013e-05)
(-2.96316412808e-08 -5.42862979683e-07 -3.2859896187e-05)
(-8.58630963225e-08 -5.23160731817e-07 -3.2416145355e-05)
(-1.3258746879e-07 -4.88926363491e-07 -3.1662217366e-05)
(-1.71127508036e-07 -4.48801223424e-07 -3.06856302711e-05)
(-2.0198425444e-07 -4.03500115863e-07 -2.95242082908e-05)
(-2.24778382166e-07 -3.53140252478e-07 -2.82289925897e-05)
(-2.38821018058e-07 -2.99894712011e-07 -2.68718269868e-05)
(-2.44097812235e-07 -2.46275378566e-07 -2.55274201942e-05)
(-2.41516583076e-07 -1.95048447472e-07 -2.42572270537e-05)
(-2.32965327758e-07 -1.48391141826e-07 -2.31050340346e-05)
(-2.20363711676e-07 -1.07588869568e-07 -2.21022330364e-05)
(-2.05080753382e-07 -7.3531321464e-08 -2.12706488568e-05)
(-1.93000872872e-07 -4.64559189072e-08 -2.06246557791e-05)
(-1.8515431029e-07 -2.5318590333e-08 -2.01717750028e-05)
(-1.81473030737e-07 -8.04250025803e-09 -1.98959405386e-05)
(-2.25505980698e-08 -3.84677247414e-07 -2.47789071647e-05)
(-6.66850084559e-08 -3.67246030924e-07 -2.44122491278e-05)
(-1.00467754071e-07 -3.3946650214e-07 -2.38054814341e-05)
(-1.27742249149e-07 -3.07804929916e-07 -2.3041660603e-05)
(-1.48718955144e-07 -2.72380214065e-07 -2.21396421419e-05)
(-1.62834571842e-07 -2.33916339628e-07 -2.11393079401e-05)
(-1.69880077711e-07 -1.94233178986e-07 -2.00956190329e-05)
(-1.70121743442e-07 -1.55480153047e-07 -1.90640148077e-05)
(-1.64733508611e-07 -1.19656508158e-07 -1.80884758408e-05)
(-1.55470930893e-07 -8.81696337991e-08 -1.72018273312e-05)
(-1.43710216206e-07 -6.16954020632e-08 -1.64292923167e-05)
(-1.30265262912e-07 -4.07857777741e-08 -1.57866565728e-05)
(-1.20744294869e-07 -2.52353372973e-08 -1.52838867852e-05)
(-1.14564200694e-07 -1.35654557647e-08 -1.49262549806e-05)
(-1.10608662443e-07 -4.16327871949e-09 -1.4699059293e-05)
(-1.20880996492e-08 -2.06315654028e-07 -1.51277865894e-05)
(-3.60878981121e-08 -1.95632253029e-07 -1.48659912364e-05)
(-5.28560110072e-08 -1.77769566256e-07 -1.44771575046e-05)
(-6.63091685689e-08 -1.5774375419e-07 -1.39949641108e-05)
(-7.55244674834e-08 -1.35803194597e-07 -1.34318217147e-05)
(-8.07173408624e-08 -1.1238638101e-07 -1.2808949556e-05)
(-8.13497044269e-08 -8.90549156269e-08 -1.21611470423e-05)
(-7.79538358742e-08 -6.71879599071e-08 -1.15214782397e-05)
(-7.15039765771e-08 -4.79466855373e-08 -1.09155168129e-05)
(-6.32254486048e-08 -3.20350614167e-08 -1.03636649614e-05)
(-5.39388792175e-08 -1.96817918953e-08 -9.88255550826e-06)
(-4.40656287967e-08 -1.14134678358e-08 -9.48111066708e-06)
(-3.84572989123e-08 -5.9057254528e-09 -9.16527898771e-06)
(-3.32780078106e-08 -3.00000527658e-09 -8.93962483161e-06)
(-3.08690130933e-08 -9.12791114837e-10 -8.78708403591e-06)
(3.96425211367e-10 -2.2818198981e-08 -4.83611433946e-06)
(-3.50181059097e-09 -2.10016173999e-08 -4.73974309249e-06)
(-3.56551969393e-09 -1.68056465475e-08 -4.60466741768e-06)
(-2.66081847003e-09 -1.27695165902e-08 -4.44281491186e-06)
(-1.26284375202e-09 -8.58438663199e-09 -4.25436961229e-06)
(8.62388261646e-10 -4.35966474277e-09 -4.0469685936e-06)
(3.66562433208e-09 -4.73567738066e-10 -3.83225362564e-06)
(7.02233135275e-09 2.73391117901e-09 -3.62089407623e-06)
(1.06209701597e-08 5.06485761885e-09 -3.42075593388e-06)
(1.41967906668e-08 6.41531551857e-09 -3.23870415658e-06)
(1.75727161468e-08 6.77386903165e-09 -3.08053679839e-06)
(2.07877801965e-08 5.91015149266e-09 -2.94869728925e-06)
(2.22799932354e-08 4.61054608425e-09 -2.84595581771e-06)
(2.36994807717e-08 2.564067186e-09 -2.77218595365e-06)
(2.40759187955e-08 8.76156444798e-10 -2.72008831912e-06)
(-1.53191903376e-07 -2.90342018209e-06 -5.42424814387e-05)
(-4.42146570709e-07 -2.84356588812e-06 -5.37952418093e-05)
(-7.27691814529e-07 -2.74722511044e-06 -5.28948049081e-05)
(-9.97300827801e-07 -2.61830103651e-06 -5.16271899439e-05)
(-1.24810715621e-06 -2.46281689411e-06 -5.00647087994e-05)
(-1.47615274903e-06 -2.28167378111e-06 -4.82821416769e-05)
(-1.67812499662e-06 -2.07912492181e-06 -4.6362527974e-05)
(-1.85168816374e-06 -1.86027142504e-06 -4.44046056555e-05)
(-1.99649714961e-06 -1.62970658403e-06 -4.25131663165e-05)
(-2.11387532251e-06 -1.39032960428e-06 -4.07791822074e-05)
(-2.20578084279e-06 -1.14361739978e-06 -3.92713376891e-05)
(-2.27347637291e-06 -8.91153476805e-07 -3.80381874279e-05)
(-2.31846692013e-06 -6.35178146086e-07 -3.71082084848e-05)
(-2.34391469026e-06 -3.79561809512e-07 -3.64958356448e-05)
(-2.35839323458e-06 -1.28069512989e-07 -3.61881565317e-05)
(-1.62717560314e-07 -2.75931732844e-06 -5.27365178778e-05)
(-4.67266312036e-07 -2.70411536436e-06 -5.22766529195e-05)
(-7.6201938277e-07 -2.59963286546e-06 -5.13547917911e-05)
(-1.03489796822e-06 -2.46510301951e-06 -5.00721360009e-05)
(-1.28511258831e-06 -2.30378174343e-06 -4.85000487939e-05)
(-1.50855129663e-06 -2.11785265443e-06 -4.67143261353e-05)
(-1.70197948174e-06 -1.91242365772e-06 -4.48009890393e-05)
(-1.86328624494e-06 -1.69299946748e-06 -4.28625416627e-05)
(-1.99260120233e-06 -1.46449605448e-06 -4.10033101307e-05)
(-2.09176457863e-06 -1.23059996947e-06 -3.93089355776e-05)
(-2.16333128368e-06 -9.94513360005e-07 -3.78417698064e-05)
(-2.20974161938e-06 -7.6008623413e-07 -3.66445803004e-05)
(-2.23517779141e-06 -5.31617120809e-07 -3.57408471086e-05)
(-2.24579679834e-06 -3.13055047429e-07 -3.51417221464e-05)
(-2.25201024573e-06 -1.03108084144e-07 -3.48336671506e-05)
(-1.70848319418e-07 -2.69919532445e-06 -5.07574466547e-05)
(-4.8662231439e-07 -2.63532417492e-06 -5.0274767953e-05)
(-7.88466856948e-07 -2.52211691605e-06 -4.93375417934e-05)
(-1.0642716146e-06 -2.37677689471e-06 -4.80487963204e-05)
(-1.31366315513e-06 -2.20373978222e-06 -4.64790296866e-05)
(-1.53244613464e-06 -2.00716417251e-06 -4.47033371402e-05)
(-1.71738101025e-06 -1.79352496484e-06 -4.28113256598e-05)
(-1.86689736357e-06 -1.56936740683e-06 -4.09078439486e-05)
(-1.98203719192e-06 -1.34046720306e-06 -3.90941758393e-05)
(-2.06579197192e-06 -1.11139216397e-06 -3.74491041638e-05)
(-2.12205259334e-06 -8.86179995322e-07 -3.60281889306e-05)
(-2.15485530375e-06 -6.68856341584e-07 -3.48684255001e-05)
(-2.17022344945e-06 -4.63082649669e-07 -3.3989794807e-05)
(-2.17485231257e-06 -2.70456114578e-07 -3.34028985661e-05)
(-2.17775116982e-06 -8.87082939066e-08 -3.30942224079e-05)
(-1.80341595486e-07 -2.68373745263e-06 -4.8041925577e-05)
(-5.08701369956e-07 -2.61623803059e-06 -4.75517301068e-05)
(-8.20497706694e-07 -2.49395701668e-06 -4.66174144953e-05)
(-1.10082646523e-06 -2.33627510404e-06 -4.53488338583e-05)
(-1.35056157469e-06 -2.14949301376e-06 -4.38114965347e-05)
(-1.5651038617e-06 -1.93992845411e-06 -4.20784283622e-05)
(-1.74170863882e-06 -1.7158674109e-06 -4.0240533376e-05)
(-1.87984977761e-06 -1.48524844362e-06 -3.84016917952e-05)
(-1.98200228084e-06 -1.25475986128e-06 -3.66575276982e-05)
(-2.05272448612e-06 -1.0294699581e-06 -3.50789953066e-05)
(-2.09738378119e-06 -8.13363782925e-07 -3.37150883888e-05)
(-2.12127465844e-06 -6.09539807264e-07 -3.25984680624e-05)
(-2.13138731179e-06 -4.20043420176e-07 -3.17467810493e-05)
(-2.13426831113e-06 -2.44302772298e-07 -3.11706703618e-05)
(-2.13529146549e-06 -8.00522812734e-08 -3.0858574606e-05)
(-1.90417686341e-07 -2.71201114634e-06 -4.43658296801e-05)
(-5.2990709615e-07 -2.64247516815e-06 -4.38733485101e-05)
(-8.5149057148e-07 -2.51138271835e-06 -4.29627761273e-05)
(-1.13631846463e-06 -2.34091488267e-06 -4.17433592882e-05)
(-1.38628530597e-06 -2.13946106831e-06 -4.02745359568e-05)
(-1.59646226809e-06 -1.91558707798e-06 -3.86249943727e-05)
(-1.7648365704e-06 -1.67954193056e-06 -3.68837650742e-05)
(-1.89224125776e-06 -1.44069413774e-06 -3.51497210262e-05)
(-1.98277923149e-06 -1.20653511334e-06 -3.35098341824e-05)
(-2.04255208993e-06 -9.82303371827e-07 -3.20263319027e-05)
(-2.07810531125e-06 -7.71443032327e-07 -3.07420057845e-05)
(-2.09542701387e-06 -5.75847862039e-07 -2.96864214276e-05)
(-2.10197311671e-06 -3.96038755097e-07 -2.88765760358e-05)
(-2.10383491178e-06 -2.29855310851e-07 -2.83222212337e-05)
(-2.10361017864e-06 -7.52588578483e-08 -2.80118174792e-05)
(-1.99444574685e-07 -2.74380981177e-06 -3.94464280027e-05)
(-5.46914765474e-07 -2.67182816496e-06 -3.89736389178e-05)
(-8.75775825419e-07 -2.53206078988e-06 -3.81201291126e-05)
(-1.16231498303e-06 -2.35011427764e-06 -3.69945172844e-05)
(-1.40965580786e-06 -2.13534767377e-06 -3.56458006027e-05)
(-1.61284468366e-06 -1.89887205506e-06 -3.41369781212e-05)
(-1.77102296601e-06 -1.65252573871e-06 -3.25509631302e-05)
(-1.88662111749e-06 -1.40688583847e-06 -3.09770161824e-05)
(-1.96532117771e-06 -1.16988757719e-06 -2.94905668637e-05)
(-2.01444251126e-06 -9.46599252292e-07 -2.8144684656e-05)
(-2.04121913976e-06 -7.39729885446e-07 -2.69763972031e-05)
(-2.05184125424e-06 -5.50146445215e-07 -2.60119672063e-05)
(-2.05414301052e-06 -3.77438093981e-07 -2.52678962848e-05)
(-2.05370733011e-06 -2.18627499939e-07 -2.47530366957e-05)
(-2.05135215958e-06 -7.14675160594e-08 -2.44537525732e-05)
(-2.04411968609e-07 -2.71473281903e-06 -3.3050764106e-05)
(-5.48740812531e-07 -2.63905275058e-06 -3.26064483372e-05)
(-8.75702695049e-07 -2.49501644056e-06 -3.18523639378e-05)
(-1.15613746253e-06 -2.30626222105e-06 -3.08756869585e-05)
(-1.39350676037e-06 -2.08457701009e-06 -2.97143221083e-05)
(-1.5836042603e-06 -1.84227143671e-06 -2.84197427664e-05)
(-1.72675102487e-06 -1.59256218135e-06 -2.70639425381e-05)
(-1.82702760739e-06 -1.34657053829e-06 -2.57214038312e-05)
(-1.89140696906e-06 -1.11231637015e-06 -2.44531203065e-05)
(-1.92797064782e-06 -8.94530115823e-07 -2.33027363305e-05)
(-1.94418133731e-06 -6.95281380011e-07 -2.23019066337e-05)
(-1.94614269319e-06 -5.14732899803e-07 -2.14722529502e-05)
(-1.94223572647e-06 -3.51836868513e-07 -2.08278693563e-05)
(-1.93722340957e-06 -2.0331552593e-07 -2.03763804042e-05)
(-1.93135771376e-06 -6.62971159806e-08 -2.0101628162e-05)
(-1.96605803447e-07 -2.5317656716e-06 -2.49956840002e-05)
(-5.18567672965e-07 -2.45343319322e-06 -2.46296052283e-05)
(-8.22497717813e-07 -2.31099844879e-06 -2.40222912107e-05)
(-1.07882188153e-06 -2.12624519753e-06 -2.32584915349e-05)
(-1.29128658361e-06 -1.91028560528e-06 -2.23564275952e-05)
(-1.45602643211e-06 -1.67679540978e-06 -2.13565660122e-05)
(-1.57498146636e-06 -1.43881819687e-06 -2.03138838678e-05)
(-1.65334698384e-06 -1.20725793776e-06 -1.92835962801e-05)
(-1.69880354248e-06 -9.89529772459e-07 -1.83094297696e-05)
(-1.71956005827e-06 -7.89821926604e-07 -1.74242564307e-05)
(-1.72287904864e-06 -6.09649340588e-07 -1.66532838931e-05)
(-1.71469480623e-06 -4.48665137433e-07 -1.60118151882e-05)
(-1.70354315581e-06 -3.05285694178e-07 -1.55099261309e-05)
(-1.6929576815e-06 -1.75739071416e-07 -1.5153147385e-05)
(-1.68237675411e-06 -5.68511407033e-08 -1.49267672912e-05)
(-1.58435233586e-07 -1.97636889724e-06 -1.53832075082e-05)
(-4.08105390458e-07 -1.90981690543e-06 -1.51206120527e-05)
(-6.42906797942e-07 -1.79036844599e-06 -1.47308351195e-05)
(-8.3900493432e-07 -1.63749722565e-06 -1.42470966371e-05)
(-9.96834733786e-07 -1.46055305153e-06 -1.36823774602e-05)
(-1.11493830667e-06 -1.27132850525e-06 -1.30580904627e-05)
(-1.19529301994e-06 -1.08101652757e-06 -1.24091079382e-05)
(-1.24330286088e-06 -8.98363358423e-07 -1.17683750363e-05)
(-1.26586236305e-06 -7.29096474244e-07 -1.11614553155e-05)
(-1.26998640458e-06 -5.76284584658e-07 -1.06089146654e-05)
(-1.2618312252e-06 -4.40728697852e-07 -1.01271419235e-05)
(-1.24638465371e-06 -3.21959106726e-07 -9.72457894777e-06)
(-1.23124401934e-06 -2.17407648391e-07 -9.40795532772e-06)
(-1.21616131476e-06 -1.246359245e-07 -9.18213194359e-06)
(-1.2038918977e-06 -3.98222407618e-08 -9.02849890172e-06)
(-6.23967738613e-08 -8.14093643256e-07 -5.08738752335e-06)
(-1.71156154819e-07 -7.79689873124e-07 -4.98906390184e-06)
(-2.66210292613e-07 -7.2386609246e-07 -4.85078969823e-06)
(-3.42686813243e-07 -6.53950068614e-07 -4.68528471094e-06)
(-4.00996343472e-07 -5.74661820832e-07 -4.49247350589e-06)
(-4.40625952573e-07 -4.91818891784e-07 -4.28029228949e-06)
(-4.63553822911e-07 -4.10562871162e-07 -4.06049168621e-06)
(-4.72896627337e-07 -3.34704189524e-07 -3.84386414439e-06)
(-4.72310066105e-07 -2.66433922392e-07 -3.63851002887e-06)
(-4.65218494837e-07 -2.06724634202e-07 -3.45156784121e-06)
(-4.54599353438e-07 -1.5548569832e-07 -3.28876747259e-06)
(-4.42623318141e-07 -1.12125392342e-07 -3.15258105225e-06)
(-4.32204751639e-07 -7.4823468843e-08 -3.04665319207e-06)
(-4.22652756669e-07 -4.28664645046e-08 -2.97023515825e-06)
(-4.16220167211e-07 -1.2728272645e-08 -2.91576138746e-06)
(-2.68738535126e-07 -4.28893969357e-06 -5.4418202787e-05)
(-7.65135898731e-07 -4.1895296209e-06 -5.39658701815e-05)
(-1.2577024503e-06 -4.0419903185e-06 -5.30639327299e-05)
(-1.71980078692e-06 -3.84187372025e-06 -5.17944521114e-05)
(-2.14887617625e-06 -3.59907572473e-06 -5.02297613498e-05)
(-2.53745261224e-06 -3.31762920447e-06 -4.84443179751e-05)
(-2.87855842914e-06 -3.00569081837e-06 -4.65212316466e-05)
(-3.16741915306e-06 -2.67317594382e-06 -4.45597488243e-05)
(-3.40431915917e-06 -2.32882184779e-06 -4.26648037419e-05)
(-3.5936794619e-06 -1.97770629088e-06 -4.0927014317e-05)
(-3.74122123296e-06 -1.62202095334e-06 -3.94149589461e-05)
(-3.85140293454e-06 -1.2626901454e-06 -3.81776143456e-05)
(-3.92752303479e-06 -9.01139426716e-07 -3.72439926484e-05)
(-3.97282695522e-06 -5.38895659101e-07 -3.66285637996e-05)
(-3.99787547224e-06 -1.8214391397e-07 -3.63207370664e-05)
(-2.85450949543e-07 -4.15293986105e-06 -5.29405363362e-05)
(-8.07759195024e-07 -4.05675709924e-06 -5.24789224244e-05)
(-1.3178830911e-06 -3.89637960852e-06 -5.15565864941e-05)
(-1.78888710618e-06 -3.68398767236e-06 -5.02740585339e-05)
(-2.22045308067e-06 -3.4284571695e-06 -4.87022555519e-05)
(-2.60484646748e-06 -3.13606297962e-06 -4.69163256129e-05)
(-2.93531151632e-06 -2.81673060829e-06 -4.50023542574e-05)
(-3.20800577141e-06 -2.48115648603e-06 -4.30631206081e-05)
(-3.42466817177e-06 -2.13813208522e-06 -4.12027176187e-05)
(-3.59099825694e-06 -1.79312167078e-06 -3.95063225746e-05)
(-3.71371352755e-06 -1.44984362064e-06 -3.80364678651e-05)
(-3.79869944545e-06 -1.11151516844e-06 -3.6836500431e-05)
(-3.85212494211e-06 -7.81550917523e-07 -3.59303689334e-05)
(-3.88064149662e-06 -4.61948260091e-07 -3.53287763759e-05)
(-3.89709866406e-06 -1.52935098088e-07 -3.502079173e-05)
(-3.02912522164e-07 -4.17974748349e-06 -5.09452483968e-05)
(-8.49102848488e-07 -4.07514662038e-06 -5.04620021378e-05)
(-1.37779404417e-06 -3.89821058241e-06 -4.95251526854e-05)
(-1.85994964251e-06 -3.66483457341e-06 -4.82383815622e-05)
(-2.29626841067e-06 -3.38591572977e-06 -4.66712283826e-05)
(-2.67852245153e-06 -3.07111262855e-06 -4.48983085816e-05)
(-3.00035340134e-06 -2.73289798688e-06 -4.30091583817e-05)
(-3.25946290177e-06 -2.38360941668e-06 -4.11084517498e-05)
(-3.45958263938e-06 -2.032909445e-06 -3.92968197706e-05)
(-3.60822749196e-06 -1.68696425403e-06 -3.76524821767e-05)
(-3.71367813726e-06 -1.35014782811e-06 -3.62312683702e-05)
(-3.78352428295e-06 -1.02566786004e-06 -3.50705833914e-05)
(-3.82570990005e-06 -7.16083601174e-07 -3.41908652345e-05)
(-3.8472955515e-06 -4.20979225147e-07 -3.36025201388e-05)
(-3.86146979296e-06 -1.39078877451e-07 -3.32941645241e-05)
(-3.2378613428e-07 -4.32516043621e-06 -4.8215255536e-05)
(-8.97198307545e-07 -4.2126341867e-06 -4.7724137646e-05)
(-1.45097849993e-06 -4.01587101379e-06 -4.67904408536e-05)
(-1.94888720056e-06 -3.75621421107e-06 -4.55236396122e-05)
(-2.39358921668e-06 -3.44721749513e-06 -4.39889282477e-05)
(-2.77616085794e-06 -3.10247498349e-06 -4.22592282884e-05)
(-3.09142617459e-06 -2.73768189939e-06 -4.04253892881e-05)
(-3.33930229169e-06 -2.36732492151e-06 -3.85909378517e-05)
(-3.52600974724e-06 -2.00209786739e-06 -3.68506734247e-05)
(-3.66118873522e-06 -1.6485468883e-06 -3.52749766253e-05)
(-3.75476867632e-06 -1.31083973125e-06 -3.39130345063e-05)
(-3.81565863032e-06 -9.91022468465e-07 -3.27975477986e-05)
(-3.85247736621e-06 -6.89845885302e-07 -3.19464855505e-05)
(-3.87177739077e-06 -4.04588728713e-07 -3.13711325788e-05)
(-3.88395642805e-06 -1.33734576238e-07 -3.10608115468e-05)
(-3.48123823402e-07 -4.55930222401e-06 -4.45343817439e-05)
(-9.49953015948e-07 -4.43912566378e-06 -4.40408240803e-05)
(-1.53150952665e-06 -4.22179726674e-06 -4.31304510147e-05)
(-2.0475140288e-06 -3.93315164475e-06 -4.19124202676e-05)
(-2.50212220179e-06 -3.59040426491e-06 -4.04460114677e-05)
(-2.88595386829e-06 -3.2110743403e-06 -3.88001660929e-05)
(-3.19544107067e-06 -2.81431930427e-06 -3.70638384086e-05)
(-3.43311749957e-06 -2.41687234701e-06 -3.53354100608e-05)
(-3.60781103687e-06 -2.03053619412e-06 -3.37009627565e-05)
(-3.73113849906e-06 -1.66214640037e-06 -3.22221983034e-05)
(-3.81433039532e-06 -1.31537841378e-06 -3.09420240436e-05)
(-3.86712871605e-06 -9.91055510959e-07 -2.98897146005e-05)
(-3.89856741634e-06 -6.88342126471e-07 -2.90821931087e-05)
(-3.91500457159e-06 -4.02805267449e-07 -2.85301347496e-05)
(-3.92444610918e-06 -1.330979089e-07 -2.82227444279e-05)
(-3.72190837692e-07 -4.81048972439e-06 -3.96280290119e-05)
(-9.99514376296e-07 -4.682318468e-06 -3.91554122857e-05)
(-1.60716301417e-06 -4.44286256826e-06 -3.83015083578e-05)
(-2.13811034587e-06 -4.12535746733e-06 -3.71772080962e-05)
(-2.5989174875e-06 -3.74873810143e-06 -3.58306911318e-05)
(-2.98008002965e-06 -3.33503616583e-06 -3.43255991423e-05)
(-3.28034785601e-06 -2.90629856347e-06 -3.27447676321e-05)
(-3.50509885708e-06 -2.48129995705e-06 -3.11769348682e-05)
(-3.66559245813e-06 -2.07274429885e-06 -2.96966836274e-05)
(-3.7750153349e-06 -1.68766933379e-06 -2.83566518862e-05)
(-3.84550885666e-06 -1.32926244621e-06 -2.71939475602e-05)
(-3.8873905658e-06 -9.97449981472e-07 -2.6234428014e-05)
(-3.91039583839e-06 -6.90499466341e-07 -2.54942189562e-05)
(-3.92099331807e-06 -4.02822288366e-07 -2.49825108075e-05)
(-3.92612170671e-06 -1.32887749218e-07 -2.46866097419e-05)
(-3.91012099236e-07 -4.95057128952e-06 -3.32688897037e-05)
(-1.02642870131e-06 -4.81341674255e-06 -3.28246104072e-05)
(-1.64438631922e-06 -4.55847470599e-06 -3.20708795918e-05)
(-2.17723412561e-06 -4.21918518989e-06 -3.1095332491e-05)
(-2.63139239275e-06 -3.81834653142e-06 -2.99360232693e-05)
(-2.99871428642e-06 -3.38055867933e-06 -2.8645023719e-05)
(-3.28024597587e-06 -2.93037960512e-06 -2.72942607891e-05)
(-3.48419051423e-06 -2.48779033169e-06 -2.5957742985e-05)
(-3.62377058346e-06 -2.06610788668e-06 -2.46957709757e-05)
(-3.71324353542e-06 -1.67257086215e-06 -2.35516454243e-05)
(-3.76536834576e-06 -1.31005597262e-06 -2.25569643222e-05)
(-3.7909808952e-06 -9.77866598208e-07 -2.17329347669e-05)
(-3.80091311926e-06 -6.73735961893e-07 -2.10933587626e-05)
(-3.80156933516e-06 -3.91335756991e-07 -2.06457102718e-05)
(-3.79994953351e-06 -1.28717124362e-07 -2.03744781307e-05)
(-3.87699972401e-07 -4.79966237955e-06 -2.52811780051e-05)
(-9.96703945404e-07 -4.65482967688e-06 -2.49167943994e-05)
(-1.58870222893e-06 -4.39467903303e-06 -2.4308852949e-05)
(-2.09096319342e-06 -4.05232265506e-06 -2.35458087833e-05)
(-2.51088549027e-06 -3.64975722112e-06 -2.2644962511e-05)
(-2.8411718716e-06 -3.21383902666e-06 -2.16476371002e-05)
(-3.08571941776e-06 -2.76919864013e-06 -2.06086890037e-05)
(-3.25471074301e-06 -2.33578139846e-06 -1.95829767219e-05)
(-3.36243051206e-06 -1.92657571292e-06 -1.8613793397e-05)
(-3.4234493583e-06 -1.54871362072e-06 -1.77337984811e-05)
(-3.45076273796e-06 -1.20472433158e-06 -1.69678937001e-05)
(-3.45555259652e-06 -8.93335346582e-07 -1.6330941153e-05)
(-3.44916688145e-06 -6.11818615656e-07 -1.58330159155e-05)
(-3.43724782782e-06 -3.53518631805e-07 -1.5479378714e-05)
(-3.42695230527e-06 -1.15672075533e-07 -1.52558436422e-05)
(-3.27793250291e-07 -3.92911680752e-06 -1.57785477056e-05)
(-8.19082003266e-07 -3.80122468844e-06 -1.55154593613e-05)
(-1.29702144323e-06 -3.57404180011e-06 -1.51243105445e-05)
(-1.69889441002e-06 -3.27972667608e-06 -1.4638590334e-05)
(-2.02644129317e-06 -2.93686921287e-06 -1.40720503107e-05)
(-2.27641353752e-06 -2.56905487255e-06 -1.34465353188e-05)
(-2.45322605008e-06 -2.19768699134e-06 -1.27970097368e-05)
(-2.56726684577e-06 -1.83933998219e-06 -1.21563125784e-05)
(-2.63146030702e-06 -1.50465815288e-06 -1.15499130442e-05)
(-2.6586301492e-06 -1.19943735589e-06 -1.09983154991e-05)
(-2.66036810233e-06 -9.25349246467e-07 -1.05174910934e-05)
(-2.64652122472e-06 -6.80963766345e-07 -1.01155665964e-05)
(-2.62721699825e-06 -4.63040067346e-07 -9.79976252762e-06)
(-2.60498722352e-06 -2.66125897231e-07 -9.57444218231e-06)
(-2.58918101754e-06 -8.62460344571e-08 -9.42197645418e-06)
(-1.54768344838e-07 -1.88096594681e-06 -5.51835570405e-06)
(-3.96870466753e-07 -1.80433209356e-06 -5.41577523806e-06)
(-6.21700406303e-07 -1.68310857557e-06 -5.27262271636e-06)
(-8.05711266977e-07 -1.52912525711e-06 -5.10089636907e-06)
(-9.49053733303e-07 -1.35314644722e-06 -4.90086171541e-06)
(-1.05079410716e-06 -1.16786740936e-06 -4.68094979796e-06)
(-1.1150512991e-06 -9.84421129559e-07 -4.4531985542e-06)
(-1.14840926661e-06 -8.11115531931e-07 -4.2286780997e-06)
(-1.15844182068e-06 -6.52913330155e-07 -4.01578390807e-06)
(-1.15237090912e-06 -5.12262048836e-07 -3.82188358302e-06)
(-1.13672840438e-06 -3.89329524183e-07 -3.65265259829e-06)
(-1.11663336916e-06 -2.82800338828e-07 -3.51073404056e-06)
(-1.09687545844e-06 -1.90029857493e-07 -3.40032775866e-06)
(-1.07813564761e-06 -1.08633716958e-07 -3.32013207279e-06)
(-1.066959122e-06 -3.32762263229e-08 -3.26423546799e-06)
(-3.85199468997e-07 -5.40513865803e-06 -5.45723820827e-05)
(-1.0703985229e-06 -5.2711500066e-06 -5.41166167217e-05)
(-1.75653970475e-06 -5.07263261789e-06 -5.32117501784e-05)
(-2.39631178921e-06 -4.80262200902e-06 -5.19388437357e-05)
(-2.98837710816e-06 -4.47431939949e-06 -5.03700115287e-05)
(-3.52179728171e-06 -4.09544304305e-06 -4.85800783449e-05)
(-3.98484509236e-06 -3.67866774359e-06 -4.66524429469e-05)
(-4.36906193681e-06 -3.24013022631e-06 -4.46866535903e-05)
(-4.67528629363e-06 -2.79437955813e-06 -4.27873074328e-05)
(-4.91206982477e-06 -2.35005150945e-06 -4.10444935075e-05)
(-5.09005332054e-06 -1.91108340925e-06 -3.95267693162e-05)
(-5.21840795432e-06 -1.47813821301e-06 -3.82834793366e-05)
(-5.30477611039e-06 -1.05112674754e-06 -3.7344153362e-05)
(-5.3553185667e-06 -6.27912892184e-07 -3.67232547487e-05)
(-5.38122371924e-06 -2.11296758014e-07 -3.64164158784e-05)
(-4.09605584806e-07 -5.38011439384e-06 -5.3113745319e-05)
(-1.13143824206e-06 -5.24283425397e-06 -5.26515388925e-05)
(-1.84596860798e-06 -5.0251766803e-06 -5.17280753115e-05)
(-2.50301214738e-06 -4.73275828212e-06 -5.0445256825e-05)
(-3.10390929424e-06 -4.38027006757e-06 -4.8873597743e-05)
(-3.63720565425e-06 -3.9790430282e-06 -4.70883057935e-05)
(-4.09154760638e-06 -3.54489606295e-06 -4.51756685234e-05)
(-4.46043620514e-06 -3.095498631e-06 -4.32381278122e-05)
(-4.74754574213e-06 -2.64524577875e-06 -4.13786312726e-05)
(-4.96369119089e-06 -2.20251143122e-06 -3.96816831293e-05)
(-5.12098811668e-06 -1.7719588264e-06 -3.82100522586e-05)
(-5.23017694201e-06 -1.35546027915e-06 -3.70070948612e-05)
(-5.3009168141e-06 -9.53985200591e-07 -3.60976156158e-05)
(-5.34165674971e-06 -5.64968840927e-07 -3.54923376799e-05)
(-5.36384266352e-06 -1.87944714195e-07 -3.51858438308e-05)
(-4.39198563638e-07 -5.55844756962e-06 -5.10826880118e-05)
(-1.19993166207e-06 -5.4141861534e-06 -5.05999094515e-05)
(-1.94880401184e-06 -5.17306219229e-06 -4.96628837561e-05)
(-2.63001306632e-06 -4.85038470617e-06 -4.83776390067e-05)
(-3.24639259985e-06 -4.46346088729e-06 -4.68130045042e-05)
(-3.7854400531e-06 -4.02820136393e-06 -4.50440841076e-05)
(-4.23659735696e-06 -3.56410091317e-06 -4.31603753449e-05)
(-4.59621195484e-06 -3.0908854651e-06 -4.1265631598e-05)
(-4.87130800369e-06 -2.62340298881e-06 -3.94589203851e-05)
(-5.0751719181e-06 -2.17001839437e-06 -3.78177478319e-05)
(-5.22148951769e-06 -1.73536371175e-06 -3.63980171405e-05)
(-5.32228963054e-06 -1.32083143886e-06 -3.52368383899e-05)
(-5.38784384844e-06 -9.263889426e-07 -3.43563479387e-05)
(-5.42676456783e-06 -5.47181146963e-07 -3.37657568199e-05)
(-5.45006830125e-06 -1.83441045003e-07 -3.34581173633e-05)
(-4.74323574123e-07 -5.92277440177e-06 -4.83235005632e-05)
(-1.27974474899e-06 -5.7675658785e-06 -4.7832973686e-05)
(-2.0737233673e-06 -5.49694088098e-06 -4.68990171544e-05)
(-2.78689823248e-06 -5.13508297963e-06 -4.56339353149e-05)
(-3.42489993926e-06 -4.70253908695e-06 -4.41021190413e-05)
(-3.97412676937e-06 -4.22068324097e-06 -4.23774612392e-05)
(-4.42598239406e-06 -3.71350465127e-06 -4.05507005398e-05)
(-4.7804967436e-06 -3.20333128056e-06 -3.87242302553e-05)
(-5.04838185188e-06 -2.70571645448e-06 -3.6991207689e-05)
(-5.24540959347e-06 -2.22886317375e-06 -3.54214015744e-05)
(-5.38666157211e-06 -1.77677442615e-06 -3.40639072244e-05)
(-5.48487869401e-06 -1.34950241049e-06 -3.29508282128e-05)
(-5.5501526955e-06 -9.45617728015e-07 -3.21019575808e-05)
(-5.5900840618e-06 -5.58116137684e-07 -3.15270197509e-05)
(-5.61507842187e-06 -1.88631716806e-07 -3.12185234463e-05)
(-5.1717378114e-07 -6.41600243791e-06 -4.46351444237e-05)
(-1.37164056797e-06 -6.24806093953e-06 -4.41418479704e-05)
(-2.21668353075e-06 -5.94593348916e-06 -4.3230531761e-05)
(-2.96707258136e-06 -5.5395491314e-06 -4.20140253055e-05)
(-3.63017632789e-06 -5.05456410227e-06 -4.05505472781e-05)
(-4.19176781054e-06 -4.51772873432e-06 -3.89103108944e-05)
(-4.64586668383e-06 -3.95783476963e-06 -3.71820665332e-05)
(-4.9966106078e-06 -3.39996911746e-06 -3.54629743964e-05)
(-5.25830047059e-06 -2.86073277324e-06 -3.38375528667e-05)
(-5.44879177749e-06 -2.34846946629e-06 -3.23670200124e-05)
(-5.58410857912e-06 -1.86668835319e-06 -3.10940868657e-05)
(-5.67745754038e-06 -1.41446197096e-06 -3.00471734147e-05)
(-5.73910164457e-06 -9.89403389495e-07 -2.92441883246e-05)
(-5.77632402731e-06 -5.8285965976e-07 -2.86950363153e-05)
(-5.79994656228e-06 -1.98102810768e-07 -2.83903225515e-05)
(-5.61569780004e-07 -6.94614224431e-06 -3.97516907765e-05)
(-1.46414952957e-06 -6.76486366291e-06 -3.92809125096e-05)
(-2.36133186928e-06 -6.42636704656e-06 -3.84249395921e-05)
(-3.14670153394e-06 -5.97299435714e-06 -3.73020973664e-05)
(-3.83125576703e-06 -5.43246080472e-06 -3.59584620868e-05)
(-4.40058455489e-06 -4.83790635906e-06 -3.44591823697e-05)
(-4.85236728205e-06 -4.22214734732e-06 -3.28868157507e-05)
(-5.19500278128e-06 -3.6128574669e-06 -3.13289513892e-05)
(-5.44596879126e-06 -3.02776522521e-06 -2.98588124908e-05)
(-5.62467659358e-06 -2.47572954928e-06 -2.85286546262e-05)
(-5.74790339202e-06 -1.96013185935e-06 -2.73752941802e-05)
(-5.82962637161e-06 -1.47962047131e-06 -2.64236374279e-05)
(-5.88123102687e-06 -1.03142673142e-06 -2.56897707491e-05)
(-5.91035789003e-06 -6.05485488282e-07 -2.51825426583e-05)
(-5.92939078933e-06 -2.06481631803e-07 -2.48902971014e-05)
(-6.02140142898e-07 -7.33002031153e-06 -3.34538051008e-05)
(-1.53093976494e-06 -7.13380198997e-06 -3.30123512158e-05)
(-2.45960853329e-06 -6.76693678784e-06 -3.22570624398e-05)
(-3.26369819216e-06 -6.27411693809e-06 -3.12828788307e-05)
(-3.95288740421e-06 -5.68882136029e-06 -3.0126464328e-05)
(-4.51485524086e-06 -5.04801977425e-06 -2.88412117811e-05)
(-4.95085294706e-06 -4.38817948856e-06 -2.74987779635e-05)
(-5.27337247459e-06 -3.73870102895e-06 -2.6172229985e-05)
(-5.50235705809e-06 -3.11841287963e-06 -2.49208515499e-05)
(-5.65829969131e-06 -2.53707018244e-06 -2.37875731761e-05)
(-5.75886604284e-06 -1.9982796586e-06 -2.28034179097e-05)
(-5.81928455803e-06 -1.50047693603e-06 -2.1988754884e-05)
(-5.8527388008e-06 -1.0407589754e-06 -2.13570901764e-05)
(-5.86736390745e-06 -6.07852546694e-07 -2.09154361371e-05)
(-5.87759644794e-06 -2.07674848066e-07 -2.06490896521e-05)
(-6.1364573974e-07 -7.31836552364e-06 -2.55905647746e-05)
(-1.52333726482e-06 -7.10864507527e-06 -2.52304039665e-05)
(-2.43663169622e-06 -6.72565637478e-06 -2.46201226228e-05)
(-3.21568010259e-06 -6.21754879463e-06 -2.38582178291e-05)
(-3.87211147878e-06 -5.61667767011e-06 -2.29595906134e-05)
(-4.39484555738e-06 -4.96351652526e-06 -2.19669880421e-05)
(-4.7894152849e-06 -4.29493733795e-06 -2.09350057633e-05)
(-5.07117408385e-06 -3.64053815234e-06 -1.99178766603e-05)
(-5.26128467071e-06 -3.0192497593e-06 -1.8958322204e-05)
(-5.38060031998e-06 -2.44148313059e-06 -1.80886419633e-05)
(-5.44765203416e-06 -1.91099198487e-06 -1.73327647967e-05)
(-5.47877556307e-06 -1.42589641446e-06 -1.67050092417e-05)
(-5.48819674058e-06 -9.83002623687e-07 -1.62153923112e-05)
(-5.48364939765e-06 -5.70888721125e-07 -1.58680689301e-05)
(-5.48184326634e-06 -1.95558037083e-07 -1.56485714896e-05)
(-5.44811732971e-07 -6.24617132762e-06 -1.62930493409e-05)
(-1.30172949612e-06 -6.05670626355e-06 -1.60333313511e-05)
(-2.06901329679e-06 -5.71042695583e-06 -1.56393990877e-05)
(-2.71893257337e-06 -5.25849277101e-06 -1.51525393803e-05)
(-3.2545526238e-06 -4.7287554909e-06 -1.45854570899e-05)
(-3.67068765315e-06 -4.15740177902e-06 -1.39610549022e-05)
(-3.97403389799e-06 -3.57716255589e-06 -1.33143605388e-05)
(-4.18025729493e-06 -3.01335578416e-06 -1.26780203336e-05)
(-4.30857500614e-06 -2.48223504085e-06 -1.2077382115e-05)
(-4.37773602333e-06 -1.9929841948e-06 -1.15326203366e-05)
(-4.40501034573e-06 -1.54862019738e-06 -1.10586097203e-05)
(-4.40531104782e-06 -1.14727871118e-06 -1.06633424296e-05)
(-4.39154955992e-06 -7.8574979947e-07 -1.03540599012e-05)
(-4.36948909384e-06 -4.53733911914e-07 -1.01331658066e-05)
(-4.35690965784e-06 -1.56446568145e-07 -9.98419661835e-06)
(-3.2723882898e-07 -3.64109810673e-06 -6.3305649719e-06)
(-7.62691990327e-07 -3.50789544485e-06 -6.22272432153e-06)
(-1.20216701217e-06 -3.28985937393e-06 -6.07117718347e-06)
(-1.56792876103e-06 -3.00983266952e-06 -5.89026570373e-06)
(-1.85987613387e-06 -2.68667185146e-06 -5.67976513839e-06)
(-2.07635731571e-06 -2.34256772043e-06 -5.44915519061e-06)
(-2.22412968289e-06 -1.99734476759e-06 -5.21112973996e-06)
(-2.31421277352e-06 -1.66605854239e-06 -4.97730831871e-06)
(-2.35918339692e-06 -1.35813469415e-06 -4.75652688153e-06)
(-2.37125800482e-06 -1.07881572218e-06 -4.55621574436e-06)
(-2.36191943482e-06 -8.29421261875e-07 -4.38167609409e-06)
(-2.34043690618e-06 -6.08581899318e-07 -4.23597920537e-06)
(-2.31495434044e-06 -4.13185773568e-07 -4.12317752737e-06)
(-2.28865118277e-06 -2.37714881476e-07 -4.04053445371e-06)
(-2.27362841748e-06 -8.35769320554e-08 -3.98462860502e-06)
)


// ************************************************************************* //
