/*--------------------------------*- C++ -*----------------------------------*\
| =========                 |                                                 |
| \\      /  F ield         | foam-extend: Open Source CFD                    |
|  \\    /   O peration     | Version:     4.1                                |
|   \\  /    A nd           | Web:         http://www.foam-extend.org         |
|    \\/     M anipulation  |                                                 |
\*---------------------------------------------------------------------------*/
FoamFile
{
    version     2.0;
    format      ascii;
    class       vectorField;
    location    "1";
    object      solidsCellD_iteration11;
}
// * * * * * * * * * * * * * * * * * * * * * * * * * * * * * * * * * * * * * //


1000
(
(4.350007362007579e-07 -1.27673761419575e-07 0)
(4.162686351882984e-07 -1.219126896444674e-07 0)
(4.054905351194988e-07 -1.196060103945117e-07 0)
(4.003803659562587e-07 -1.203005313528809e-07 0)
(3.99358339781219e-07 -1.228972390463191e-07 0)
(4.013749498097834e-07 -1.268865605574738e-07 0)
(4.0565293309075e-07 -1.318509986733696e-07 0)
(4.114738325464378e-07 -1.376482876121799e-07 0)
(4.188673790160926e-07 -1.438642166228259e-07 0)
(4.261201079276273e-07 -1.504017786721684e-07 0)
(3.941362775296361e-07 -1.397559890068356e-07 0)
(3.742407501328189e-07 -1.371717551711875e-07 0)
(3.625863574877935e-07 -1.369387353677012e-07 0)
(3.567552777990361e-07 -1.390929180763157e-07 0)
(3.549864058671491e-07 -1.4271449300016e-07 0)
(3.562303357134881e-07 -1.474300628786345e-07 0)
(3.597013605539533e-07 -1.528823095065364e-07 0)
(3.647023223722887e-07 -1.59066657483289e-07 0)
(3.711268033334656e-07 -1.65440375368791e-07 0)
(3.776671471052742e-07 -1.724388066543521e-07 0)
(3.514302670591803e-07 -1.511479737340051e-07 0)
(3.310895269780207e-07 -1.520986269635752e-07 0)
(3.189967255920398e-07 -1.541643853607192e-07 0)
(3.127573200245684e-07 -1.578394561169795e-07 0)
(3.105582888812426e-07 -1.624699535045739e-07 0)
(3.112770710412769e-07 -1.67858507322294e-07 0)
(3.141682121950827e-07 -1.737753060332634e-07 0)
(3.186065375517955e-07 -1.802330843314676e-07 0)
(3.244056234019387e-07 -1.867518689924768e-07 0)
(3.305490309919517e-07 -1.937487814392621e-07 0)
(3.071499415424632e-07 -1.616721603280898e-07 0)
(2.873356822854343e-07 -1.662779424543906e-07 0)
(2.754029003568042e-07 -1.707005676703879e-07 0)
(2.690635908921989e-07 -1.759017857416418e-07 0)
(2.666447488530586e-07 -1.815396401069269e-07 0)
(2.670147627591907e-07 -1.875760354765855e-07 0)
(2.693848732507015e-07 -1.939058967784006e-07 0)
(2.733147099707115e-07 -2.005912645214242e-07 0)
(2.785023785099142e-07 -2.0726155787672e-07 0)
(2.842036067093221e-07 -2.143157156058348e-07 0)
(2.617975395004811e-07 -1.711012495990264e-07 0)
(2.432311635560277e-07 -1.79295494308315e-07 0)
(2.319697773192083e-07 -1.860106381600199e-07 0)
(2.259428509210685e-07 -1.926978774468749e-07 0)
(2.235205032304211e-07 -1.992968213294675e-07 0)
(2.236070461378545e-07 -2.059737331702636e-07 0)
(2.2553837785541e-07 -2.127101734991262e-07 0)
(2.289437956485365e-07 -2.196260120737259e-07 0)
(2.335264935156402e-07 -2.264849266770776e-07 0)
(2.386262433318249e-07 -2.33617367254768e-07 0)
(2.153346879712131e-07 -1.793034578293542e-07 0)
(1.989457538287681e-07 -1.908132265527031e-07 0)
(1.889739858896372e-07 -1.996684169313298e-07 0)
(1.835243417126471e-07 -2.077654182662818e-07 0)
(1.812243124134015e-07 -2.152667639865835e-07 0)
(1.811134986263969e-07 -2.225260889757839e-07 0)
(1.826999551830357e-07 -2.296280004226352e-07 0)
(1.855862160102273e-07 -2.367575787596809e-07 0)
(1.89476896948215e-07 -2.438115784444961e-07 0)
(1.938205965365815e-07 -2.510505547941934e-07 0)
(1.682335948043109e-07 -1.860343941564689e-07 0)
(1.546460030757128e-07 -2.004617201439465e-07 0)
(1.463528854393396e-07 -2.112073160825197e-07 0)
(1.417613046033172e-07 -2.205458618275485e-07 0)
(1.397850755590391e-07 -2.288254121187678e-07 0)
(1.396316645236246e-07 -2.365901999886514e-07 0)
(1.408873335895057e-07 -2.440147425938585e-07 0)
(1.431841019093034e-07 -2.513511335552059e-07 0)
(1.462761169251976e-07 -2.585931860139025e-07 0)
(1.497440522235836e-07 -2.659276734314517e-07 0)
(1.205747208114782e-07 -1.912313489328572e-07 0)
(1.103494773194397e-07 -2.080123048217081e-07 0)
(1.041301353875555e-07 -2.202347432867219e-07 0)
(1.007009802700552e-07 -2.305173095583372e-07 0)
(9.922032994210803e-08 -2.39443381307978e-07 0)
(9.907923730705705e-08 -2.476338866183125e-07 0)
(9.995940091606917e-08 -2.55356022205972e-07 0)
(1.016012146055063e-07 -2.628625151037502e-07 0)
(1.038368227889694e-07 -2.702569770739186e-07 0)
(1.063599919096644e-07 -2.776754605398766e-07 0)
(7.249241710654943e-08 -1.947600906473146e-07 0)
(6.616801880341221e-08 -2.131529957276762e-07 0)
(6.236167913534485e-08 -2.263939434206014e-07 0)
(6.02190221404267e-08 -2.373932745361542e-07 0)
(5.925117374354499e-08 -2.467738593996048e-07 0)
(5.912591680503198e-08 -2.552291750996237e-07 0)
(5.967745964426866e-08 -2.631611099400635e-07 0)
(6.070387601546604e-08 -2.708326056200257e-07 0)
(6.205231325347386e-08 -2.783576924169248e-07 0)
(6.3573119650421e-08 -2.858380138253657e-07 0)
(2.421377725676623e-08 -1.965369577323578e-07 0)
(2.20895573779666e-08 -2.157821351995199e-07 0)
(2.074877959271877e-08 -2.295419492951625e-07 0)
(2.001451798648526e-08 -2.40877215694326e-07 0)
(1.973247303378636e-08 -2.504854935835602e-07 0)
(1.968894689072712e-08 -2.591103000385237e-07 0)
(1.982709157160009e-08 -2.671266136223915e-07 0)
(2.016324825441549e-08 -2.748452303193809e-07 0)
(2.063507069829626e-08 -2.8243717504024e-07 0)
(2.114453265986648e-08 -2.899669863071151e-07 0)
(6.675580695191763e-07 -5.716126833231589e-09 0)
(6.721047060886277e-07 -4.169864890931555e-09 0)
(6.761460308498731e-07 -3.262615652956435e-09 0)
(6.810825130835115e-07 -2.797693128407234e-09 0)
(6.871424744846346e-07 -2.618617837950297e-09 0)
(6.944213750127618e-07 -2.66269385223609e-09 0)
(7.030163148944851e-07 -2.855821293507069e-09 0)
(7.127653140117252e-07 -3.086571917889628e-09 0)
(7.237489251911696e-07 -3.436606926461172e-09 0)
(7.35774469754073e-07 -3.857206624297619e-09 0)
(6.628749822366936e-07 -1.72137097181974e-08 0)
(6.666721512441416e-07 -1.266104566008432e-08 0)
(6.702539265596701e-07 -9.946684433110996e-09 0)
(6.748380387838209e-07 -8.636277276189384e-09 0)
(6.806502919602215e-07 -8.205852617958288e-09 0)
(6.877257510145281e-07 -8.262596354626127e-09 0)
(6.962169145656317e-07 -8.801191165009423e-09 0)
(7.058862932271462e-07 -9.643137422378382e-09 0)
(7.167453948167015e-07 -1.070692156378383e-08 0)
(7.287078446723633e-07 -1.185609661219042e-08 0)
(6.535542518128468e-07 -2.875892398026746e-08 0)
(6.558648262006751e-07 -2.152623578058503e-08 0)
(6.585298538680941e-07 -1.72303155441288e-08 0)
(6.624980537657009e-07 -1.503612583995813e-08 0)
(6.678986682202409e-07 -1.434539820618361e-08 0)
(6.747116829979098e-07 -1.458640510465076e-08 0)
(6.82926519048501e-07 -1.553303629895214e-08 0)
(6.924449762939655e-07 -1.690303232088286e-08 0)
(7.030860339829395e-07 -1.861682988824665e-08 0)
(7.149119920381182e-07 -2.052156779631025e-08 0)
(6.39715342661469e-07 -4.052482230019427e-08 0)
(6.399142541212467e-07 -3.096913235522226e-08 0)
(6.412210127394177e-07 -2.541725994214366e-08 0)
(6.443280778858992e-07 -2.262958168850606e-08 0)
(6.491089427626481e-07 -2.175710676466701e-08 0)
(6.555397790039231e-07 -2.211687953528047e-08 0)
(6.634288507731624e-07 -2.339667526246866e-08 0)
(6.727399839792383e-07 -2.529026824979249e-08 0)
(6.831053009113437e-07 -2.765485630400112e-08 0)
(6.947702269617448e-07 -3.030124282062711e-08 0)
(6.214819435472425e-07 -5.249742483073896e-08 0)
(6.191371774489843e-07 -4.119347609912888e-08 0)
(6.187647048229605e-07 -3.47045244284902e-08 0)
(6.207699323669911e-07 -3.154884736648825e-08 0)
(6.248117176647907e-07 -3.063563896121145e-08 0)
(6.307380099965833e-07 -3.11916433379404e-08 0)
(6.38218019317395e-07 -3.284153758019678e-08 0)
(6.47228452846526e-07 -3.524719336049195e-08 0)
(6.572809658950537e-07 -3.821075587923119e-08 0)
(6.68792364778266e-07 -4.151419645038176e-08 0)
(5.990485118068064e-07 -6.473557995639721e-08 0)
(5.938048633124451e-07 -5.238170416094215e-08 0)
(5.916042698795747e-07 -4.535781333042591e-08 0)
(5.924024138481043e-07 -4.208241386096876e-08 0)
(5.956011993443884e-07 -4.13060533295118e-08 0)
(6.009376218751655e-07 -4.214992651102277e-08 0)
(6.080011586107617e-07 -4.418921563394876e-08 0)
(6.166800223141985e-07 -4.7043267187428e-08 0)
(6.264006501023206e-07 -5.05503995085005e-08 0)
(6.377270035462623e-07 -5.443806278096729e-08 0)
(5.727822535216316e-07 -7.721962659737859e-08 0)
(5.644205182914894e-07 -6.460636836728471e-08 0)
(5.602421404191186e-07 -5.753114905370581e-08 0)
(5.597719015627373e-07 -5.442561720366465e-08 0)
(5.620942401835776e-07 -5.392790836998293e-08 0)
(5.668317663169291e-07 -5.513946181157226e-08 0)
(5.734638356154274e-07 -5.757907261641606e-08 0)
(5.817993037072248e-07 -6.081474366671941e-08 0)
(5.911858186760873e-07 -6.478647679095639e-08 0)
(6.023335981329174e-07 -6.914196343074165e-08 0)
(5.42878061739094e-07 -8.984613157011299e-08 0)
(5.314505809115541e-07 -7.783291348572166e-08 0)
(5.25337578428076e-07 -7.122421682744128e-08 0)
(5.235877762051849e-07 -6.860739585188502e-08 0)
(5.250812514143678e-07 -6.856612097123016e-08 0)
(5.292220305760079e-07 -7.025479232270011e-08 0)
(5.354052630260625e-07 -7.314391361493634e-08 0)
(5.433923758567307e-07 -7.676276181843213e-08 0)
(5.524778474346607e-07 -8.115192185715067e-08 0)
(5.633798967844015e-07 -8.584814970047759e-08 0)
(5.097123146019019e-07 -1.025617799132114e-07 0)
(4.954306599691272e-07 -9.192164295238248e-08 0)
(4.875008274415434e-07 -8.632939935830572e-08 0)
(4.845054550717176e-07 -8.45179201084257e-08 0)
(4.851650375422818e-07 -8.513832343715043e-08 0)
(4.886254465681687e-07 -8.740102134582206e-08 0)
(4.942809183928283e-07 -9.078452788289446e-08 0)
(5.018241207177198e-07 -9.47871020487722e-08 0)
(5.106021035988038e-07 -9.950663076651294e-08 0)
(5.211517015678044e-07 -1.042599525571463e-07 0)
(4.736503897191169e-07 -1.152393941211709e-07 0)
(4.569340231818163e-07 -1.066982461799671e-07 0)
(4.474102765425803e-07 -1.025591546588663e-07 0)
(4.432948635975398e-07 -1.018906438923056e-07 0)
(4.431366217211396e-07 -1.03407689472932e-07 0)
(4.459928155927374e-07 -1.06410855575854e-07 0)
(4.512582471834662e-07 -1.104751969389637e-07 0)
(4.583882054232466e-07 -1.151312942140551e-07 0)
(4.670722267053591e-07 -1.204003739398424e-07 0)
(4.768183708394715e-07 -1.256956893246786e-07 0)
(7.487810387392058e-07 -4.207841446494028e-09 0)
(7.628504226398236e-07 -4.39843730099586e-09 0)
(7.777003532846743e-07 -4.558326924207542e-09 0)
(7.932623336466847e-07 -4.696755664137049e-09 0)
(8.094714929369806e-07 -4.817356194361554e-09 0)
(8.263124347650654e-07 -4.91582986979748e-09 0)
(8.436935475151429e-07 -4.972818193830944e-09 0)
(8.615355388926337e-07 -5.021653892687719e-09 0)
(8.798531654388134e-07 -5.087267997750919e-09 0)
(8.986319239858441e-07 -5.139741061602351e-09 0)
(9.178021691176464e-07 -5.160382139137615e-09 0)
(9.373227631743712e-07 -5.152321077889053e-09 0)
(9.571646413963181e-07 -5.122763430100256e-09 0)
(9.77300635095014e-07 -5.082845482563185e-09 0)
(9.977079434449664e-07 -5.035341411884052e-09 0)
(1.018364310392901e-06 -4.967523940990266e-09 0)
(1.039239503816407e-06 -4.864819823899945e-09 0)
(1.060310313257071e-06 -4.719710289664967e-09 0)
(1.081526344729873e-06 -4.537350015392438e-09 0)
(1.102867118464287e-06 -4.322915790548636e-09 0)
(7.419975390216402e-07 -1.284624159406234e-08 0)
(7.565961348931169e-07 -1.339320874898829e-08 0)
(7.719216717393657e-07 -1.38533071559063e-08 0)
(7.879322302764935e-07 -1.423845281200025e-08 0)
(8.045521607653756e-07 -1.453196713064784e-08 0)
(8.21728400244549e-07 -1.478410002631029e-08 0)
(8.394268155928464e-07 -1.500504577973389e-08 0)
(8.576035596649653e-07 -1.520860541103222e-08 0)
(8.762373349315615e-07 -1.537879410838655e-08 0)
(8.952791758824087e-07 -1.546744855725003e-08 0)
(9.146830814241617e-07 -1.549032847724945e-08 0)
(9.344381502643849e-07 -1.547757203312256e-08 0)
(9.545225124115768e-07 -1.542666017013227e-08 0)
(9.748979787652776e-07 -1.532463754600928e-08 0)
(9.955305802708013e-07 -1.515863096427249e-08 0)
(1.016397633051395e-06 -1.491641433287779e-08 0)
(1.03747162138815e-06 -1.458497247020518e-08 0)
(1.058720571581679e-06 -1.415519058951187e-08 0)
(1.080117503323137e-06 -1.362942501976583e-08 0)
(1.101593315255705e-06 -1.300407374333825e-08 0)
(7.287505569346221e-07 -2.2125660182891e-08 0)
(7.444344151934678e-07 -2.292626461703575e-08 0)
(7.607213009561055e-07 -2.356606445467252e-08 0)
(7.775277686475498e-07 -2.412261820297421e-08 0)
(7.948931639671355e-07 -2.457791495346206e-08 0)
(8.127983353874283e-07 -2.498512922089774e-08 0)
(8.31179765322262e-07 -2.53306659806029e-08 0)
(8.499506510301904e-07 -2.561486553180321e-08 0)
(8.691228397549814e-07 -2.582661088776063e-08 0)
(8.886624187100194e-07 -2.59390552772318e-08 0)
(9.085488131394778e-07 -2.598776540448757e-08 0)
(9.287669352227375e-07 -2.599118430967657e-08 0)
(9.492756962636271e-07 -2.591667043097263e-08 0)
(9.700341784520728e-07 -2.573440365108195e-08 0)
(9.910255602773193e-07 -2.543652631360936e-08 0)
(1.012254678440615e-06 -2.501868255006229e-08 0)
(1.033690011321844e-06 -2.446368145066211e-08 0)
(1.055314450302395e-06 -2.375921972461796e-08 0)
(1.077081488881022e-06 -2.290376793091782e-08 0)
(1.098940837891027e-06 -2.187784960298212e-08 0)
(7.093783131043281e-07 -3.237555530971177e-08 0)
(7.265411327986505e-07 -3.324002368701158e-08 0)
(7.442029019214769e-07 -3.39083845557613e-08 0)
(7.62257541304588e-07 -3.452813876186401e-08 0)
(7.807795846704816e-07 -3.506808835643132e-08 0)
(7.997049467910387e-07 -3.556850348770473e-08 0)
(8.19025221663563e-07 -3.598039284970514e-08 0)
(8.38671205566287e-07 -3.631614282783854e-08 0)
(8.586953377279945e-07 -3.656136195590996e-08 0)
(8.790412558147883e-07 -3.669768022321209e-08 0)
(8.996727303090611e-07 -3.675299038579166e-08 0)
(9.205700612663671e-07 -3.672646666278259e-08 0)
(9.417057992168328e-07 -3.657884129587933e-08 0)
(9.630605592255845e-07 -3.629109775729801e-08 0)
(9.84627137228983e-07 -3.587082916181697e-08 0)
(1.006407446052545e-06 -3.529593257135218e-08 0)
(1.028366316203871e-06 -3.454490095008936e-08 0)
(1.050507829399605e-06 -3.359057306201819e-08 0)
(1.0727449914261e-06 -3.241904973713316e-08 0)
(1.095102329748446e-06 -3.103505706701013e-08 0)
(6.844312793644049e-07 -4.385063910742071e-08 0)
(7.035357599055638e-07 -4.455509505310077e-08 0)
(7.229745436831323e-07 -4.511222867853052e-08 0)
(7.425690990425193e-07 -4.570169966560363e-08 0)
(7.625277456207701e-07 -4.622260639217265e-08 0)
(7.82765544702133e-07 -4.672293904104239e-08 0)
(8.03318397526993e-07 -4.712540360880159e-08 0)
(8.241234465564653e-07 -4.746902452185609e-08 0)
(8.451991351201289e-07 -4.770624176495518e-08 0)
(8.665150248607651e-07 -4.781778973061315e-08 0)
(8.880720363281759e-07 -4.783887144733853e-08 0)
(9.098610013901809e-07 -4.776080634751575e-08 0)
(9.318512496967159e-07 -4.75353767790298e-08 0)
(9.540206588636753e-07 -4.714230707091686e-08 0)
(9.763739281876561e-07 -4.659074365125993e-08 0)
(9.988773992902517e-07 -4.584897543812358e-08 0)
(1.02154834899268e-06 -4.489804915946643e-08 0)
(1.044339408539634e-06 -4.370913553327705e-08 0)
(1.067255147337976e-06 -4.224491211104641e-08 0)
(1.090254598093427e-06 -4.054559200200832e-08 0)
(6.545218460899478e-07 -5.68163019916904e-08 0)
(6.758326874597456e-07 -5.708270954871164e-08 0)
(6.973976791858203e-07 -5.729821416477793e-08 0)
(7.189008635674712e-07 -5.769912367857005e-08 0)
(7.406426943133093e-07 -5.808380910423171e-08 0)
(7.625115817126084e-07 -5.850052712074655e-08 0)
(7.84495537310616e-07 -5.881519888749994e-08 0)
(8.066659643832359e-07 -5.90736948778783e-08 0)
(8.290190034211479e-07 -5.924572564011876e-08 0)
(8.515410209598729e-07 -5.930956110160927e-08 0)
(8.742426723658234e-07 -5.928546595506073e-08 0)
(8.971130272556517e-07 -5.914514307211438e-08 0)
(9.201207185091804e-07 -5.882914627319866e-08 0)
(9.432441963312033e-07 -5.832071947271959e-08 0)
(9.66510732476071e-07 -5.762189492095074e-08 0)
(9.89884353230629e-07 -5.671075993840712e-08 0)
(1.013416297695199e-06 -5.556238974476136e-08 0)
(1.037009711658555e-06 -5.416109047517838e-08 0)
(1.060751342553318e-06 -5.244997472091544e-08 0)
(1.08454349362254e-06 -5.046169042885586e-08 0)
(6.204969660472811e-07 -7.13393981103822e-08 0)
(6.443025827530514e-07 -7.090359554888906e-08 0)
(6.682606800523878e-07 -7.056868008639427e-08 0)
(6.919033345223642e-07 -7.060311097786264e-08 0)
(7.155770984664419e-07 -7.069563010947293e-08 0)
(7.392536010517044e-07 -7.087671315543221e-08 0)
(7.628948896966339e-07 -7.103568376525531e-08 0)
(7.866079561674743e-07 -7.116406525630204e-08 0)
(8.104193721734889e-07 -7.123933122834494e-08 0)
(8.343390346294387e-07 -7.123421209458191e-08 0)
(8.583630149899728e-07 -7.113731601784387e-08 0)
(8.824688836078198e-07 -7.090051846270384e-08 0)
(9.066393016676144e-07 -7.046446077390294e-08 0)
(9.308778623462129e-07 -6.982413598051304e-08 0)
(9.552106323574261e-07 -6.897806801718984e-08 0)
(9.796226951441618e-07 -6.791331424507765e-08 0)
(1.004163087257722e-06 -6.659270683339542e-08 0)
(1.028739974520531e-06 -6.49973081854835e-08 0)
(1.05341872829475e-06 -6.306139530921307e-08 0)
(1.078120165721062e-06 -6.080192525575528e-08 0)
(5.829854498443374e-07 -8.756240883066676e-08 0)
(6.094156313395715e-07 -8.604466364085352e-08 0)
(6.359508481934529e-07 -8.490282706578367e-08 0)
(6.61938020533124e-07 -8.435317461312142e-08 0)
(6.878082056763994e-07 -8.402401110982866e-08 0)
(7.134516139272281e-07 -8.386733541250461e-08 0)
(7.389969048148058e-07 -8.378631844618508e-08 0)
(7.644673715220184e-07 -8.373221388704835e-08 0)
(7.899107188791882e-07 -8.366627375259292e-08 0)
(8.153570610184061e-07 -8.354631542032893e-08 0)
(8.408092873984549e-07 -8.333353378473444e-08 0)
(8.662579390406266e-07 -8.297081380643308e-08 0)
(8.917071905100055e-07 -8.24075118149909e-08 0)
(9.171947514936616e-07 -8.1643063450281e-08 0)
(9.42740094158495e-07 -8.06705183694346e-08 0)
(9.683374648939038e-07 -7.947302465318428e-08 0)
(9.940052245393e-07 -7.800033715868469e-08 0)
(1.019690007403849e-06 -7.622423963497542e-08 0)
(1.045427072286372e-06 -7.406644770339343e-08 0)
(1.071149493156716e-06 -7.153857391531341e-08 0)
(5.426153251408733e-07 -1.053944653017857e-07 0)
(5.718564863494584e-07 -1.025728978849899e-07 0)
(6.011543368900891e-07 -1.004749381327824e-07 0)
(6.296520827715876e-07 -9.912585831017393e-08 0)
(6.578689627071587e-07 -9.818119797224801e-08 0)
(6.856636948470399e-07 -9.754741251091313e-08 0)
(7.132144650503839e-07 -9.710132419220578e-08 0)
(7.405512071155637e-07 -9.676617663211354e-08 0)
(7.677437578985178e-07 -9.648714963066029e-08 0)
(7.948248316203661e-07 -9.619537614137202e-08 0)
(8.218079485873781e-07 -9.583063839102129e-08 0)
(8.487131194088532e-07 -9.53323583588832e-08 0)
(8.755691096242902e-07 -9.46552037474461e-08 0)
(9.024281168936994e-07 -9.379011201208022e-08 0)
(9.292997322094415e-07 -9.271637478319033e-08 0)
(9.561886329134402e-07 -9.140400915583556e-08 0)
(9.830986776779338e-07 -8.978971693228715e-08 0)
(1.009978707077435e-06 -8.783542797555402e-08 0)
(1.036886744395705e-06 -8.546462544836606e-08 0)
(1.063753421563009e-06 -8.267821129451326e-08 0)
(5.003551687309076e-07 -1.248101813147972e-07 0)
(5.333114805786483e-07 -1.196708142334961e-07 0)
(5.657286994376626e-07 -1.163538291158681e-07 0)
(5.969960487427741e-07 -1.140914369901387e-07 0)
(6.275648469749902e-07 -1.125236878730795e-07 0)
(6.575667604665713e-07 -1.114030127424548e-07 0)
(6.871053716065381e-07 -1.105728298202273e-07 0)
(7.162933009037212e-07 -1.099356320146939e-07 0)
(7.452215413896752e-07 -1.094238142294116e-07 0)
(7.739305972216937e-07 -1.089467425805545e-07 0)
(8.024504932907768e-07 -1.08433078600127e-07 0)
(8.308236674943021e-07 -1.078181953866445e-07 0)
(8.590965990673892e-07 -1.070523700532184e-07 0)
(8.873244812535443e-07 -1.061133178855794e-07 0)
(9.15509891018547e-07 -1.049668007772434e-07 0)
(9.436737916264447e-07 -1.035683976687069e-07 0)
(9.71827254316804e-07 -1.018515312726104e-07 0)
(9.999255762451466e-07 -9.974602032060818e-08 0)
(1.028039672995821e-06 -9.719417566806949e-08 0)
(1.056118796950997e-06 -9.415820755358971e-08 0)
(4.654640445619281e-07 -1.469955503037099e-07 0)
(5.022893365471933e-07 -1.389240805279595e-07 0)
(5.374893586297255e-07 -1.340524415342133e-07 0)
(5.713625129207317e-07 -1.304796470891958e-07 0)
(6.040719524904498e-07 -1.279630238007358e-07 0)
(6.359367393766765e-07 -1.261067658442326e-07 0)
(6.671019015713605e-07 -1.247013933896169e-07 0)
(6.977529661851677e-07 -1.236136519521115e-07 0)
(7.279975162741746e-07 -1.227334844476582e-07 0)
(7.578982326089794e-07 -1.219448546864427e-07 0)
(7.875176979757695e-07 -1.211697086326661e-07 0)
(8.169196611144628e-07 -1.2034179618205e-07 0)
(8.461620897399718e-07 -1.194012293327677e-07 0)
(8.753000599268571e-07 -1.183103866807642e-07 0)
(9.043269763187269e-07 -1.170277493887619e-07 0)
(9.332862393549731e-07 -1.154875706211579e-07 0)
(9.62175982266424e-07 -1.136409198001918e-07 0)
(9.910105715771814e-07 -1.113762146517911e-07 0)
(1.019833566519534e-06 -1.086539128702951e-07 0)
(1.048607001664745e-06 -1.053758904139821e-07 0)
(4.473942021278036e-07 -1.669454019316275e-07 0)
(4.847541394417291e-07 -1.584120447640943e-07 0)
(5.204512503960652e-07 -1.524391762457659e-07 0)
(5.55170838870265e-07 -1.478537442843999e-07 0)
(5.888283929089966e-07 -1.444320116475139e-07 0)
(6.216180102732319e-07 -1.418083180274948e-07 0)
(6.536799043339124e-07 -1.397575812271948e-07 0)
(6.851596255987943e-07 -1.381217584936682e-07 0)
(7.161454555657156e-07 -1.367606961611187e-07 0)
(7.467101908568152e-07 -1.3555166019409e-07 0)
(7.769340281738192e-07 -1.34414615824109e-07 0)
(8.068861796966804e-07 -1.332758601453127e-07 0)
(8.366235990653943e-07 -1.320628625983509e-07 0)
(8.661952668859212e-07 -1.307259986756796e-07 0)
(8.955936144807965e-07 -1.292207257987176e-07 0)
(9.24892280744783e-07 -1.274603492543412e-07 0)
(9.540553819585141e-07 -1.254213026003473e-07 0)
(9.831511356913649e-07 -1.229669624294218e-07 0)
(1.012189115226466e-06 -1.200603943614243e-07 0)
(1.041132460422394e-06 -1.165599682367621e-07 0)
(4.338121018706036e-07 -1.849927758746727e-07 0)
(4.706724317030252e-07 -1.766059545624193e-07 0)
(5.064841595006792e-07 -1.702531603945961e-07 0)
(5.415323433859911e-07 -1.651240066001408e-07 0)
(5.756873399928738e-07 -1.610730272908727e-07 0)
(6.0904131587508e-07 -1.578273994493952e-07 0)
(6.417007094170071e-07 -1.551986811189174e-07 0)
(6.73750636418871e-07 -1.530310929073273e-07 0)
(7.052657461504586e-07 -1.511873142403726e-07 0)
(7.363221557667301e-07 -1.495506260637345e-07 0)
(7.670012958232493e-07 -1.480400915799701e-07 0)
(7.973675010250464e-07 -1.46574696752344e-07 0)
(8.274752518224807e-07 -1.450704864364464e-07 0)
(8.573697258530683e-07 -1.434714493151865e-07 0)
(8.870435347808036e-07 -1.417319976533646e-07 0)
(9.165887290345089e-07 -1.397499320073902e-07 0)
(9.459655608238918e-07 -1.375156472100909e-07 0)
(9.752535708346342e-07 -1.348871569923557e-07 0)
(1.004437846720151e-06 -1.318172097974696e-07 0)
(1.033522421514413e-06 -1.281500243630262e-07 0)
(4.224743079755539e-07 -2.025445320071881e-07 0)
(4.588013461000176e-07 -1.943858464177513e-07 0)
(4.943865494354333e-07 -1.878122690286078e-07 0)
(5.294557089611482e-07 -1.822758314699352e-07 0)
(5.637744790536947e-07 -1.77715400101502e-07 0)
(5.974314081677934e-07 -1.739373252775078e-07 0)
(6.304526090322829e-07 -1.707885572577838e-07 0)
(6.628844962083566e-07 -1.681250152865192e-07 0)
(6.947879428545903e-07 -1.658220764404689e-07 0)
(7.262290080118052e-07 -1.637728281158622e-07 0)
(7.57276728938166e-07 -1.618984051164758e-07 0)
(7.879838664826824e-07 -1.601114412642076e-07 0)
(8.184032340492233e-07 -1.583184073960808e-07 0)
(8.485774368276039e-07 -1.564615732405932e-07 0)
(8.78503211789895e-07 -1.544900660478628e-07 0)
(9.082691894861111e-07 -1.522991838021867e-07 0)
(9.378440027791719e-07 -1.49885713441548e-07 0)
(9.673131476492224e-07 -1.471031688792888e-07 0)
(9.966352967121468e-07 -1.438986341800425e-07 0)
(1.025888226606722e-06 -1.401338257953057e-07 0)
(4.129122594066318e-07 -2.192646384075086e-07 0)
(4.486841838474675e-07 -2.114389741876425e-07 0)
(4.839213861276707e-07 -2.048671820785994e-07 0)
(5.188161314355342e-07 -1.991226099316422e-07 0)
(5.531165947114371e-07 -1.942195147643701e-07 0)
(5.868836394734668e-07 -1.900354130711616e-07 0)
(6.200812582126676e-07 -1.86449267870524e-07 0)
(6.527412132856615e-07 -1.833490877729551e-07 0)
(6.849078734653753e-07 -1.806300885284699e-07 0)
(7.166303534156157e-07 -1.781972616175374e-07 0)
(7.479601460248817e-07 -1.759763276911775e-07 0)
(7.789339944731965e-07 -1.73876418521922e-07 0)
(8.096031125757902e-07 -1.717990757457016e-07 0)
(8.400055674946442e-07 -1.696920027348743e-07 0)
(8.701431585926604e-07 -1.674960178650123e-07 0)
(9.001036981020992e-07 -1.651113918694776e-07 0)
(9.298483268332075e-07 -1.625325099957646e-07 0)
(9.594714254767073e-07 -1.596129116648854e-07 0)
(9.889330188916041e-07 -1.563053023746683e-07 0)
(1.018354858284336e-06 -1.525092449553122e-07 0)
(4.046731036473546e-07 -2.354263998003005e-07 0)
(4.399209768636817e-07 -2.279312669488551e-07 0)
(4.748020235575461e-07 -2.214394259499738e-07 0)
(5.094143153567158e-07 -2.156015902061037e-07 0)
(5.435950875930381e-07 -2.104768781054954e-07 0)
(5.773312916867729e-07 -2.059862430189616e-07 0)
(6.105757481264284e-07 -2.020460031326284e-07 0)
(6.433511574454216e-07 -1.985815440485054e-07 0)
(6.756806209916139e-07 -1.955029084950545e-07 0)
(7.075936910604405e-07 -1.927277020779537e-07 0)
(7.391250226958191e-07 -1.901889883040782e-07 0)
(7.702951005473681e-07 -1.87795954910379e-07 0)
(8.011545157709124e-07 -1.854492548030891e-07 0)
(8.317350148747262e-07 -1.831057927097737e-07 0)
(8.620388944303996e-07 -1.806959103934984e-07 0)
(8.921547146066349e-07 -1.781389062912353e-07 0)
(9.220410400914074e-07 -1.754126703288149e-07 0)
(9.517912225516885e-07 -1.723808836162358e-07 0)
(9.813993989942254e-07 -1.690141916532775e-07 0)
(1.010953580612876e-06 -1.652325048619696e-07 0)
(3.975474880712501e-07 -2.511013193645417e-07 0)
(4.323137990474416e-07 -2.439313082266386e-07 0)
(4.668230450174585e-07 -2.375662077234125e-07 0)
(5.011295613996022e-07 -2.317171789088331e-07 0)
(5.351141351248257e-07 -2.264630171514771e-07 0)
(5.68724329326871e-07 -2.217488436266411e-07 0)
(6.019268416038541e-07 -2.175344913912947e-07 0)
(6.347291972283801e-07 -2.137752770895322e-07 0)
(6.671323496642221e-07 -2.103904091246391e-07 0)
(6.991500495181594e-07 -2.073126579678428e-07 0)
(7.308041685157172e-07 -2.044850107958299e-07 0)
(7.621008976678525e-07 -2.01819946100212e-07 0)
(7.930901959306331e-07 -1.99221925764373e-07 0)
(8.237958065301265e-07 -1.966620624910158e-07 0)
(8.542248488448228e-07 -1.940531906306069e-07 0)
(8.844558117974457e-07 -1.913405392869238e-07 0)
(9.144554688804278e-07 -1.884895530892241e-07 0)
(9.443168860556126e-07 -1.85378627440605e-07 0)
(9.740592238512828e-07 -1.819969380042345e-07 0)
(1.003699788699317e-06 -1.782439264126685e-07 0)
(3.913517448896289e-07 -2.663816606580842e-07 0)
(4.25703231979551e-07 -2.595097359292136e-07 0)
(4.598309732479963e-07 -2.532931175574378e-07 0)
(4.938285319625136e-07 -2.474832519286334e-07 0)
(5.275578798966451e-07 -2.421603311036661e-07 0)
(5.609856857105148e-07 -2.372911267898955e-07 0)
(5.94082389803835e-07 -2.32872231622772e-07 0)
(6.268380228024872e-07 -2.28878201451173e-07 0)
(6.592356862543653e-07 -2.252347834053038e-07 0)
(6.91281425476893e-07 -2.21892842989566e-07 0)
(7.229890955841664e-07 -2.188068602447019e-07 0)
(7.543540240811121e-07 -2.158940325859745e-07 0)
(7.854243735902167e-07 -2.130639038471691e-07 0)
(8.162116853143274e-07 -2.103063929066969e-07 0)
(8.467311586705705e-07 -2.075216116873855e-07 0)
(8.770512098554002e-07 -2.046721725393362e-07 0)
(9.071463007556039e-07 -2.017259854372665e-07 0)
(9.371133118596292e-07 -1.985731322614011e-07 0)
(9.669500022474915e-07 -1.952059173083117e-07 0)
(9.96671904305131e-07 -1.914919476592589e-07 0)
(3.859114409328287e-07 -2.813287383056661e-07 0)
(4.19874029278401e-07 -2.747261897178576e-07 0)
(4.536503995002856e-07 -2.686642441201918e-07 0)
(4.873290767494016e-07 -2.6291920394561e-07 0)
(5.207847010824395e-07 -2.575681100920428e-07 0)
(5.540081437780816e-07 -2.525982074463318e-07 0)
(5.869597435434857e-07 -2.480286272006756e-07 0)
(6.196188005077285e-07 -2.438480133170894e-07 0)
(6.51955961523757e-07 -2.399883380277378e-07 0)
(6.839768722205985e-07 -2.364189539977676e-07 0)
(7.156883812058436e-07 -2.331057150160375e-07 0)
(7.470786958010192e-07 -2.299724546816636e-07 0)
(7.781927515266989e-07 -2.269359614211737e-07 0)
(8.090307171641181e-07 -2.240012438942071e-07 0)
(8.39612511918051e-07 -2.210660755567919e-07 0)
(8.700021141450706e-07 -2.181107752548174e-07 0)
(9.001796968935589e-07 -2.150988155924826e-07 0)
(9.302357908102249e-07 -2.119338275719494e-07 0)
(9.601256125226639e-07 -2.085911083713365e-07 0)
(9.899482292688726e-07 -2.049550767085309e-07 0)
(3.810977103305037e-07 -2.959847081251743e-07 0)
(4.146820643154481e-07 -2.896323196819035e-07 0)
(4.481387324585153e-07 -2.837191525572553e-07 0)
(4.815006471755395e-07 -2.78049015121132e-07 0)
(5.146977470622462e-07 -2.726998171777043e-07 0)
(5.477135906701654e-07 -2.676684902528262e-07 0)
(5.80499286824623e-07 -2.629877792308806e-07 0)
(6.130333885165764e-07 -2.58659666951436e-07 0)
(6.452766962061532e-07 -2.546225900723894e-07 0)
(6.772391257988956e-07 -2.508606366090712e-07 0)
(7.089178873057899e-07 -2.4735066053653e-07 0)
(7.40299370831887e-07 -2.440232977522558e-07 0)
(7.714238696705261e-07 -2.408073022559778e-07 0)
(8.022861355724703e-07 -2.377183774770759e-07 0)
(8.328992094564794e-07 -2.34662071763381e-07 0)
(8.633465556029864e-07 -2.316193582820579e-07 0)
(8.935863863345839e-07 -2.285755419664872e-07 0)
(9.236851337677051e-07 -2.254181137110009e-07 0)
(9.536203704425535e-07 -2.221140401467671e-07 0)
(9.83517621177286e-07 -2.186092470535241e-07 0)
(3.767849570052749e-07 -3.103895782685031e-07 0)
(4.100272278834247e-07 -3.042669175606835e-07 0)
(4.431802601029674e-07 -2.984912361704813e-07 0)
(4.762586963635526e-07 -2.929034994057594e-07 0)
(5.092220958100183e-07 -2.875789083703296e-07 0)
(5.420324853181556e-07 -2.825126632447129e-07 0)
(5.746414618069111e-07 -2.77751006494065e-07 0)
(6.070337188548104e-07 -2.733065070452773e-07 0)
(6.391614965026831e-07 -2.691258514950698e-07 0)
(6.710421560581418e-07 -2.652005084971094e-07 0)
(7.026611765000154e-07 -2.615212314355549e-07 0)
(7.34007384009601e-07 -2.580248194506511e-07 0)
(7.651180641161246e-07 -2.546533765836262e-07 0)
(7.959858303700903e-07 -2.51432992182609e-07 0)
(8.266238964596941e-07 -2.48276748098724e-07 0)
(8.570968265109303e-07 -2.451746187972951e-07 0)
(8.873598788026518e-07 -2.421174850172031e-07 0)
(9.174772802323467e-07 -2.389722328594456e-07 0)
(9.474747950358692e-07 -2.357414818011714e-07 0)
(9.773909753428829e-07 -2.323853528854787e-07 0)
(3.728916855160077e-07 -3.245825089977054e-07 0)
(4.058320107119082e-07 -3.186629796584592e-07 0)
(4.387055835739631e-07 -3.130187699427427e-07 0)
(4.71541855449007e-07 -3.075208124056105e-07 0)
(5.042857419465172e-07 -3.022309593642708e-07 0)
(5.368899836333334e-07 -2.971470766867507e-07 0)
(5.693160513238338e-07 -2.923271711790832e-07 0)
(6.015571316047193e-07 -2.87788764065242e-07 0)
(6.335616843852319e-07 -2.834914831993013e-07 0)
(6.653510090512466e-07 -2.794243124488494e-07 0)
(6.969024206112744e-07 -2.755962007916087e-07 0)
(7.282060806284543e-07 -2.719523364817028e-07 0)
(7.592963727411122e-07 -2.684483195629462e-07 0)
(7.901632813992556e-07 -2.651218522524341e-07 0)
(8.208132771180666e-07 -2.618922086552056e-07 0)
(8.512991336329989e-07 -2.587535574703798e-07 0)
(8.815710249351276e-07 -2.556808054921323e-07 0)
(9.117032610748528e-07 -2.525668430693491e-07 0)
(9.417373784147509e-07 -2.494504103308848e-07 0)
(9.716666485091804e-07 -2.462316789566546e-07 0)
(3.693949406459963e-07 -3.385916870098737e-07 0)
(4.020597528941818e-07 -3.328548926453395e-07 0)
(4.346882899737903e-07 -3.27342414603112e-07 0)
(4.672981089650969e-07 -3.219330789629969e-07 0)
(4.998214071829901e-07 -3.166809110058478e-07 0)
(5.322226055741936e-07 -3.115830723481376e-07 0)
(5.64476020445028e-07 -3.06719465439428e-07 0)
(5.965722505565865e-07 -3.021026133836504e-07 0)
(6.284681971618402e-07 -2.977105761147936e-07 0)
(6.60172805968834e-07 -2.935261195159305e-07 0)
(6.916623081022627e-07 -2.895759580190927e-07 0)
(7.229226354852163e-07 -2.85812695077753e-07 0)
(7.539845673765224e-07 -2.822015056450508e-07 0)
(7.848365243523025e-07 -2.787899623706592e-07 0)
(8.154775712246356e-07 -2.755005597441086e-07 0)
(8.459531154656258e-07 -2.723269617240083e-07 0)
(8.762097410402092e-07 -2.692511345353543e-07 0)
(9.063629550246466e-07 -2.661937504804077e-07 0)
(9.363671548779842e-07 -2.63198104792014e-07 0)
(9.663234309297534e-07 -2.601471539122635e-07 0)
(3.662561518200709e-07 -3.524407229172648e-07 0)
(3.986746935718146e-07 -3.468810522071096e-07 0)
(4.310791654788535e-07 -3.414894109305812e-07 0)
(4.634599908192342e-07 -3.361549741429205e-07 0)
(4.957755682912364e-07 -3.309344140553999e-07 0)
(5.279954531148124e-07 -3.258312742627249e-07 0)
(5.6010461961251e-07 -3.20943518711153e-07 0)
(5.9206724481566e-07 -3.162732671353808e-07 0)
(6.23862957918335e-07 -3.118072405760861e-07 0)
(6.554766154848901e-07 -3.075258422197518e-07 0)
(6.868953946351431e-07 -3.034665563651914e-07 0)
(7.181062938046203e-07 -2.995935120547155e-07 0)
(7.491364111348899e-07 -2.958846062390653e-07 0)
(7.799675804585507e-07 -2.9239576320384e-07 0)
(8.105879970546369e-07 -2.89048041370507e-07 0)
(8.410402719116275e-07 -2.858411146824113e-07 0)
(8.712800829438517e-07 -2.827747409152663e-07 0)
(9.014252480131128e-07 -2.797937931196529e-07 0)
(9.314003103049907e-07 -2.768989110910168e-07 0)
(9.613495331582228e-07 -2.740653830463634e-07 0)
(3.634063349459109e-07 -3.661644380194729e-07 0)
(3.956021215536347e-07 -3.60771879864855e-07 0)
(4.277870149227872e-07 -3.554740344883829e-07 0)
(4.599558002683924e-07 -3.502000050148805e-07 0)
(4.920948674263167e-07 -3.45010331013478e-07 0)
(5.241535891030625e-07 -3.399218795755997e-07 0)
(5.561346586274673e-07 -3.350179293326587e-07 0)
(5.87972178284427e-07 -3.303060582869937e-07 0)
(6.196753896961033e-07 -3.257640365824034e-07 0)
(6.512203666221414e-07 -3.213944868670323e-07 0)
(6.825920069487871e-07 -3.172480745095054e-07 0)
(7.13773290837088e-07 -3.132903647894963e-07 0)
(7.447862607373438e-07 -3.095029433738634e-07 0)
(7.756015194223551e-07 -3.059453343843458e-07 0)
(8.061973922072953e-07 -3.025408771833713e-07 0)
(8.366241516404158e-07 -2.993044390285874e-07 0)
(8.668611588251089e-07 -2.96258028915144e-07 0)
(8.969627420762227e-07 -2.933516827233284e-07 0)
(9.269438409565008e-07 -2.905831848750339e-07 0)
(9.568590846408722e-07 -2.879569006482655e-07 0)
(3.607597446173627e-07 -3.797995174814614e-07 0)
(3.927455308216061e-07 -3.74532822562633e-07 0)
(4.247315063771149e-07 -3.693088741593463e-07 0)
(4.567229317795987e-07 -3.640967193002089e-07 0)
(4.887139713158174e-07 -3.589428128044249e-07 0)
(5.206413591314355e-07 -3.538736856620411e-07 0)
(5.525134054227594e-07 -3.489505846517852e-07 0)
(5.842682322103235e-07 -3.442118001724723e-07 0)
(6.158897746072247e-07 -3.396178871521541e-07 0)
(6.473716186111636e-07 -3.351755613987633e-07 0)
(6.787044723144126e-07 -3.309500969310414e-07 0)
(7.098630419129823e-07 -3.26914744594398e-07 0)
(7.408556793383788e-07 -3.23051116059714e-07 0)
(7.716472580904166e-07 -3.194154622522821e-07 0)
(8.02224796035713e-07 -3.159480484441761e-07 0)
(8.326475211467257e-07 -3.126920251336252e-07 0)
(8.628783462951748e-07 -3.096741095942932e-07 0)
(8.929463488727392e-07 -3.068121377507902e-07 0)
(9.229006433904174e-07 -3.041905093614785e-07 0)
(9.528036572300387e-07 -3.017901946508567e-07 0)
(3.582273969672297e-07 -3.933540977783412e-07 0)
(3.900416445884479e-07 -3.881943373942014e-07 0)
(4.21865766407827e-07 -3.830329189876147e-07 0)
(4.537105773191336e-07 -3.778787915477836e-07 0)
(4.855717776948235e-07 -3.727538677759871e-07 0)
(5.174065652852348e-07 -3.67697771086205e-07 0)
(5.491750668825275e-07 -3.627698069973708e-07 0)
(5.808566780210121e-07 -3.579957098584681e-07 0)
(6.124246701220009e-07 -3.533476685845248e-07 0)
(6.438789828008421e-07 -3.488480592799023e-07 0)
(6.751988275684351e-07 -3.445614671053543e-07 0)
(7.063465860072531e-07 -3.404502521799808e-07 0)
(7.373285026120736e-07 -3.365002384227653e-07 0)
(7.68115040772954e-07 -3.327920581887105e-07 0)
(7.987040198932349e-07 -3.292839445092621e-07 0)
(8.291561647653094e-07 -3.26002196297919e-07 0)
(8.593752929751175e-07 -3.229693870641986e-07 0)
(8.894471574932491e-07 -3.201591333958438e-07 0)
(9.193376173563223e-07 -3.176928588418382e-07 0)
(9.492463847280041e-07 -3.155133950973041e-07 0)
(3.558137481114733e-07 -4.068354246013837e-07 0)
(3.874459835861171e-07 -4.017843689699733e-07 0)
(4.191341721020256e-07 -3.966718993358133e-07 0)
(4.508799316479525e-07 -3.915611851405671e-07 0)
(4.826494681389619e-07 -3.864846991274864e-07 0)
(5.143971414036436e-07 -3.814341215426555e-07 0)
(5.460965517653523e-07 -3.764888137818735e-07 0)
(5.7772768308643e-07 -3.716895263885767e-07 0)
(6.092708862266265e-07 -3.670076992056124e-07 0)
(6.407208057725684e-07 -3.62455458124557e-07 0)
(6.720380637292508e-07 -3.580983059382244e-07 0)
(7.031782099592538e-07 -3.53917735705297e-07 0)
(7.341719688211088e-07 -3.499016297011011e-07 0)
(7.650104048309814e-07 -3.461182531279464e-07 0)
(7.95657409720294e-07 -3.425453429753858e-07 0)
(8.261183490743665e-07 -3.392365991645641e-07 0)
(8.563321789053391e-07 -3.361842975283339e-07 0)
(8.864709095472491e-07 -3.334088492968798e-07 0)
(9.16395351006155e-07 -3.31066292673643e-07 0)
(9.462173363428268e-07 -3.291457743117466e-07 0)
(3.534183427910624e-07 -4.20313714330918e-07 0)
(3.848996379035462e-07 -4.153214578101081e-07 0)
(4.165066582082874e-07 -4.102562668994908e-07 0)
(4.481716652344609e-07 -4.051918264152061e-07 0)
(4.798591736279209e-07 -4.001235970529504e-07 0)
(5.115332384488988e-07 -3.950814732994076e-07 0)
(5.431951483272176e-07 -3.901251509553742e-07 0)
(5.748210597810979e-07 -3.852935715759354e-07 0)
(6.06365856032909e-07 -3.805705934915403e-07 0)
(6.378028265726408e-07 -3.759762261281762e-07 0)
(6.691237721556768e-07 -3.715619596652598e-07 0)
(7.003229402519269e-07 -3.672977336633468e-07 0)
(7.31394973589573e-07 -3.632061410182153e-07 0)
(7.622715013705777e-07 -3.593851283350751e-07 0)
(7.929659582287162e-07 -3.557456711828831e-07 0)
(8.235315348112027e-07 -3.523367934622396e-07 0)
(8.538784080239617e-07 -3.492766981824422e-07 0)
(8.840374625009018e-07 -3.465308416305364e-07 0)
(9.140318675034535e-07 -3.442402977127461e-07 0)
(9.438556844820742e-07 -3.42543710358319e-07 0)
(3.510517161150074e-07 -4.337400135723344e-07 0)
(3.824456228205045e-07 -4.288274788070423e-07 0)
(4.139726120558454e-07 -4.238160499011038e-07 0)
(4.45559820102851e-07 -4.187776933569214e-07 0)
(4.771899157813802e-07 -4.137133984567833e-07 0)
(5.08851411571034e-07 -4.086568373173223e-07 0)
(5.40514955393082e-07 -4.036952421065186e-07 0)
(5.721313365285788e-07 -3.988603869459511e-07 0)
(6.036793619961755e-07 -3.940978196968564e-07 0)
(6.351714270015151e-07 -3.894278628721595e-07 0)
(6.665687850441923e-07 -3.84964588404622e-07 0)
(6.978135081183953e-07 -3.806802974695421e-07 0)
(7.289495703676985e-07 -3.765124301564513e-07 0)
(7.599522292476699e-07 -3.725916761712431e-07 0)
(7.907568280250541e-07 -3.689179654838136e-07 0)
(8.214288515764443e-07 -3.654510304367227e-07 0)
(8.519634410077952e-07 -3.623377066315172e-07 0)
(8.82260936605535e-07 -3.595338751409568e-07 0)
(9.124199181063065e-07 -3.572482126503665e-07 0)
(9.423004520180846e-07 -3.55658022543319e-07 0)
(2.128091817000576e-08 -2.97506830238964e-07 0)
(6.396825911194294e-08 -2.935745492435369e-07 0)
(1.069187057252623e-07 -2.857761192928213e-07 0)
(1.503415684725691e-07 -2.745537184768622e-07 0)
(1.942696156864796e-07 -2.602883304747183e-07 0)
(2.387185539045134e-07 -2.435449240244428e-07 0)
(2.836670802547028e-07 -2.2498582982961e-07 0)
(3.289801908142362e-07 -2.051685005945189e-07 0)
(3.749602361042733e-07 -1.846393662877064e-07 0)
(4.208369025790097e-07 -1.636157488861103e-07 0)
(2.091911276570689e-08 -3.054467991436029e-07 0)
(6.287471782299311e-08 -3.018462039203585e-07 0)
(1.049810628030886e-07 -2.946970795954842e-07 0)
(1.474240363728217e-07 -2.844018394423012e-07 0)
(1.902058091434239e-07 -2.712674464272844e-07 0)
(2.332768015785466e-07 -2.55772797736183e-07 0)
(2.766453077145421e-07 -2.384686226790427e-07 0)
(3.200009456338329e-07 -2.199136832638013e-07 0)
(3.63620304494396e-07 -2.005219276527203e-07 0)
(4.063013342540707e-07 -1.812867714956107e-07 0)
(2.052197092837853e-08 -3.135408800795027e-07 0)
(6.167429213378639e-08 -3.102521694508048e-07 0)
(1.029211919162949e-07 -3.036804217970428e-07 0)
(1.443557469388124e-07 -2.94196241793796e-07 0)
(1.860288423326491e-07 -2.820798736339423e-07 0)
(2.278216209921937e-07 -2.677492787187467e-07 0)
(2.697680775016081e-07 -2.516851160707451e-07 0)
(3.115885144992615e-07 -2.344066809213199e-07 0)
(3.53508491042962e-07 -2.162195383065188e-07 0)
(3.945026895429168e-07 -1.98366711991845e-07 0)
(2.016771249428081e-08 -3.217726966998465e-07 0)
(6.056879888465393e-08 -3.187290493819203e-07 0)
(1.010803606458799e-07 -3.126505156750285e-07 0)
(1.416609488435675e-07 -3.038695381773543e-07 0)
(1.824047580236901e-07 -2.926399931996428e-07 0)
(2.231615949192796e-07 -2.793165290483623e-07 0)
(2.639525434359351e-07 -2.643649575332108e-07 0)
(3.045174151017714e-07 -2.482761017357485e-07 0)
(3.449635574166265e-07 -2.313348703560968e-07 0)
(3.845226438621468e-07 -2.148045673910048e-07 0)
(1.986138597349964e-08 -3.301415403828981e-07 0)
(5.955778464735364e-08 -3.27339879816627e-07 0)
(9.937174464138484e-08 -3.217190469091255e-07 0)
(1.391804470915945e-07 -3.13579164602592e-07 0)
(1.790827849741364e-07 -3.031512148806972e-07 0)
(2.189306494584495e-07 -2.907939551766631e-07 0)
(2.587313024340699e-07 -2.769121800706584e-07 0)
(2.982724054787374e-07 -2.619139583125537e-07 0)
(3.375497518346403e-07 -2.461116955761167e-07 0)
(3.759930875282595e-07 -2.306867593933004e-07 0)
(1.955673760531652e-08 -3.386505576113348e-07 0)
(5.863916395678082e-08 -3.360447889246232e-07 0)
(9.779796122533654e-08 -3.308273591369157e-07 0)
(1.369309287956438e-07 -3.232852294341361e-07 0)
(1.760950656040858e-07 -3.135902037220298e-07 0)
(2.151890105437128e-07 -3.021060194650744e-07 0)
(2.541273945872224e-07 -2.892016149532307e-07 0)
(2.927771312334805e-07 -2.752236329106815e-07 0)
(3.310722775574421e-07 -2.605021631776333e-07 0)
(3.685771190407496e-07 -2.461146555213498e-07 0)
(1.925851010194047e-08 -3.472875087655312e-07 0)
(5.778105835703712e-08 -3.448690583803584e-07 0)
(9.633371758664726e-08 -3.400273650211569e-07 0)
(1.348718009551748e-07 -3.330225962600179e-07 0)
(1.733611902324167e-07 -3.240080275670956e-07 0)
(2.117848526037507e-07 -3.133284891689863e-07 0)
(2.500076421000307e-07 -3.013268815636476e-07 0)
(2.879029321938013e-07 -2.883061444957836e-07 0)
(3.253886212732236e-07 -2.745898633052986e-07 0)
(3.621231895426681e-07 -2.611505874347121e-07 0)
(1.901069748426465e-08 -3.560428142901485e-07 0)
(5.698680384922968e-08 -3.538011878444351e-07 0)
(9.498036226901095e-08 -3.49307270536122e-07 0)
(1.329771843856668e-07 -3.427928462632404e-07 0)
(1.708789091754275e-07 -3.344140165810589e-07 0)
(2.086889748530008e-07 -3.244735742092466e-07 0)
(2.462853170783122e-07 -3.133149559243711e-07 0)
(2.835505210869672e-07 -3.011974877070487e-07 0)
(3.203750474066778e-07 -2.884209848214421e-07 0)
(3.564861934222176e-07 -2.758568074068031e-07 0)
(1.878671836482436e-08 -3.649197167158843e-07 0)
(5.624439046676859e-08 -3.628394557961565e-07 0)
(9.373558032953442e-08 -3.586629197894887e-07 0)
(1.312216953535779e-07 -3.526080082660471e-07 0)
(1.685996894659179e-07 -3.448317003170113e-07 0)
(2.058808090243047e-07 -3.355736023795391e-07 0)
(2.429179857373401e-07 -3.251969878677736e-07 0)
(2.796358978862111e-07 -3.139285099870613e-07 0)
(3.159111661600608e-07 -3.020309968931619e-07 0)
(3.515167889758197e-07 -2.902798364292677e-07 0)
(1.854553094261591e-08 -3.739214427725352e-07 0)
(5.554485099262455e-08 -3.71988366818613e-07 0)
(9.258107390039148e-08 -3.681046393247541e-07 0)
(1.295988203124124e-07 -3.624774186102472e-07 0)
(1.66486531547469e-07 -3.552645308399414e-07 0)
(2.033025719899332e-07 -3.466434250579814e-07 0)
(2.398496889606491e-07 -3.369895492194953e-07 0)
(2.7608724233531e-07 -3.265144328472202e-07 0)
(3.118972745973157e-07 -3.154415743011899e-07 0)
(3.470786147348529e-07 -3.044540197351042e-07 0)
(1.830172991403992e-08 -3.830395596748933e-07 0)
(5.49056601227655e-08 -3.812484120910648e-07 0)
(9.150367957692263e-08 -3.77641335058646e-07 0)
(1.280938768527947e-07 -3.724080148956903e-07 0)
(1.645268726867477e-07 -3.657129064151195e-07 0)
(2.0091095418334e-07 -3.576918318748258e-07 0)
(2.370304250199503e-07 -3.487109822481417e-07 0)
(2.728483873071227e-07 -3.389764416965958e-07 0)
(3.082580698711131e-07 -3.28675566469896e-07 0)
(3.430762492965372e-07 -3.18409074538314e-07 0)
(1.808929407845191e-08 -3.922731501047463e-07 0)
(5.43296688567229e-08 -3.906193755391155e-07 0)
(9.049599428341929e-08 -3.872746040581374e-07 0)
(1.266869984685092e-07 -3.824041767363102e-07 0)
(1.627122110195997e-07 -3.76184300795706e-07 0)
(1.986870246308735e-07 -3.687302963214005e-07 0)
(2.344266601529839e-07 -3.603815832252501e-07 0)
(2.698760602182529e-07 -3.513366001614189e-07 0)
(3.049402528387988e-07 -3.417550011277202e-07 0)
(3.394669786061667e-07 -3.321691057332571e-07 0)
(1.79086475500964e-08 -4.016299025396232e-07 0)
(5.378249593582102e-08 -4.001016811367716e-07 0)
(8.953552410817434e-08 -3.97001971662285e-07 0)
(1.253441986422906e-07 -3.924689141429498e-07 0)
(1.61005092711674e-07 -3.866899956674156e-07 0)
(1.965984216888041e-07 -3.797703693644692e-07 0)
(2.319941303388577e-07 -3.720138577842469e-07 0)
(2.671220618686835e-07 -3.636081166015933e-07 0)
(3.019061784544375e-07 -3.547020367892091e-07 0)
(3.362283046191461e-07 -3.457647390328495e-07 0)
(1.773073542719412e-08 -4.111148923449437e-07 0)
(5.32215273451952e-08 -4.09696561586523e-07 0)
(8.859187908924687e-08 -4.068238376545254e-07 0)
(1.240288613783577e-07 -4.026074803881318e-07 0)
(1.593529902849089e-07 -3.97238500713659e-07 0)
(1.946012084767436e-07 -3.908173438411582e-07 0)
(2.296874623899774e-07 -3.836150140167021e-07 0)
(2.645455327679674e-07 -3.7581258728228e-07 0)
(2.991198441989179e-07 -3.675574872321604e-07 0)
(3.332971906496628e-07 -3.592438104753565e-07 0)
(1.753621777046757e-08 -4.207253350327323e-07 0)
(5.263567524665725e-08 -4.194040163864322e-07 0)
(8.765261753861025e-08 -4.167419733812266e-07 0)
(1.227290869349545e-07 -4.128254882395948e-07 0)
(1.577299716940385e-07 -4.078438508285347e-07 0)
(1.926619855953358e-07 -4.018922373260488e-07 0)
(2.274685308243694e-07 -3.95209348847389e-07 0)
(2.621099112703874e-07 -3.879787428100893e-07 0)
(2.965167099873331e-07 -3.803482217882418e-07 0)
(3.305860496733613e-07 -3.726231917262208e-07 0)
(1.733168186670476e-08 -4.304536974970835e-07 0)
(5.20457909066629e-08 -4.292225298796721e-07 0)
(8.672308813459359e-08 -4.267615092749185e-07 0)
(1.214404906841019e-07 -4.2313377992942e-07 0)
(1.561186371887643e-07 -4.185078774557806e-07 0)
(1.907536621383489e-07 -4.129852349629307e-07 0)
(2.253148330735067e-07 -4.067984971043548e-07 0)
(2.597855181229853e-07 -4.001224872813274e-07 0)
(2.940458557565662e-07 -3.930845815418907e-07 0)
(3.280578841331286e-07 -3.859218182291208e-07 0)
(1.713304827349066e-08 -4.402911740393775e-07 0)
(5.146628041139119e-08 -4.391514517266072e-07 0)
(8.579132894998786e-08 -4.368780316843897e-07 0)
(1.201453940159179e-07 -4.335168447773284e-07 0)
(1.545055919143471e-07 -4.292343303952226e-07 0)
(1.888622061073458e-07 -4.241229421689397e-07 0)
(2.232063280486583e-07 -4.184136140129489e-07 0)
(2.57505135481528e-07 -4.122725792053291e-07 0)
(2.916501996134916e-07 -4.057850383083774e-07 0)
(3.256138862994022e-07 -3.991697314759608e-07 0)
(1.694006706957776e-08 -4.50236390084091e-07 0)
(5.087817069090616e-08 -4.491819161566745e-07 0)
(8.482715109700157e-08 -4.470815391097466e-07 0)
(1.188115765047266e-07 -4.439757400192907e-07 0)
(1.528496998215836e-07 -4.400097137486366e-07 0)
(1.869436220615646e-07 -4.352925501084569e-07 0)
(2.210849328829303e-07 -4.300375366292093e-07 0)
(2.552070011794269e-07 -4.243984313395423e-07 0)
(2.892853471051927e-07 -4.184472969213153e-07 0)
(3.232268981463553e-07 -4.123512487455062e-07 0)
(1.674007611566238e-08 -4.602695282819306e-07 0)
(5.025158680101578e-08 -4.592987722253914e-07 0)
(8.379754981167661e-08 -4.573608246058829e-07 0)
(1.174178891858825e-07 -4.544957700332608e-07 0)
(1.511360993878086e-07 -4.50846381310385e-07 0)
(1.849730930819024e-07 -4.465156018217998e-07 0)
(2.189101285805318e-07 -4.416984280395545e-07 0)
(2.528967692289981e-07 -4.36533871317404e-07 0)
(2.868818313405462e-07 -4.311118965090053e-07 0)
(3.208441514688431e-07 -4.255307955592331e-07 0)
(1.652364068795192e-08 -4.703834832120169e-07 0)
(4.9587202316884e-08 -4.694866466924817e-07 0)
(8.27052400871177e-08 -4.677146677606932e-07 0)
(1.159467737520656e-07 -4.650877229371981e-07 0)
(1.49356113618475e-07 -4.617372422523775e-07 0)
(1.829517956879022e-07 -4.577811023951997e-07 0)
(2.166871004741205e-07 -4.533863786541543e-07 0)
(2.505924133685688e-07 -4.486791507827066e-07 0)
(2.845182950426654e-07 -4.437569159011336e-07 0)
(3.185635601598497e-07 -4.386685882837906e-07 0)
)


// ************************************************************************* //
