/*--------------------------------*- C++ -*----------------------------------*\
| =========                 |                                                 |
| \\      /  F ield         | foam-extend: Open Source CFD                    |
|  \\    /   O peration     | Version:     4.1                                |
|   \\  /    A nd           | Web:         http://www.foam-extend.org         |
|    \\/     M anipulation  |                                                 |
\*---------------------------------------------------------------------------*/
FoamFile
{
    version     2.0;
    format      ascii;
    class       vectorField;
    location    "1";
    object      solidsCellD_iteration12;
}
// * * * * * * * * * * * * * * * * * * * * * * * * * * * * * * * * * * * * * //


1000
(
(4.415334088541407e-07 -1.346996848045015e-07 0)
(4.218718810306304e-07 -1.281390710617815e-07 0)
(4.103940545468841e-07 -1.251915280889949e-07 0)
(4.04772910625918e-07 -1.254321462232228e-07 0)
(4.033690476146008e-07 -1.276674005945067e-07 0)
(4.050857833303363e-07 -1.313698849170066e-07 0)
(4.091310241451978e-07 -1.360922857226363e-07 0)
(4.147672810642311e-07 -1.416694616113561e-07 0)
(4.220097250956781e-07 -1.476955799390962e-07 0)
(4.292539238734547e-07 -1.540254813808742e-07 0)
(3.99948624222766e-07 -1.474256332599966e-07 0)
(3.790769160646003e-07 -1.441625267473722e-07 0)
(3.667062508715337e-07 -1.433553314523112e-07 0)
(3.603561554472334e-07 -1.450924182468698e-07 0)
(3.582122588949453e-07 -1.483704575431014e-07 0)
(3.591786093074101e-07 -1.52807659834661e-07 0)
(3.624456048955446e-07 -1.580201761736597e-07 0)
(3.672996346061937e-07 -1.639902419972513e-07 0)
(3.736217848916796e-07 -1.701823602355874e-07 0)
(3.801474021645937e-07 -1.769761306780022e-07 0)
(3.565323407503698e-07 -1.594309622386994e-07 0)
(3.352041438481929e-07 -1.598373957769106e-07 0)
(3.223942865944517e-07 -1.614136022823693e-07 0)
(3.156453389610586e-07 -1.647239152257348e-07 0)
(3.130848886115391e-07 -1.690455260081727e-07 0)
(3.135462423153403e-07 -1.74178506651637e-07 0)
(3.162550417616798e-07 -1.798705114238523e-07 0)
(3.205640458041509e-07 -1.861314237329284e-07 0)
(3.26275505064773e-07 -1.9248618060536e-07 0)
(3.324013963209621e-07 -1.993027349130909e-07 0)
(3.115416652466321e-07 -1.705252398332896e-07 0)
(2.907685396617075e-07 -1.747326764803232e-07 0)
(2.781453117007788e-07 -1.787598533713709e-07 0)
(2.713236726713469e-07 -1.83657132024339e-07 0)
(2.685673554510162e-07 -1.890240909871124e-07 0)
(2.686999215822356e-07 -1.948309346949676e-07 0)
(2.709043380144458e-07 -2.009566585769312e-07 0)
(2.747164386483201e-07 -2.074657511439584e-07 0)
(2.798240154916843e-07 -2.139871362972261e-07 0)
(2.854985250077311e-07 -2.208862789662639e-07 0)
(2.654894503408649e-07 -1.804712016938657e-07 0)
(2.460252776945308e-07 -1.884152267783252e-07 0)
(2.341269227583632e-07 -1.94827296449339e-07 0)
(2.276605774479327e-07 -2.012722143416001e-07 0)
(2.249315233774478e-07 -2.076427997673193e-07 0)
(2.24804430912612e-07 -2.141203946035703e-07 0)
(2.265884138334349e-07 -2.206756833315501e-07 0)
(2.298918162290018e-07 -2.274359968886277e-07 0)
(2.34402220852258e-07 -2.341620334503625e-07 0)
(2.394709505551933e-07 -2.411600996066708e-07 0)
(2.18334794901117e-07 -1.891262837599067e-07 0)
(2.011528523936277e-07 -2.00527227749614e-07 0)
(1.906204027904352e-07 -2.091699585198181e-07 0)
(1.8478536036092e-07 -2.170827665279983e-07 0)
(1.822190863943306e-07 -2.243939219215257e-07 0)
(1.819271143001193e-07 -2.314819619223949e-07 0)
(1.833862197520687e-07 -2.384256409048276e-07 0)
(1.861833582167307e-07 -2.454172848533267e-07 0)
(1.900098733915642e-07 -2.523525165669858e-07 0)
(1.943220863601187e-07 -2.594759287992807e-07 0)
(1.705545483987235e-07 -1.962354769454952e-07 0)
(1.563100793783112e-07 -2.106764794437365e-07 0)
(1.475539322499699e-07 -2.212894403135506e-07 0)
(1.42646925027091e-07 -2.304982445784786e-07 0)
(1.404553790300778e-07 -2.386231748093077e-07 0)
(1.401541808479529e-07 -2.462397711735031e-07 0)
(1.413050332395952e-07 -2.535242863784635e-07 0)
(1.435288840151884e-07 -2.607366412959938e-07 0)
(1.465686145782329e-07 -2.678709303107633e-07 0)
(1.500083659407339e-07 -2.751052440335635e-07 0)
(1.222243876374698e-07 -2.017268931045396e-07 0)
(1.115103230043142e-07 -2.186214799878525e-07 0)
(1.049455747415865e-07 -2.307762540275029e-07 0)
(1.012798320299882e-07 -2.409718652487735e-07 0)
(9.964010219772102e-08 -2.497697654316711e-07 0)
(9.938968157172326e-08 -2.578326604092196e-07 0)
(1.001921549838037e-07 -2.654312655036717e-07 0)
(1.017791941529647e-07 -2.72825706959374e-07 0)
(1.039756746178724e-07 -2.801210966331488e-07 0)
(1.064771807426687e-07 -2.874519008735538e-07 0)
(7.347934475870854e-08 -2.054575056841426e-07 0)
(6.685111973868421e-08 -2.240331595241215e-07 0)
(6.283161101236587e-08 -2.372510215069011e-07 0)
(6.054504417831806e-08 -2.481924882173104e-07 0)
(5.948000690913306e-08 -2.574642502731945e-07 0)
(5.928621788481926e-08 -2.6580675500064e-07 0)
(5.978906290757744e-08 -2.736253592950753e-07 0)
(6.078228833375858e-08 -2.811916166228849e-07 0)
(6.210763440598278e-08 -2.886227996761631e-07 0)
(6.361493278587297e-08 -2.960238038749284e-07 0)
(2.454347982564078e-08 -2.073351225716437e-07 0)
(2.231756514192294e-08 -2.267986633798455e-07 0)
(2.090401869992553e-08 -2.405599374827025e-07 0)
(2.01192149215023e-08 -2.518538074338529e-07 0)
(1.980403266557441e-08 -2.613638586983638e-07 0)
(1.973867935815838e-08 -2.698837717898468e-07 0)
(1.986045208044085e-08 -2.777916030820846e-07 0)
(2.018474126028979e-08 -2.854083966664237e-07 0)
(2.064876741349182e-08 -2.929095903494732e-07 0)
(2.115393047484689e-08 -3.00365060010254e-07 0)
(6.788428684250215e-07 -6.036878949013161e-09 0)
(6.835710871206547e-07 -4.386810901716937e-09 0)
(6.876000820901002e-07 -3.407143913356815e-09 0)
(6.92471157071838e-07 -2.892495333846807e-09 0)
(6.984193739705852e-07 -2.678648745442404e-09 0)
(7.055757293487283e-07 -2.698975592093233e-09 0)
(7.140452209303518e-07 -2.876278735206195e-09 0)
(7.236787416771404e-07 -3.094718259718326e-09 0)
(7.345553222922438e-07 -3.434930601424354e-09 0)
(7.464821886204756e-07 -3.847631627883758e-09 0)
(6.74044474358365e-07 -1.8177991360136e-08 0)
(6.779896545828409e-07 -1.331928746643285e-08 0)
(6.815374940352607e-07 -1.038894597409169e-08 0)
(6.860418821499028e-07 -8.933826983066779e-09 0)
(6.917321014189432e-07 -8.403413137496992e-09 0)
(6.986807299273386e-07 -8.388601651025488e-09 0)
(7.070401074367628e-07 -8.876638913331059e-09 0)
(7.165888719104158e-07 -9.681947688584067e-09 0)
(7.273401089987419e-07 -1.071853738034106e-08 0)
(7.391980791582211e-07 -1.18441647992825e-08 0)
(6.645114019265424e-07 -3.037118439922892e-08 0)
(6.66898753323925e-07 -2.264528139904677e-08 0)
(6.694842884798023e-07 -1.799937652754625e-08 0)
(6.73343436410778e-07 -1.557035291487876e-08 0)
(6.786012933748702e-07 -1.471621544401999e-08 0)
(6.852730950334153e-07 -1.484077902079322e-08 0)
(6.933480463024323e-07 -1.570573893215669e-08 0)
(7.027413128089653e-07 -1.701500014381633e-08 0)
(7.132681781248868e-07 -1.86844181738934e-08 0)
(7.249797728891535e-07 -2.055202067972574e-08 0)
(6.503592682750139e-07 -4.279371602655687e-08 0)
(6.505324904663643e-07 -3.257972517713471e-08 0)
(6.516961370893656e-07 -2.655845460998299e-08 0)
(6.546504290884509e-07 -2.345579066511208e-08 0)
(6.592639474333799e-07 -2.236475621237462e-08 0)
(6.655371328920423e-07 -2.256700419692519e-08 0)
(6.732707818235229e-07 -2.373709955090245e-08 0)
(6.824435836289052e-07 -2.554849943379078e-08 0)
(6.926848630701274e-07 -2.784786934393234e-08 0)
(7.042190471846665e-07 -3.044133046346592e-08 0)
(6.317232796388586e-07 -5.543176146880217e-08 0)
(6.292242680736957e-07 -4.333469358907463e-08 0)
(6.28629633712784e-07 -3.627709452104428e-08 0)
(6.304309199910188e-07 -3.273806150227986e-08 0)
(6.342718033127799e-07 -3.156024195203351e-08 0)
(6.400161074383155e-07 -3.192584174775292e-08 0)
(6.473247692903158e-07 -3.343928597523117e-08 0)
(6.561835627279995e-07 -3.574064154794689e-08 0)
(6.661009804210291e-07 -3.861871050452654e-08 0)
(6.774600744943156e-07 -4.185497784924177e-08 0)
(6.088032741427949e-07 -6.834614150301997e-08 0)
(6.032644984056486e-07 -5.510060295979215e-08 0)
(6.007515902552035e-07 -4.743375732792174e-08 0)
(6.01285801567547e-07 -4.372246170215757e-08 0)
(6.042456789693644e-07 -4.26420539861469e-08 0)
(6.093730441079938e-07 -4.326623246059932e-08 0)
(6.162444679536881e-07 -4.514661701534937e-08 0)
(6.247541600727755e-07 -4.787944991207501e-08 0)
(6.343248961345478e-07 -5.128572780947997e-08 0)
(6.45471864731938e-07 -5.509342296391838e-08 0)
(5.819794160023122e-07 -8.151412743065063e-08 0)
(5.731735044997174e-07 -6.794998377882308e-08 0)
(5.685879492050045e-07 -6.018316026094618e-08 0)
(5.677895750849169e-07 -5.660459504624834e-08 0)
(5.698322758236916e-07 -5.577311901005685e-08 0)
(5.743326541907156e-07 -5.674297062875031e-08 0)
(5.807503995903322e-07 -5.900642931182435e-08 0)
(5.88897910238904e-07 -6.210666244683347e-08 0)
(5.981199045238473e-07 -6.596238813886886e-08 0)
(6.090576803051034e-07 -7.022425405881466e-08 0)
(5.514601577543259e-07 -9.482999967633009e-08 0)
(5.394422905727852e-07 -8.18467358785495e-08 0)
(5.3283285218792e-07 -7.452358290235175e-08 0)
(5.306931803416288e-07 -7.141548467823927e-08 0)
(5.318680692003792e-07 -7.102193043710212e-08 0)
(5.357434180370384e-07 -7.245449898115414e-08 0)
(5.416916861107347e-07 -7.515645571469339e-08 0)
(5.494675900575199e-07 -7.86305189988297e-08 0)
(5.583683737432914e-07 -8.289151089938168e-08 0)
(5.690253957686056e-07 -8.748408727921851e-08 0)
(5.176351065499063e-07 -1.082361080053011e-07 0)
(5.026283709177718e-07 -9.664475394166909e-08 0)
(4.941160734874196e-07 -9.034107997304621e-08 0)
(4.906758315493947e-07 -8.803642025371211e-08 0)
(4.909794173020685e-07 -8.82947876753236e-08 0)
(4.941477261151304e-07 -9.029028723842347e-08 0)
(4.995522264187793e-07 -9.347698817146336e-08 0)
(5.068670810724758e-07 -9.73276774696343e-08 0)
(5.154510314938021e-07 -1.019156955010884e-07 0)
(5.257391631859265e-07 -1.065613934648307e-07 0)
(4.808838167296926e-07 -1.215994713159211e-07 0)
(4.633304801144119e-07 -1.121655119466611e-07 0)
(4.531536549881635e-07 -1.07338660225165e-07 0)
(4.485527180614141e-07 -1.061873931068568e-07 0)
(4.480147595199372e-07 -1.073384611999242e-07 0)
(4.505636934204142e-07 -1.100641119449702e-07 0)
(4.555686262211025e-07 -1.139145012255881e-07 0)
(4.624501429346925e-07 -1.183998723235195e-07 0)
(4.709142661944338e-07 -1.23511750398535e-07 0)
(4.80410942303499e-07 -1.286902807647715e-07 0)
(7.594147455813779e-07 -4.193238973682657e-09 0)
(7.734103991421331e-07 -4.374814202248166e-09 0)
(7.881944607817362e-07 -4.528227122365968e-09 0)
(8.036996087065228e-07 -4.661134922793822e-09 0)
(8.198577477878233e-07 -4.777421232365558e-09 0)
(8.366509640826587e-07 -4.87168737359925e-09 0)
(8.539881789538978e-07 -4.923273974827591e-09 0)
(8.717922430750058e-07 -4.96555198856951e-09 0)
(8.900752452890953e-07 -5.023342966516912e-09 0)
(9.088179708423945e-07 -5.067229824793319e-09 0)
(9.279507609809999e-07 -5.078850656410519e-09 0)
(9.474334031991876e-07 -5.060671899937671e-09 0)
(9.672341102776471e-07 -5.01872779482631e-09 0)
(9.873227828811681e-07 -4.963781609426411e-09 0)
(1.007674491035132e-06 -4.898925860210957e-09 0)
(1.028265111412419e-06 -4.811704504956056e-09 0)
(1.04906102598136e-06 -4.687484218640727e-09 0)
(1.070034449122696e-06 -4.518381613201441e-09 0)
(1.091134095235622e-06 -4.309169677899112e-09 0)
(1.112328161814664e-06 -4.063850130724851e-09 0)
(7.524231195463372e-07 -1.281634888311733e-08 0)
(7.669684194476167e-07 -1.333358859556266e-08 0)
(7.822454796329128e-07 -1.377412567402079e-08 0)
(7.982127848501507e-07 -1.414238648085158e-08 0)
(8.147923398066463e-07 -1.442047635129113e-08 0)
(8.319314936722887e-07 -1.46582449333371e-08 0)
(8.495960819052356e-07 -1.486281889854533e-08 0)
(8.677411581130527e-07 -1.504656816406918e-08 0)
(8.863438880907262e-07 -1.519347511703855e-08 0)
(9.053527253109431e-07 -1.525673507977625e-08 0)
(9.247221284516301e-07 -1.525206233434042e-08 0)
(9.444407498765965e-07 -1.520808881863202e-08 0)
(9.64484749298946e-07 -1.512032252299634e-08 0)
(9.84814408353073e-07 -1.497482181490462e-08 0)
(1.005394387263075e-06 -1.475847183734821e-08 0)
(1.026199609964984e-06 -1.445843193168752e-08 0)
(1.047197945837234e-06 -1.406122603414962e-08 0)
(1.068352636621988e-06 -1.355711108226716e-08 0)
(1.089638020276478e-06 -1.294621024388346e-08 0)
(1.110969998171001e-06 -1.222437153091529e-08 0)
(7.387753799313372e-07 -2.212158745032046e-08 0)
(7.544421588679382e-07 -2.286638532961124e-08 0)
(7.707088069198946e-07 -2.346955261668434e-08 0)
(7.874982410262222e-07 -2.399539966904959e-08 0)
(8.048455896499946e-07 -2.442189037393542e-08 0)
(8.227294078595769e-07 -2.480087055045924e-08 0)
(8.410887806793739e-07 -2.51140323642982e-08 0)
(8.598381485332741e-07 -2.536143869292099e-08 0)
(8.789893806548892e-07 -2.553345064071177e-08 0)
(8.98504007335305e-07 -2.560376505472903e-08 0)
(9.183623693359444e-07 -2.560585315032441e-08 0)
(9.385486403728457e-07 -2.555546572814864e-08 0)
(9.590207265806094e-07 -2.541830152426031e-08 0)
(9.797371612318945e-07 -2.516419785449025e-08 0)
(1.000679195074586e-06 -2.478468134096358e-08 0)
(1.021847912867402e-06 -2.427330455794449e-08 0)
(1.043209807002345e-06 -2.36109471618762e-08 0)
(1.064743911171636e-06 -2.278333613821997e-08 0)
(1.08640467149567e-06 -2.178334128951177e-08 0)
(1.108127298978936e-06 -2.059247703971858e-08 0)
(7.188155892275064e-07 -3.245955643227684e-08 0)
(7.360169966374866e-07 -3.323784337456492e-08 0)
(7.537031907958659e-07 -3.384688408215631e-08 0)
(7.717776601030418e-07 -3.441498796401424e-08 0)
(7.90311595916775e-07 -3.490502231189644e-08 0)
(8.092407087864001e-07 -3.535677126079129e-08 0)
(8.285603988934592e-07 -3.571642077749191e-08 0)
(8.482008249680424e-07 -3.599728018246273e-08 0)
(8.682152804351474e-07 -3.618545730189579e-08 0)
(8.885452811734438e-07 -3.626017628414563e-08 0)
(9.091573568636277e-07 -3.624647305696652e-08 0)
(9.300308580404598e-07 -3.614168239301677e-08 0)
(9.511368461788825e-07 -3.590569199351423e-08 0)
(9.724556099941433e-07 -3.551826771889681e-08 0)
(9.939782193365393e-07 -3.498479207491203e-08 0)
(1.015702294864419e-06 -3.428096441679118e-08 0)
(1.037592829364248e-06 -3.338290092229177e-08 0)
(1.059649642143873e-06 -3.225895342951934e-08 0)
(1.081787180618643e-06 -3.08875220779118e-08 0)
(1.104017892498259e-06 -2.927454180813728e-08 0)
(6.931224860543153e-07 -4.410764460218928e-08 0)
(7.123299301874648e-07 -4.468737188867224e-08 0)
(7.318454736852854e-07 -4.51526513619384e-08 0)
(7.515068504820932e-07 -4.565970416978218e-08 0)
(7.715168429591841e-07 -4.610180051557851e-08 0)
(7.917904957965346e-07 -4.652855168640271e-08 0)
(8.123667218236052e-07 -4.685492677053979e-08 0)
(8.331864426371632e-07 -4.712058285594046e-08 0)
(8.542679878747202e-07 -4.727794199741241e-08 0)
(8.755808108439722e-07 -4.730463387803025e-08 0)
(8.971285721958848e-07 -4.723326924917451e-08 0)
(9.189019945484976e-07 -4.70532514371153e-08 0)
(9.408698883061143e-07 -4.671483853338599e-08 0)
(9.630096603753064e-07 -4.619503079573434e-08 0)
(9.853245238472049e-07 -4.549926297293506e-08 0)
(1.007779516291163e-06 -4.459347215342511e-08 0)
(1.030388733022723e-06 -4.345603258398379e-08 0)
(1.053105729693109e-06 -4.20515993109949e-08 0)
(1.075930549309869e-06 -4.033302084548456e-08 0)
(1.098815057099957e-06 -3.834286318355522e-08 0)
(6.623289049750776e-07 -5.735021604143812e-08 0)
(6.838186733614889e-07 -5.744080421778183e-08 0)
(7.055214716427548e-07 -5.751956703049708e-08 0)
(7.271435867939252e-07 -5.779762848619788e-08 0)
(7.489772769465579e-07 -5.806596007741558e-08 0)
(7.709177980152258e-07 -5.837531282020297e-08 0)
(7.929539929423619e-07 -5.85820979097407e-08 0)
(8.151639190692252e-07 -5.873462779286638e-08 0)
(8.375432940929869e-07 -5.880117255529724e-08 0)
(8.600801279707509e-07 -5.875519268781949e-08 0)
(8.827863718904569e-07 -5.861365290777938e-08 0)
(9.056513721320413e-07 -5.834601066706809e-08 0)
(9.286453891569836e-07 -5.789066590407348e-08 0)
(9.517471130807694e-07 -5.722741663402718e-08 0)
(9.749811566817459e-07 -5.635469076617642e-08 0)
(9.983140690409813e-07 -5.524748176175452e-08 0)
(1.021791294388154e-06 -5.387525181806496e-08 0)
(1.045318943671475e-06 -5.221509854812061e-08 0)
(1.068978816020366e-06 -5.019784461438918e-08 0)
(1.092668665666439e-06 -4.785901349472641e-08 0)
(6.273160095806357e-07 -7.225683892209875e-08 0)
(6.513746150386288e-07 -7.158960918043975e-08 0)
(6.755309888216364e-07 -7.106501164336436e-08 0)
(6.993448590904056e-07 -7.092485842606317e-08 0)
(7.231554341397503e-07 -7.085402735930439e-08 0)
(7.469403068488531e-07 -7.088488705223289e-08 0)
(7.706691123162201e-07 -7.089897552336578e-08 0)
(7.944500503336218e-07 -7.088859011916479e-08 0)
(8.183106594974167e-07 -7.082681431420404e-08 0)
(8.422637353759214e-07 -7.068148291325852e-08 0)
(8.663078500985078e-07 -7.043785135541979e-08 0)
(8.904217179792018e-07 -7.004571685382142e-08 0)
(9.145899656507809e-07 -6.944305380460858e-08 0)
(9.388166072965731e-07 -6.862021952797541e-08 0)
(9.631262024597378e-07 -6.757166400537121e-08 0)
(9.875057366634982e-07 -6.628017193371338e-08 0)
(1.011998303492317e-06 -6.469945856894117e-08 0)
(1.036517135700733e-06 -6.280363231194654e-08 0)
(1.061123560852123e-06 -6.05144593534461e-08 0)
(1.08573782071732e-06 -5.785134157107229e-08 0)
(5.887443695722546e-07 -8.897642121964199e-08 0)
(6.154928337844531e-07 -8.715588378703705e-08 0)
(6.422874168853959e-07 -8.575428431829482e-08 0)
(6.684938510007643e-07 -8.496590818583962e-08 0)
(6.945478483809993e-07 -8.442186585192732e-08 0)
(7.203354018289981e-07 -8.406693984425709e-08 0)
(7.460015938950913e-07 -8.379926831735045e-08 0)
(7.715674056668449e-07 -8.356890591396464e-08 0)
(7.970846551073921e-07 -8.333078239753114e-08 0)
(8.225855942034976e-07 -8.303789658100188e-08 0)
(8.480763824281564e-07 -8.264797101781318e-08 0)
(8.735504325707221e-07 -8.210152807445413e-08 0)
(8.990135795942747e-07 -8.134412216120871e-08 0)
(9.245014603490721e-07 -8.03693416632588e-08 0)
(9.500341783228245e-07 -7.916527860480325e-08 0)
(9.756080176585834e-07 -7.770956325317777e-08 0)
(1.001235504048351e-06 -7.594227208610629e-08 0)
(1.026872186169141e-06 -7.382790403099178e-08 0)
(1.052547717313938e-06 -7.127523613964911e-08 0)
(1.078199370554676e-06 -6.829861392002054e-08 0)
(5.473033338873597e-07 -1.074085010747922e-07 0)
(5.768960941587235e-07 -1.042202807878909e-07 0)
(6.064918565049175e-07 -1.017959150445108e-07 0)
(6.352425173793461e-07 -1.001408712382521e-07 0)
(6.636754903712546e-07 -9.891807384653746e-08 0)
(6.916494693616834e-07 -9.802755348529362e-08 0)
(7.193521246810264e-07 -9.734334258535753e-08 0)
(7.468134480098651e-07 -9.678469109612823e-08 0)
(7.741078076456321e-07 -9.629152271675318e-08 0)
(8.01270145372444e-07 -9.578960807122335e-08 0)
(8.283163793068582e-07 -9.521438831406898e-08 0)
(8.552692360487462e-07 -9.450169924740942e-08 0)
(8.821587431908154e-07 -9.360050568532232e-08 0)
(9.090343108608347e-07 -9.249504344936062e-08 0)
(9.359084742565075e-07 -9.115949946109616e-08 0)
(9.627873850151394e-07 -8.955654982279758e-08 0)
(9.896696705060921e-07 -8.761409046113627e-08 0)
(1.016515109484643e-06 -8.528685035734337e-08 0)
(1.04337590252728e-06 -8.248570810254004e-08 0)
(1.070189545412222e-06 -7.921349781705439e-08 0)
(5.039737956034558e-07 -1.27494150611291e-07 0)
(5.372635548873979e-07 -1.219212010713e-07 0)
(5.699800089640481e-07 -1.181949667378653e-07 0)
(6.015200185812864e-07 -1.155508585148414e-07 0)
(6.323278496491347e-07 -1.136415727535123e-07 0)
(6.625410775685358e-07 -1.122088788669346e-07 0)
(6.92262515283499e-07 -1.110921796193612e-07 0)
(7.21607804620114e-07 -1.101870441805078e-07 0)
(7.506704960888399e-07 -1.09420906868432e-07 0)
(7.794930771060222e-07 -1.086971134573789e-07 0)
(8.081070107237743e-07 -1.079391442902175e-07 0)
(8.365570440461598e-07 -1.070780890792754e-07 0)
(8.64890109424856e-07 -1.060574975067642e-07 0)
(8.931587511664775e-07 -1.048478137714367e-07 0)
(9.213707933579629e-07 -1.034094042530286e-07 0)
(9.495466072738697e-07 -1.016889489893723e-07 0)
(9.776954440006638e-07 -9.96122718066973e-08 0)
(1.005781360908232e-06 -9.710158289060698e-08 0)
(1.033870102754467e-06 -9.408875225138535e-08 0)
(1.061917351310125e-06 -9.053664927712872e-08 0)
(4.686227136833361e-07 -1.500710243074355e-07 0)
(5.056020533376151e-07 -1.416045780787927e-07 0)
(5.410025368164819e-07 -1.36309417080055e-07 0)
(5.750969711623901e-07 -1.323227869094318e-07 0)
(6.080284144140511e-07 -1.294274319993586e-07 0)
(6.40105369749686e-07 -1.272204633813877e-07 0)
(6.714633882824641e-07 -1.254896508713898e-07 0)
(7.022866653866227e-07 -1.240968781647148e-07 0)
(7.326826880047138e-07 -1.229272019232607e-07 0)
(7.627143174852616e-07 -1.218585679585682e-07 0)
(7.924441970351617e-07 -1.208074691659005e-07 0)
(8.219386595127726e-07 -1.197032022012419e-07 0)
(8.512556189950337e-07 -1.184789430540648e-07 0)
(8.804475306455337e-07 -1.170896684874437e-07 0)
(9.09515608062924e-07 -1.154884555614408e-07 0)
(9.385004283571882e-07 -1.135998609094956e-07 0)
(9.674019080534312e-07 -1.113693566816278e-07 0)
(9.9624004382718e-07 -1.086760185517567e-07 0)
(1.025055090235049e-06 -1.054715388427712e-07 0)
(1.053812492438086e-06 -1.016595354999884e-07 0)
(4.501518050811229e-07 -1.701611062766918e-07 0)
(4.876788527387315e-07 -1.612508188603581e-07 0)
(5.235622903515898e-07 -1.548856928813386e-07 0)
(5.584779852216447e-07 -1.499022784702481e-07 0)
(5.923295900619362e-07 -1.461000744091406e-07 0)
(6.25306989038482e-07 -1.431130688024332e-07 0)
(6.57542769312861e-07 -1.407183829553578e-07 0)
(6.89179883539847e-07 -1.387559769841964e-07 0)
(7.203059897971868e-07 -1.370817369594593e-07 0)
(7.509928008703327e-07 -1.355680406192751e-07 0)
(7.813194007584469e-07 -1.341305367870523e-07 0)
(8.113574382380273e-07 -1.326915323996017e-07 0)
(8.411631515899731e-07 -1.311716600417508e-07 0)
(8.707837164231636e-07 -1.295146323556948e-07 0)
(9.002203769141971e-07 -1.276707705876445e-07 0)
(9.295422666246263e-07 -1.25542990822857e-07 0)
(9.587176219517342e-07 -1.231047009380518e-07 0)
(9.878172317405904e-07 -1.202083712675791e-07 0)
(1.016850639785753e-06 -1.168088219577484e-07 0)
(1.045783217216137e-06 -1.127711679563834e-07 0)
(4.360856257347636e-07 -1.884364967344899e-07 0)
(4.731368939829536e-07 -1.796295587970584e-07 0)
(5.091375851257914e-07 -1.728713744464351e-07 0)
(5.443732117224485e-07 -1.673415513175835e-07 0)
(5.787078846566913e-07 -1.629042129176365e-07 0)
(6.122347776994131e-07 -1.592854081039684e-07 0)
(6.450533247554079e-07 -1.562992019685262e-07 0)
(6.772475764759744e-07 -1.537881599000675e-07 0)
(7.088921629320677e-07 -1.516121444473553e-07 0)
(7.400613756835571e-07 -1.496504700924318e-07 0)
(7.708352962333308e-07 -1.478190182700103e-07 0)
(8.012812723038092e-07 -1.460333345964077e-07 0)
(8.314522705710479e-07 -1.442025694248658e-07 0)
(8.613924556699752e-07 -1.422651668598609e-07 0)
(8.911032968659229e-07 -1.401711457987881e-07 0)
(9.206712065424767e-07 -1.378070803672886e-07 0)
(9.500623074403377e-07 -1.351617867440055e-07 0)
(9.793558332817542e-07 -1.320819059058852e-07 0)
(1.008540219480507e-06 -1.285138868753743e-07 0)
(1.037622770904766e-06 -1.243135224821455e-07 0)
(4.242640411334111e-07 -2.062341823219283e-07 0)
(4.607982060682021e-07 -1.976254249285158e-07 0)
(4.965757620215956e-07 -1.906276669944889e-07 0)
(5.318275545310489e-07 -1.846761620786822e-07 0)
(5.66315596278452e-07 -1.797153601051165e-07 0)
(6.001334484467346e-07 -1.755501118844536e-07 0)
(6.333006088476739e-07 -1.720277254401304e-07 0)
(6.65864988324543e-07 -1.690030508497869e-07 0)
(6.978875667543746e-07 -1.663494286886982e-07 0)
(7.294320479487081e-07 -1.639561880428653e-07 0)
(7.605664569171153e-07 -1.617421294373162e-07 0)
(7.91347366720136e-07 -1.596167190504566e-07 0)
(8.218252651617657e-07 -1.574791744754854e-07 0)
(8.520423845766162e-07 -1.552675519016856e-07 0)
(8.820036647783138e-07 -1.52927129622413e-07 0)
(9.117912579945816e-07 -1.503420818353558e-07 0)
(9.413820191237582e-07 -1.475081490976318e-07 0)
(9.708587467773439e-07 -1.44267519435221e-07 0)
(1.000186045487628e-06 -1.405649514884586e-07 0)
(1.02944690502495e-06 -1.36273563288663e-07 0)
(4.142576377552607e-07 -2.231845086525953e-07 0)
(4.502337779387247e-07 -2.148837813994092e-07 0)
(4.856603741227448e-07 -2.078679324325436e-07 0)
(5.207305694327983e-07 -2.016931055095582e-07 0)
(5.551926352107788e-07 -1.96376263128373e-07 0)
(5.891099679355491e-07 -1.91791635522909e-07 0)
(6.224423791710874e-07 -1.878164363764495e-07 0)
(6.552241230986994e-07 -1.843390873372412e-07 0)
(6.874998060736831e-07 -1.812529267769988e-07 0)
(7.193161847668858e-07 -1.784590502931254e-07 0)
(7.50724357399465e-07 -1.758817576467255e-07 0)
(7.817653378784137e-07 -1.734272260700132e-07 0)
(8.124873060858802e-07 -1.709892665522418e-07 0)
(8.429289457371974e-07 -1.685130424041595e-07 0)
(8.730991235289421e-07 -1.659354442123423e-07 0)
(9.030788573372693e-07 -1.631466501127705e-07 0)
(9.328397806793054e-07 -1.601405038111217e-07 0)
(9.624725320570955e-07 -1.567600116490321e-07 0)
(9.919448650805672e-07 -1.529591124862187e-07 0)
(1.021382909004076e-06 -1.486422473093067e-07 0)
(4.056146172833449e-07 -2.395664313308448e-07 0)
(4.410543616343676e-07 -2.315778784150355e-07 0)
(4.761148255038293e-07 -2.246226497006049e-07 0)
(5.108932917685385e-07 -2.183376182923887e-07 0)
(5.45226482515729e-07 -2.127842319481317e-07 0)
(5.791014147859957e-07 -2.078776646429518e-07 0)
(6.124695825373609e-07 -2.035325207529372e-07 0)
(6.453558723877666e-07 -1.996754174604714e-07 0)
(6.777838848669754e-07 -1.962140641592885e-07 0)
(7.097809478822471e-07 -1.930618412347859e-07 0)
(7.413819478076354e-07 -1.9015130932578e-07 0)
(7.726116251209477e-07 -1.873888175148845e-07 0)
(8.035167244667436e-07 -1.846668825136409e-07 0)
(8.3413125300227e-07 -1.81941698443437e-07 0)
(8.644633061993085e-07 -1.791392122127488e-07 0)
(8.945954037876299e-07 -1.761705178849615e-07 0)
(9.244976240338266e-07 -1.730132812744737e-07 0)
(9.542593286378276e-07 -1.695219075063306e-07 0)
(9.838833827453421e-07 -1.656684016956543e-07 0)
(1.013458234807452e-06 -1.613710709210131e-07 0)
(3.981234134144165e-07 -2.554382505415122e-07 0)
(4.330631487682845e-07 -2.477639523714011e-07 0)
(4.67736257172932e-07 -2.409208519954626e-07 0)
(5.021971152540555e-07 -2.34609911286761e-07 0)
(5.363215710089619e-07 -2.289120847895632e-07 0)
(5.700579910517469e-07 -2.237662284272607e-07 0)
(6.03372117875142e-07 -2.191317401054644e-07 0)
(6.362735119536292e-07 -2.149650903142404e-07 0)
(6.687640544309456e-07 -2.111827394616726e-07 0)
(7.008553160107298e-07 -2.077128152721297e-07 0)
(7.325698352156234e-07 -2.044987632160466e-07 0)
(7.639177858300316e-07 -2.014503356467245e-07 0)
(7.949445133077761e-07 -1.984639721569099e-07 0)
(8.256779928059433e-07 -1.955118329763651e-07 0)
(8.561299972813495e-07 -1.925016327313608e-07 0)
(8.863743137449187e-07 -1.893727169764233e-07 0)
(9.163891444644256e-07 -1.860900393236271e-07 0)
(9.462631337934262e-07 -1.825236505250283e-07 0)
(9.760239736906828e-07 -1.78660721968255e-07 0)
(1.005686864499627e-06 -1.744020278250262e-07 0)
(3.915946301236369e-07 -2.708929242828757e-07 0)
(4.260978601805456e-07 -2.635110825257812e-07 0)
(4.603701402502105e-07 -2.568050043901742e-07 0)
(4.945057036751952e-07 -2.505200284440301e-07 0)
(5.28359233442977e-07 -2.447383403668945e-07 0)
(5.618992133773273e-07 -2.394226723539779e-07 0)
(5.950939739274167e-07 -2.34569563958065e-07 0)
(6.279360853843751e-07 -2.301543563346285e-07 0)
(6.604096982865973e-07 -2.260999158412956e-07 0)
(6.925186195032949e-07 -2.223518124615162e-07 0)
(7.242775207363238e-07 -2.188659999451596e-07 0)
(7.556852299584865e-07 -2.155570332276464e-07 0)
(7.867848937536582e-07 -2.123272659984783e-07 0)
(8.175940488972597e-07 -2.091691956878132e-07 0)
(8.481317762792648e-07 -2.059771244652098e-07 0)
(8.784629419633046e-07 -2.027094290454085e-07 0)
(9.085723921556091e-07 -1.993330029207513e-07 0)
(9.385520854423533e-07 -1.957296960677621e-07 0)
(9.68407234773832e-07 -1.918873728191028e-07 0)
(9.981546957558618e-07 -1.876847055398432e-07 0)
(3.858500953253769e-07 -2.859912960137654e-07 0)
(4.199392650314356e-07 -2.788761445073815e-07 0)
(4.538375548318286e-07 -2.723155933860453e-07 0)
(4.876335005499482e-07 -2.660840059287632e-07 0)
(5.21195840477972e-07 -2.602609852040311e-07 0)
(5.545157882743087e-07 -2.54832167615171e-07 0)
(5.875511306841159e-07 -2.498159825651484e-07 0)
(6.20284357860427e-07 -2.452017697476536e-07 0)
(6.526863592580918e-07 -2.409188458002369e-07 0)
(6.847606346820176e-07 -2.36930526928318e-07 0)
(7.165148315916499e-07 -2.332052553742985e-07 0)
(7.47940161199192e-07 -2.296642822661683e-07 0)
(7.790766467652684e-07 -2.262186135083738e-07 0)
(8.099314018619951e-07 -2.228771366576373e-07 0)
(8.40527667374768e-07 -2.195308723447164e-07 0)
(8.709261267872991e-07 -2.161572687410819e-07 0)
(9.011165534203134e-07 -2.127169448911685e-07 0)
(9.311846025689066e-07 -2.091061726554058e-07 0)
(9.610923032537761e-07 -2.052990597967328e-07 0)
(9.909469161446688e-07 -2.011920610988212e-07 0)
(3.807556640216529e-07 -3.007757626771673e-07 0)
(4.144393849040611e-07 -2.939086988297312e-07 0)
(4.479932540395625e-07 -2.874901328611529e-07 0)
(4.814499465423381e-07 -2.813246670086027e-07 0)
(5.147353114917547e-07 -2.754937632869661e-07 0)
(5.478310314473907e-07 -2.699934868615827e-07 0)
(5.806860254895979e-07 -2.648553767103719e-07 0)
(6.132824793622439e-07 -2.600822461475912e-07 0)
(6.45579547125755e-07 -2.556104386607828e-07 0)
(6.775855120547859e-07 -2.514177578880643e-07 0)
(7.09298415108921e-07 -2.474847022270767e-07 0)
(7.407075222651786e-07 -2.437394015231058e-07 0)
(7.718484459449228e-07 -2.401063542597329e-07 0)
(8.027231901737507e-07 -2.36605928481374e-07 0)
(8.333463471264004e-07 -2.331366445060031e-07 0)
(8.638002478534147e-07 -2.296753503365322e-07 0)
(8.94050547977952e-07 -2.262060430527947e-07 0)
(9.241591217402408e-07 -2.226091597071523e-07 0)
(9.541134906671635e-07 -2.188570643214576e-07 0)
(9.840470583247266e-07 -2.148956152206913e-07 0)
(3.761780869807424e-07 -3.152866709871986e-07 0)
(4.094923868279731e-07 -3.086473088292668e-07 0)
(4.427179986706332e-07 -3.023621395000124e-07 0)
(4.758691043154268e-07 -2.962734542345566e-07 0)
(5.089014866815791e-07 -2.904601032628096e-07 0)
(5.417745689844576e-07 -2.849162357399102e-07 0)
(5.744378714496546e-07 -2.796873846509545e-07 0)
(6.06880177585742e-07 -2.747871196722342e-07 0)
(6.39049976490093e-07 -2.701605963617475e-07 0)
(6.709638668351986e-07 -2.657941880434864e-07 0)
(7.026083941567083e-07 -2.61682747748579e-07 0)
(7.339753630771651e-07 -2.577606014532575e-07 0)
(7.650974786390858e-07 -2.539665963852711e-07 0)
(7.959738631139991e-07 -2.503315073292762e-07 0)
(8.266189049544395e-07 -2.467609219004142e-07 0)
(8.570943072860362e-07 -2.432410782198109e-07 0)
(8.873642660414353e-07 -2.397633551478881e-07 0)
(9.174907032441641e-07 -2.361888286940639e-07 0)
(9.475104468811287e-07 -2.325261763220993e-07 0)
(9.774615091791392e-07 -2.2873020928165e-07 0)
(3.720285707214594e-07 -3.295641000878774e-07 0)
(4.050151931205646e-07 -3.231276968704046e-07 0)
(4.379377926410285e-07 -3.169719282175026e-07 0)
(4.708245947852753e-07 -3.109693763729506e-07 0)
(5.036173000146877e-07 -3.051844951309178e-07 0)
(5.362662865226856e-07 -2.996153207709155e-07 0)
(5.687308456344998e-07 -2.943197097593625e-07 0)
(6.010087824665993e-07 -2.89316728977401e-07 0)
(6.330441320896478e-07 -2.845637377818575e-07 0)
(6.648572787680974e-07 -2.800476700201159e-07 0)
(6.964270362888348e-07 -2.757809227784997e-07 0)
(7.277463199295342e-07 -2.717060430099646e-07 0)
(7.588445217060954e-07 -2.677757245931738e-07 0)
(7.897170956757851e-07 -2.640319437361023e-07 0)
(8.203713689184975e-07 -2.603863824996965e-07 0)
(8.508571396411463e-07 -2.568316559494789e-07 0)
(8.811350626742508e-07 -2.533441412850851e-07 0)
(9.112770757456467e-07 -2.49814441136612e-07 0)
(9.413348265965186e-07 -2.462777349382573e-07 0)
(9.712979095029557e-07 -2.426409996929829e-07 0)
(3.682778923469086e-07 -3.436389172058508e-07 0)
(4.009654193422156e-07 -3.373872817832962e-07 0)
(4.336194436552852e-07 -3.313617249388956e-07 0)
(4.662577231192176e-07 -3.254444538983405e-07 0)
(4.988091694754251e-07 -3.196924258793409e-07 0)
(5.312371291189598e-07 -3.141032887146731e-07 0)
(5.635147511739912e-07 -3.087573252404256e-07 0)
(5.95634890074866e-07 -3.036700542143082e-07 0)
(6.27552565365917e-07 -2.98814280067681e-07 0)
(6.592737278283064e-07 -2.941745301854091e-07 0)
(6.907763729811552e-07 -2.897803411289451e-07 0)
(7.220484783184748e-07 -2.855813026106637e-07 0)
(7.531151457345413e-07 -2.815400409946675e-07 0)
(7.83969706034291e-07 -2.777083737668088e-07 0)
(8.146124349570639e-07 -2.740020441678913e-07 0)
(8.450866036823401e-07 -2.704154799990992e-07 0)
(8.753493149890317e-07 -2.669334126591827e-07 0)
(9.055141771753012e-07 -2.634721263288133e-07 0)
(9.355387225869313e-07 -2.600698222471591e-07 0)
(9.655328081369872e-07 -2.566208001932134e-07 0)
(3.648816622878646e-07 -3.575372458286146e-07 0)
(3.9729945604631e-07 -3.514641935803585e-07 0)
(4.297059541829569e-07 -3.455583358806284e-07 0)
(4.620938914747628e-07 -3.397141203645263e-07 0)
(4.944207750760258e-07 -3.339907225508368e-07 0)
(5.26652209207388e-07 -3.28391996951992e-07 0)
(5.587728098131041e-07 -3.230163115678368e-07 0)
(5.907465040585287e-07 -3.178705901921695e-07 0)
(6.225552790175354e-07 -3.129348057809495e-07 0)
(6.541788786457303e-07 -3.081928566301463e-07 0)
(6.856060035812192e-07 -3.036857301040319e-07 0)
(7.16824941782732e-07 -2.993737527324877e-07 0)
(7.478567504761615e-07 -2.9523206912344e-07 0)
(7.786882828913867e-07 -2.913214270657495e-07 0)
(8.093094900063006e-07 -2.875579253890771e-07 0)
(8.397614186132112e-07 -2.839433250536509e-07 0)
(8.700086311095293e-07 -2.804797446970576e-07 0)
(9.001650717512799e-07 -2.771030805557519e-07 0)
(9.30157674902747e-07 -2.738214180072892e-07 0)
(9.6014590338529e-07 -2.706095373454221e-07 0)
(3.617632019094584e-07 -3.712940382356291e-07 0)
(3.93934482881831e-07 -3.65388851850217e-07 0)
(4.261013714031669e-07 -3.595773595809655e-07 0)
(4.582598390199787e-07 -3.537936373392801e-07 0)
(4.903953753510133e-07 -3.48099157143737e-07 0)
(5.224502879084406e-07 -3.425114379545174e-07 0)
(5.544312293387769e-07 -3.371153348124947e-07 0)
(5.862690067993406e-07 -3.319242321923425e-07 0)
(6.179778930265415e-07 -3.269114334573168e-07 0)
(6.495286349811238e-07 -3.220790085800263e-07 0)
(6.80906461680444e-07 -3.174809864904986e-07 0)
(7.120943653842963e-07 -3.130801200504399e-07 0)
(7.431085004216838e-07 -3.088567378154147e-07 0)
(7.739253304907855e-07 -3.048765329917376e-07 0)
(8.045249953533146e-07 -3.010587331609388e-07 0)
(8.349543615037531e-07 -2.974195260598243e-07 0)
(8.652002193074092e-07 -2.939820480841984e-07 0)
(8.953104204284463e-07 -2.906899013074051e-07 0)
(9.253124005403175e-07 -2.875534308598501e-07 0)
(9.552641506574671e-07 -2.845731153101448e-07 0)
(3.58830231094192e-07 -3.849444821169238e-07 0)
(3.907708171589522e-07 -3.791703815984388e-07 0)
(4.227223617086885e-07 -3.734351836382117e-07 0)
(4.546879119459398e-07 -3.677137372741264e-07 0)
(4.866604855185892e-07 -3.620538912842995e-07 0)
(5.18571439736138e-07 -3.564827093900081e-07 0)
(5.504334826810069e-07 -3.510669487763496e-07 0)
(5.821836260938522e-07 -3.458461116723413e-07 0)
(6.13806483540816e-07 -3.407800266255366e-07 0)
(6.452900126656674e-07 -3.358730473363696e-07 0)
(6.766257547528914e-07 -3.311932944736922e-07 0)
(7.077897209696999e-07 -3.26712324317945e-07 0)
(7.387853877858245e-07 -3.224118435256185e-07 0)
(7.695829800542066e-07 -3.183545091242312e-07 0)
(8.001695402725327e-07 -3.144756467968633e-07 0)
(8.305981796307446e-07 -3.108192934527683e-07 0)
(8.608386586872924e-07 -3.074137826021041e-07 0)
(8.909159911453852e-07 -3.041820576669526e-07 0)
(9.20894628432431e-07 -3.012092112596959e-07 0)
(9.508361982785042e-07 -2.984785680621208e-07 0)
(3.559888781611118e-07 -3.985049651155494e-07 0)
(3.877424036103726e-07 -3.928413928231755e-07 0)
(4.195161642689417e-07 -3.871702908144884e-07 0)
(4.513206734602573e-07 -3.815072677505268e-07 0)
(4.831489929171181e-07 -3.758773696901324e-07 0)
(5.149587855797176e-07 -3.703202136454221e-07 0)
(5.467093836964956e-07 -3.649002971332553e-07 0)
(5.783828962463805e-07 -3.59644488932552e-07 0)
(6.099498880615531e-07 -3.54522867755248e-07 0)
(6.414041135386611e-07 -3.495562775232311e-07 0)
(6.72726852067653e-07 -3.448136762248096e-07 0)
(7.038834266436375e-07 -3.402568959041461e-07 0)
(7.348750770079475e-07 -3.358714291848788e-07 0)
(7.656750494952423e-07 -3.317422272085078e-07 0)
(7.962782061107246e-07 -3.278213664850821e-07 0)
(8.267401956055419e-07 -3.24139529007635e-07 0)
(8.569739644680725e-07 -3.207269935924879e-07 0)
(8.870661414788967e-07 -3.175613678037576e-07 0)
(9.169793773203192e-07 -3.147596509372442e-07 0)
(9.469203897641944e-07 -3.122721164948188e-07 0)
(3.532412918455136e-07 -4.119826449792549e-07 0)
(3.847963892005366e-07 -4.064286234859499e-07 0)
(4.164187464232711e-07 -4.008099881905909e-07 0)
(4.481119519007916e-07 -3.951940633731066e-07 0)
(4.798406725354465e-07 -3.896131745309527e-07 0)
(5.115580867964098e-07 -3.840643233932068e-07 0)
(5.432366471147782e-07 -3.786294168115076e-07 0)
(5.748569737065937e-07 -3.733496770530474e-07 0)
(6.063968981142908e-07 -3.681930949121206e-07 0)
(6.378472881241912e-07 -3.631734833499124e-07 0)
(6.691731708877311e-07 -3.583625524523568e-07 0)
(7.003312369391164e-07 -3.537383454143721e-07 0)
(7.313423126271623e-07 -3.492851724725825e-07 0)
(7.621995504157131e-07 -3.450782683014991e-07 0)
(7.928690591026738e-07 -3.410941948206557e-07 0)
(8.233545935269455e-07 -3.373890655208798e-07 0)
(8.535970074048711e-07 -3.339640610797233e-07 0)
(8.837604277835983e-07 -3.308350843835837e-07 0)
(9.137085188814768e-07 -3.281733247539802e-07 0)
(9.43569196560904e-07 -3.259737783541966e-07 0)
(3.504763862126828e-07 -4.25443422038094e-07 0)
(3.818642658822449e-07 -4.199529095409147e-07 0)
(4.133942369019124e-07 -4.143875500893639e-07 0)
(4.449967586134707e-07 -4.088229652831625e-07 0)
(4.766402233949799e-07 -4.032569136829166e-07 0)
(5.082828754234705e-07 -3.977189984929788e-07 0)
(5.399219978429477e-07 -3.92273849211298e-07 0)
(5.715349891585838e-07 -3.869635390085708e-07 0)
(6.030792967889611e-07 -3.817698907616317e-07 0)
(6.345255246080303e-07 -3.767125286264671e-07 0)
(6.658636720022098e-07 -3.718453189852925e-07 0)
(6.970853036104407e-07 -3.671359606221608e-07 0)
(7.281819817602177e-07 -3.626083326801616e-07 0)
(7.590940033563252e-07 -3.583665136328991e-07 0)
(7.898295647761227e-07 -3.543166496754254e-07 0)
(8.204303657524966e-07 -3.505107591641668e-07 0)
(8.508208652186966e-07 -3.470798255375002e-07 0)
(8.810188249491694e-07 -3.439858564835981e-07 0)
(9.110474047163901e-07 -3.413875527320304e-07 0)
(9.409129882669099e-07 -3.394345260054172e-07 0)
(3.477041179051942e-07 -4.388482959914841e-07 0)
(3.789949148573518e-07 -4.33438964107396e-07 0)
(4.104370674645761e-07 -4.279333085612656e-07 0)
(4.419600914512685e-07 -4.2240305711086e-07 0)
(4.735430533162847e-07 -4.168461914692936e-07 0)
(5.051704171662321e-07 -4.112971901886453e-07 0)
(5.368130236069799e-07 -4.058516020869398e-07 0)
(5.684251983639463e-07 -4.005443580253502e-07 0)
(5.99982257518265e-07 -3.953153881409328e-07 0)
(6.314880392249847e-07 -3.901840625312525e-07 0)
(6.629078845986861e-07 -3.85270143532064e-07 0)
(6.941897365076159e-07 -3.805446377932105e-07 0)
(7.253673785476844e-07 -3.759439276074367e-07 0)
(7.564162648418126e-07 -3.716032959226224e-07 0)
(7.872782406602064e-07 -3.675198331591173e-07 0)
(8.180084513253046e-07 -3.636583652929312e-07 0)
(8.486090471932669e-07 -3.601694015597177e-07 0)
(8.789698237906205e-07 -3.570212730796841e-07 0)
(9.09187132109279e-07 -3.544324919805282e-07 0)
(9.391275835418944e-07 -3.526106735971943e-07 0)
(2.127252359466096e-08 -3.078459247292399e-07 0)
(6.395582822936963e-08 -3.037083505074029e-07 0)
(1.069440544990337e-07 -2.955158030894737e-07 0)
(1.504735328740815e-07 -2.837143746883927e-07 0)
(1.945962403403357e-07 -2.687210412938727e-07 0)
(2.393443765646692e-07 -2.511180693665738e-07 0)
(2.847027728494278e-07 -2.316083322082231e-07 0)
(3.305358312455216e-07 -2.107848785009229e-07 0)
(3.77114321667794e-07 -1.892422056113726e-07 0)
(4.237029432146909e-07 -1.672455989820585e-07 0)
(2.088370919631955e-08 -3.15709491110486e-07 0)
(6.27807494581055e-08 -3.11916955756099e-07 0)
(1.048678363045406e-07 -3.044046782769247e-07 0)
(1.473568603341207e-07 -2.935698680113865e-07 0)
(1.902696546573915e-07 -2.79757038967552e-07 0)
(2.335723168623533e-07 -2.634579980126554e-07 0)
(2.772871469775564e-07 -2.452572112776686e-07 0)
(3.210987587323147e-07 -2.257469019148046e-07 0)
(3.652745288284316e-07 -2.053788006027103e-07 0)
(4.086374863400195e-07 -1.851559016977719e-07 0)
(2.047064496030146e-08 -3.237131788710428e-07 0)
(6.153075866946684e-08 -3.202450645674554e-07 0)
(1.027230124212981e-07 -3.133395891483676e-07 0)
(1.44161866064594e-07 -3.033560123802763e-07 0)
(1.859182511099739e-07 -2.906095696500679e-07 0)
(2.278859691965305e-07 -2.75532975710795e-07 0)
(2.70117770201094e-07 -2.586325500423407e-07 0)
(3.123237458596493e-07 -2.404583853374751e-07 0)
(3.547360252811663e-07 -2.213371608355009e-07 0)
(3.96336299607369e-07 -2.02506452394265e-07 0)
(2.010702166236398e-08 -3.318543488099139e-07 0)
(6.039278955065761e-08 -3.286436189407912e-07 0)
(1.008233880113462e-07 -3.222595954006093e-07 0)
(1.413759617372421e-07 -3.13018186522974e-07 0)
(1.821627859511179e-07 -3.01204878717115e-07 0)
(2.23045437113654e-07 -2.871903129864044e-07 0)
(2.640628019618498e-07 -2.714560783255816e-07 0)
(3.049438157070336e-07 -2.545227233861313e-07 0)
(3.458097766304978e-07 -2.36683997905309e-07 0)
(3.858916275676464e-07 -2.192029936345389e-07 0)
(1.979219689375909e-08 -3.401330955699341e-07 0)
(5.93583158822621e-08 -3.37175337947017e-07 0)
(9.906977494954756e-08 -3.312744866929981e-07 0)
(1.388237624146918e-07 -3.227092184409063e-07 0)
(1.787346904644532e-07 -3.11739129776523e-07 0)
(2.186649046320176e-07 -2.987395493947387e-07 0)
(2.586390888379678e-07 -2.841240457266267e-07 0)
(2.984343663381134e-07 -2.683267183514583e-07 0)
(3.380644451527121e-07 -2.516630930892681e-07 0)
(3.769557870222999e-07 -2.353173739148856e-07 0)
(1.947977962229245e-08 -3.48553794631846e-07 0)
(5.84210941408081e-08 -3.458017936955392e-07 0)
(9.746074481858699e-08 -3.403239016877612e-07 0)
(1.365174216499785e-07 -3.32388034234737e-07 0)
(1.756617800438979e-07 -3.221868835835332e-07 0)
(2.147994555528273e-07 -3.101011906730152e-07 0)
(2.538630161427159e-07 -2.965074978553498e-07 0)
(2.927110485662598e-07 -2.817728068087356e-07 0)
(3.312945551171136e-07 -2.662286847614641e-07 0)
(3.691780237454764e-07 -2.509551553742143e-07 0)
(1.917671655635201e-08 -3.57104299811878e-07 0)
(5.754671711897517e-08 -3.545507553081986e-07 0)
(9.596720880256989e-08 -3.49463211401511e-07 0)
(1.344099185431799e-07 -3.420938103224184e-07 0)
(1.72853719404433e-07 -3.326048651218155e-07 0)
(2.112881029648008e-07 -3.213590778964795e-07 0)
(2.495918486155883e-07 -3.087074035729647e-07 0)
(2.876363944480729e-07 -2.949678145783953e-07 0)
(3.2535298715919e-07 -2.804656199456424e-07 0)
(3.624031004855462e-07 -2.661758661750289e-07 0)
(1.892440116651309e-08 -3.657769151257553e-07 0)
(5.673728075864847e-08 -3.63409468559232e-07 0)
(9.45880572225698e-08 -3.586814200383544e-07 0)
(1.324719670739203e-07 -3.518271816705377e-07 0)
(1.703040676346491e-07 -3.430005701783734e-07 0)
(2.080958430747874e-07 -3.325240007399659e-07 0)
(2.457340544809459e-07 -3.207490572832624e-07 0)
(2.83104540138652e-07 -3.079475349548093e-07 0)
(3.201085266064988e-07 -2.944209504692011e-07 0)
(3.56478311011235e-07 -2.810433062651824e-07 0)
(1.869363352296689e-08 -3.745746071026483e-07 0)
(5.597934206479985e-08 -3.723765579801411e-07 0)
(9.33170889280975e-08 -3.679762715741537e-07 0)
(1.306735255299624e-07 -3.616010281567066e-07 0)
(1.679603411493664e-07 -3.533986659518253e-07 0)
(2.051958814972804e-07 -3.436303311892508e-07 0)
(2.422408880033668e-07 -3.326670437466941e-07 0)
(2.790258477437247e-07 -3.207464137594301e-07 0)
(3.154353452013014e-07 -3.081320957927052e-07 0)
(3.512480613756975e-07 -2.956024350246596e-07 0)
(1.84456238498124e-08 -3.834977823411012e-07 0)
(5.526405364374733e-08 -3.814565866943352e-07 0)
(9.213394569203363e-08 -3.773572896888134e-07 0)
(1.290053191018699e-07 -3.714243526348155e-07 0)
(1.657821524747636e-07 -3.638039937974435e-07 0)
(2.02527318291002e-07 -3.546946929634501e-07 0)
(2.390524009203444e-07 -3.444800478019161e-07 0)
(2.753231654507638e-07 -3.333812237742309e-07 0)
(3.112273431525731e-07 -3.21621912901193e-07 0)
(3.465687418710231e-07 -3.09887778969923e-07 0)
(1.819640237694067e-08 -3.92538241382483e-07 0)
(5.460714677246865e-08 -3.906497671590705e-07 0)
(9.102377421164171e-08 -3.868328434221814e-07 0)
(1.2745148089633e-07 -3.813046037272248e-07 0)
(1.637543750577839e-07 -3.742186225086877e-07 0)
(2.000446335509539e-07 -3.657283635665083e-07 0)
(2.361149921630968e-07 -3.562088614539193e-07 0)
(2.71934576676618e-07 -3.458746934638652e-07 0)
(3.07402284495709e-07 -3.349148878714914e-07 0)
(3.423382620396346e-07 -3.239321265363785e-07 0)
(1.797834729814977e-08 -4.016969296756187e-07 0)
(5.400921442222112e-08 -3.999540970655135e-07 0)
(8.997784740287406e-08 -3.96404003981326e-07 0)
(1.259907111464059e-07 -3.912471342501044e-07 0)
(1.61865978153144e-07 -3.84650938111864e-07 0)
(1.977254997948665e-07 -3.767439474843372e-07 0)
(2.333905953578412e-07 -3.678750046696255e-07 0)
(2.688117972698955e-07 -3.582510654542997e-07 0)
(3.039013474748601e-07 -3.48036011564437e-07 0)
(3.385078794702748e-07 -3.377628022508346e-07 0)
(1.77899277148231e-08 -4.109807680605489e-07 0)
(5.343530055344457e-08 -4.093676533647092e-07 0)
(8.897285820563608e-08 -4.060676805987778e-07 0)
(1.245866359427518e-07 -4.012554967632191e-07 0)
(1.600767711241268e-07 -3.951125386156748e-07 0)
(1.955334147607135e-07 -3.877535425214891e-07 0)
(2.308300158523188e-07 -3.794919754385535e-07 0)
(2.659022585283253e-07 -3.705263935096856e-07 0)
(3.006816772323702e-07 -3.610101229898648e-07 0)
(3.350484609700435e-07 -3.514108770062336e-07 0)
(1.760205864241885e-08 -4.203918282221821e-07 0)
(5.284402354682636e-08 -4.188902038503742e-07 0)
(8.797843449326086e-08 -4.158237461387101e-07 0)
(1.232007689391724e-07 -4.113347223340996e-07 0)
(1.583321081212173e-07 -4.056114216755166e-07 0)
(1.934210955528937e-07 -3.987623317935974e-07 0)
(2.283840103367755e-07 -3.910681234317649e-07 0)
(2.631608397110385e-07 -3.827234522267832e-07 0)
(2.977016211510203e-07 -3.738772595799293e-07 0)
(3.318904211868871e-07 -3.649236019346361e-07 0)
(1.739657522349535e-08 -4.299245518077159e-07 0)
(5.222507450604234e-08 -4.285209226750753e-07 0)
(8.698158539651847e-08 -4.25672652833454e-07 0)
(1.218197594359406e-07 -4.214889584177029e-07 0)
(1.566044274697053e-07 -4.16160479875086e-07 0)
(1.913533526385645e-07 -4.097904347372681e-07 0)
(2.260121375855064e-07 -4.026292253270969e-07 0)
(2.605462279803214e-07 -3.948725941868478e-07 0)
(2.948899615389573e-07 -3.86666278706295e-07 0)
(3.289385157351347e-07 -3.783231316722621e-07 0)
(1.71800490564942e-08 -4.395700600905088e-07 0)
(5.159742395152922e-08 -4.382569764975745e-07 0)
(8.598569498573347e-08 -4.356165138387001e-07 0)
(1.204379953642291e-07 -4.317265540973417e-07 0)
(1.548746871582583e-07 -4.267623178369012e-07 0)
(1.893006271802567e-07 -4.208314568418596e-07 0)
(2.236877170897455e-07 -4.141787694494091e-07 0)
(2.58022829614856e-07 -4.069878517398978e-07 0)
(2.921893679235542e-07 -3.993883469347726e-07 0)
(3.261512203849832e-07 -3.916263409722354e-07 0)
(1.696696934109906e-08 -4.493179352816962e-07 0)
(5.097267231745926e-08 -4.480956193646283e-07 0)
(8.497685481523736e-08 -4.456495926539951e-07 0)
(1.190355901985852e-07 -4.420325155699353e-07 0)
(1.531259437950723e-07 -4.374185200460107e-07 0)
(1.872445179442491e-07 -4.319081040809699e-07 0)
(2.213851552537688e-07 -4.257431330932506e-07 0)
(2.555174417730398e-07 -4.190953730563757e-07 0)
(2.89539495328603e-07 -4.12063320818471e-07 0)
(3.234242532545038e-07 -4.048655423412168e-07 0)
(1.675599694738216e-08 -4.591639928532199e-07 0)
(5.033026684255797e-08 -4.580266772704474e-07 0)
(8.392311319220459e-08 -4.557597666054858e-07 0)
(1.175769732590599e-07 -4.524049529094536e-07 0)
(1.513113126695395e-07 -4.481163573712392e-07 0)
(1.851339071116694e-07 -4.430097621500611e-07 0)
(2.190394720747748e-07 -4.373078489581975e-07 0)
(2.529631700949697e-07 -4.311725328389793e-07 0)
(2.868927621955241e-07 -4.246899629388107e-07 0)
(3.207251028025495e-07 -4.180296137326865e-07 0)
(1.653398509584214e-08 -4.690866460878867e-07 0)
(4.963889219555635e-08 -4.680330841182708e-07 0)
(8.27881783079186e-08 -4.659335640308497e-07 0)
(1.16037481124638e-07 -4.628276228104203e-07 0)
(1.494130420082162e-07 -4.588647536711858e-07 0)
(1.829406706689725e-07 -4.54153220713931e-07 0)
(2.166055148203745e-07 -4.488965433469119e-07 0)
(2.503621934682346e-07 -4.432497479025962e-07 0)
(2.841684198205365e-07 -4.373079176162375e-07 0)
(3.179932227524541e-07 -4.31180668418473e-07 0)
(1.629220799210771e-08 -4.7906913832043e-07 0)
(4.890005958849283e-08 -4.780931557372279e-07 0)
(8.157444583404163e-08 -4.761652035311448e-07 0)
(1.143962663244723e-07 -4.73306584663089e-07 0)
(1.474157121494811e-07 -4.696534059397892e-07 0)
(1.806587933709731e-07 -4.653268906090402e-07 0)
(2.140836133115738e-07 -4.605055441267154e-07 0)
(2.477312749713321e-07 -4.553301086221603e-07 0)
(2.814474863093229e-07 -4.499015852972439e-07 0)
(3.153262072466378e-07 -4.442851249998061e-07 0)
)


// ************************************************************************* //
