Time Iteration ExecutionTime Residual Res_x Res_y Res_z
1 0 7.94 1 
1 1 16.25 0.403925400767 
1 2 23.43 0.250361260536 
1 3 29.52 0.177799360621 
1 4 35.61 0.140491061961 
1 5 41.55 0.116652905674 
1 6 47.38 0.0999831733038 
1 7 53.51 0.0878042264246 
1 8 59.39 0.078183980129 
1 9 65.39 0.0704380716924 
1 10 71.38 0.0641044782563 
1 11 77.3 0.0587974643915 
1 12 83.46 0.0542411187503 
1 13 89.37 0.0502885547367 
1 14 95.46 0.0468291300949 
1 15 101.53 0.0437779715273 
1 16 107.66 0.0410625221586 
1 17 113.8 0.0386451321296 
1 18 119.76 0.0364791230945 
1 19 126.17 0.0345215380829 
1 20 131.29 0.0327648658546 
1 21 136.46 0.0311742968254 
1 22 141.91 0.0297308336624 
1 23 147.14 0.0283969885275 
1 24 152.27 0.0271824511389 
1 25 157.55 0.0260552678556 
1 26 162.83 0.0250059372421 
1 27 168.11 0.0240284598223 
1 28 173.42 0.0231280821165 
1 29 178.94 0.0222585486948 
1 30 184.27 0.0214587286688 
1 31 189.63 0.0207068546987 
1 32 195.03 0.019995952885 
1 33 200.52 0.0193270624993 
1 34 205.94 0.0186772691954 
1 35 211.34 0.0180838960645 
1 36 216.76 0.0175153107446 
1 37 222.17 0.0169780301944 
1 38 227.75 0.0164734982421 
1 39 233.5 0.0159861950567 
1 40 239.32 0.0155227646079 
1 41 245.24 0.0150881276735 
1 42 250.93 0.0146613833356 
1 43 256.57 0.0142544512134 
1 44 262.15 0.0138660119544 
1 45 267.66 0.0134964631301 
1 46 273.07 0.0131397255685 
1 47 278.58 0.0127961154967 
1 48 284.03 0.0124676169498 
1 49 289.48 0.0121530426254 
1 50 294.96 0.0118491739339 
1 51 300.6 0.0115571569386 
1 52 306.17 0.0112750505012 
1 53 311.71 0.0110038913989 
1 54 317.19 0.0107411750731 
1 55 322.67 0.010489793965 
1 56 328.21 0.0102446773301 
1 57 333.62 0.0100083450058 
1 58 339.07 0.00977931148393 
1 59 344.5 0.00955794666539 
1 60 349.98 0.00934387156201 
1 61 355.42 0.00913758865415 
1 62 361.15 0.00893580261232 
1 63 366.67 0.00874046356034 
1 64 372.13 0.00855180490829 
1 65 377.63 0.00836792876395 
1 66 383.18 0.00819018608913 
1 67 388.83 0.00801786365115 
1 68 394.26 0.00784924035215 
1 69 399.68 0.00768634811489 
1 70 405.17 0.00752739127664 
1 71 410.63 0.00737343180935 
1 72 416.05 0.00722343373236 
1 73 421.68 0.00707766514731 
1 74 427.28 0.00693637982685 
1 75 432.76 0.00679695967937 
1 76 438.19 0.00666227585783 
1 77 443.92 0.00653012967545 
1 78 449.56 0.00640221471868 
1 79 455.06 0.00627733192867 
1 80 460.54 0.00615579118632 
1 81 465.99 0.00603727969371 
1 82 471.59 0.00592141288447 
1 83 477.1 0.00580871434072 
1 84 482.46 0.0056985766494 
1 85 487.9 0.00559147860801 
1 86 493.35 0.0054866778162 
1 87 498.82 0.00538354867318 
1 88 504.24 0.00528391098467 
1 89 509.7 0.00518567109208 
1 90 515.07 0.00508983290875 
1 91 520.51 0.00499663457434 
1 92 526.11 0.00490533222887 
1 93 531.59 0.0048161662689 
1 94 537.1 0.00472915169061 
1 95 542.49 0.00464394234889 
1 96 547.94 0.00456044398297 
1 97 553.38 0.00447864238107 
1 98 558.85 0.00439898988896 
1 99 564.39 0.00432083092471 
1 100 569.89 0.00424420746602 
1 101 575.3 0.00416956157101 
1 102 580.78 0.00409626709698 
1 103 586.23 0.00402456097042 
1 104 591.74 0.00395457632419 
1 105 597.26 0.00388608335789 
1 106 602.77 0.00381892957032 
1 107 608.25 0.00375235076308 
1 108 613.8 0.0036880562876 
1 109 619.26 0.00362488819676 
1 110 624.72 0.00356290705234 
1 111 630.3 0.00350195349159 
1 112 635.7 0.00344245054043 
1 113 641.15 0.00338419894714 
1 114 646.64 0.00332704418254 
1 115 652.13 0.00327132704755 
1 116 657.63 0.00321596109944 
1 117 663.08 0.00316205644369 
1 118 668.54 0.00310902018208 
1 119 673.95 0.00305720730751 
1 120 679.43 0.00300671224255 
1 121 684.92 0.00295643876463 
1 122 690.36 0.00290779987073 
1 123 695.79 0.00285951811934 
1 124 701.27 0.00281235890522 
1 125 706.73 0.00276639366431 
1 126 712.24 0.00272119693369 
1 127 717.71 0.00267652693249 
1 128 723.15 0.00263297251872 
1 129 728.62 0.00259059928809 
1 130 734.03 0.00254782914282 
1 131 739.54 0.00250654278452 
1 132 744.97 0.00246618172707 
1 133 750.54 0.00242657455384 
1 134 756 0.00238706207608 
1 135 761.43 0.00234886907805 
1 136 766.88 0.00231148102313 
1 137 772.4 0.00227426273033 
1 138 777.76 0.00223800409752 
1 139 783.89 0.00220192483732 
1 140 789.41 0.00216710635074 
1 141 795.03 0.00213272293382 
1 142 800.47 0.00209864875802 
1 143 805.92 0.00206547770184 
1 144 811.63 0.00203323228583 
1 145 817.1 0.00200063489831 
1 146 822.55 0.00196907724657 
1 147 828 0.00193823037068 
1 148 833.56 0.00190788737431 
1 149 839.26 0.00187772584551 
1 150 844.7 0.00184841796122 
1 151 850.17 0.00181931583271 
1 152 855.61 0.00179101330781 
1 153 861.09 0.00176319510048 
1 154 866.53 0.00173579929039 
1 155 872.06 0.00170867052415 
1 156 877.58 0.00168221389424 
1 157 883 0.0016561890511 
1 158 888.49 0.0016305229579 
1 159 894.03 0.00160530491153 
1 160 899.79 0.00158062013225 
1 161 905.28 0.00155629714163 
1 162 910.78 0.00153235789717 
1 163 916.24 0.00150852599605 
1 164 921.68 0.00148541433285 
1 165 927.1 0.00146266122303 
1 166 932.72 0.00144025992114 
1 167 938.24 0.0014181671254 
1 168 943.71 0.00139654375079 
1 169 949.2 0.00137519930308 
1 170 954.63 0.00135425236554 
1 171 960.38 0.00133352768916 
1 172 965.85 0.00131329344415 
1 173 971.3 0.00129330831387 
1 174 976.71 0.00127367203995 
1 175 982.26 0.00125436655131 
1 176 987.56 0.00123534261843 
1 177 993.24 0.00121666967263 
1 178 998.73 0.001198205976 
1 179 1004.18 0.00118015819414 
1 180 1009.61 0.00116233768015 
1 181 1015.07 0.00114481776726 
1 182 1020.65 0.00112754636677 
1 183 1026.13 0.00111057874713 
1 184 1031.54 0.0010938779436 
1 185 1036.96 0.00107742443153 
1 186 1042.47 0.00106127093674 
1 187 1047.78 0.00104532814968 
1 188 1053.45 0.00102927280419 
1 189 1058.93 0.00101393917115 
1 190 1064.38 0.000998850528515 
1 191 1069.84 0.000983953033293 
1 192 1075.28 0.000969998958116 
1 193 1080.81 0.000954675092282 
1 194 1086.22 0.000940553323995 
1 195 1091.71 0.000927198032571 
1 196 1097.14 0.00091265149298 
1 197 1102.68 0.000899186133169 
1 198 1108.12 0.000886488158297 
1 199 1113.54 0.000872562539375 
1 200 1118.96 0.000859707984223 
1 201 1124.46 0.000847468759905 
1 202 1129.95 0.000834319001174 
1 203 1135.42 0.000822068365684 
1 204 1140.96 0.000809912155045 
1 205 1146.59 0.000797954021143 
1 206 1152.05 0.000786754583797 
1 207 1157.54 0.000774898361252 
1 208 1163.06 0.0007629556894 
1 209 1168.5 0.000751790233011 
1 210 1173.99 0.000740734216551 
1 211 1179.45 0.00072986520864 
1 212 1184.91 0.00071911199067 
1 213 1190.34 0.000709162220966 
1 214 1195.8 0.000697988945421 
1 215 1201.42 0.000687805263241 
1 216 1206.91 0.000678306921451 
1 217 1212.31 0.000667677393398 
1 218 1217.84 0.000657945170778 
1 219 1223.4 0.000648317249237 
1 220 1228.93 0.000638837106176 
1 221 1234.26 0.000630037703267 
1 222 1239.7 0.000620153520816 
1 223 1245.12 0.000611155580701 
1 224 1250.6 0.000602225398848 
1 225 1255.96 0.000593936551153 
1 226 1261.46 0.000584673420159 
1 227 1266.87 0.000576195407864 
1 228 1272.35 0.000568215481106 
1 229 1277.76 0.000559442477402 
1 230 1283.29 0.000551341206554 
1 231 1288.76 0.00054331043532 
1 232 1294.16 0.000535412489792 
1 233 1299.65 0.00052762384812 
1 234 1305.14 0.000520435506561 
1 235 1310.59 0.000512289143295 
1 236 1316.03 0.000504883274243 
1 237 1321.51 0.000497566877261 
1 238 1327.08 0.000490353764959 
1 239 1332.54 0.000483217876581 
1 240 1338.01 0.000476666156133 
1 241 1343.48 0.000469215947087 
1 242 1348.94 0.0004624529376 
1 243 1354.36 0.000455755484687 
1 244 1359.83 0.000449168951634 
1 245 1365.27 0.000442661917425 
1 246 1370.75 0.000436250943183 
1 247 1376.21 0.00042992803616 
1 248 1381.67 0.000423719014431 
1 249 1387.08 0.000417575550503 
1 250 1392.49 0.000411541289274 
1 251 1397.99 0.000406011185285 
1 252 1403.5 0.000399653208944 
1 253 1409.12 0.000393911911672 
1 254 1414.58 0.000388242249734 
1 255 1420.1 0.000382633563734 
1 256 1425.59 0.00037711797251 
1 257 1431.1 0.000372053592417 
1 258 1436.55 0.000366250723171 
1 259 1442.05 0.000361005965125 
1 260 1447.46 0.000355811593991 
1 261 1452.94 0.000350690616789 
1 262 1458.38 0.000345642264948 
1 263 1463.91 0.000340659991069 
1 264 1469.42 0.000335758345465 
1 265 1474.9 0.000330916837399 
1 266 1480.4 0.000326159337318 
1 267 1486.04 0.000321463741102 
1 268 1491.52 0.000316845590346 
1 269 1497.03 0.000312287001395 
1 270 1502.7 0.000307795279258 
1 271 1508.25 0.000303372367837 
1 272 1513.77 0.000299016612713 
1 273 1519.26 0.000295011818498 
1 274 1524.77 0.000290435013135 
1 275 1530.49 0.000286289145907 
1 276 1535.99 0.000282188024408 
1 277 1541.51 0.000278140623349 
1 278 1546.96 0.000274159019272 
1 279 1552.42 0.000270221202962 
1 280 1557.86 0.000266348092161 
1 281 1563.35 0.0002625275845 
1 282 1568.86 0.000258763038474 
1 283 1574.26 0.000255059048907 
1 284 1579.76 0.000251402121024 
1 285 1585.29 0.000247797347457 
1 286 1590.85 0.000244252760103 
1 287 1596.29 0.000240750801273 
1 288 1601.8 0.000237305709994 
1 289 1607.23 0.000233910354289 
1 290 1612.72 0.000230566516642 
1 291 1618.15 0.000227261825131 
1 292 1623.73 0.00022401053451 
1 293 1629.23 0.000220808951154 
1 294 1634.7 0.000217649356698 
1 295 1640.17 0.000214538033282 
1 296 1645.62 0.000211471496542 
1 297 1651.23 0.000208450448102 
1 298 1656.66 0.00020547299002 
1 299 1662.07 0.000202537442573 
1 300 1667.59 0.000199645371372 
1 301 1673.06 0.000196788764491 
1 302 1678.48 0.000193977978081 
1 303 1684.41 0.000191208083847 
1 304 1689.92 0.000188480731352 
1 305 1695.43 0.000185787805713 
1 306 1700.89 0.000183137569791 
1 307 1706.4 0.000180523306945 
1 308 1712.05 0.00017795861449 
1 309 1717.44 0.000175415846297 
1 310 1722.92 0.000172909943168 
1 311 1728.38 0.00017044316348 
1 312 1733.85 0.000168011677461 
1 313 1739.29 0.00016561935495 
1 314 1744.92 0.000163255659258 
1 315 1750.43 0.000160931562664 
1 316 1755.89 0.000158645158511 
1 317 1761.37 0.000156378541507 
1 318 1766.86 0.000154160159942 
1 319 1772.46 0.000151955731554 
1 320 1777.9 0.000149927389937 
1 321 1783.35 0.000147632756097 
1 322 1788.81 0.000145547868377 
1 323 1794.31 0.000143475568127 
1 324 1799.79 0.000141438917986 
1 325 1805.36 0.000139425152699 
1 326 1810.82 0.000137441281825 
1 327 1816.3 0.000135486906327 
1 328 1821.76 0.000133558663656 
1 329 1827.27 0.000131658728711 
1 330 1832.97 0.000129786401839 
1 331 1838.43 0.000127940696991 
1 332 1844.01 0.000126120887987 
1 333 1849.55 0.000124327531123 
1 334 1855.04 0.000122559368039 
1 335 1860.49 0.000120817683399 
1 336 1866.11 0.000119098195531 
1 337 1871.69 0.000117408587162 
1 338 1877.21 0.000115744038514 
1 339 1882.71 0.000114095726964 
1 340 1888.16 0.000112481210159 
1 341 1893.85 0.000110979198066 
1 342 1899.28 0.000109281450862 
1 343 1904.74 0.000107740815488 
1 344 1910.21 0.000106211557595 
1 345 1915.63 0.000104708196463 
1 346 1921.06 0.000103226291397 
1 347 1926.72 0.000101753842637 
1 348 1932.23 0.000100308958048 
1 349 1937.71 9.88868901771e-05 
1 350 1943.23 9.74843810825e-05 
1 351 1948.83 9.6099254296e-05 
1 352 1954.47 9.47340343799e-05 
1 353 1959.96 9.33908332866e-05 
1 354 1965.43 9.2064254952e-05 
1 355 1970.87 9.07586886507e-05 
1 356 1976.36 8.9471362974e-05 
1 357 1981.94 8.82014375805e-05 
1 358 1987.48 8.695217162e-05 
1 359 1992.93 8.57165696058e-05 
1 360 1998.39 8.45013363839e-05 
1 361 2003.88 8.33030429485e-05 
1 362 2009.36 8.2120956411e-05 
1 363 2014.97 8.09559124568e-05 
1 364 2020.37 7.9807507947e-05 
1 365 2025.87 7.86771817457e-05 
1 366 2031.34 7.75607319106e-05 
1 367 2036.8 7.6460473911e-05 
1 368 2042.37 7.53772762189e-05 
1 369 2047.91 7.43094644617e-05 
1 370 2053.4 7.32565911137e-05 
1 371 2058.92 7.22172385979e-05 
1 372 2064.47 7.1194039945e-05 
1 373 2069.96 7.01851453422e-05 
1 374 2075.7 6.91906263639e-05 
1 375 2081.13 6.82099606518e-05 
1 376 2086.6 6.72442932196e-05 
1 377 2092.08 6.62907352097e-05 
1 378 2097.61 6.53512072277e-05 
1 379 2103.2 6.44259758934e-05 
1 380 2108.61 6.35149747168e-05 
1 381 2114.11 6.26144065321e-05 
1 382 2119.59 6.17261312144e-05 
1 383 2125.05 6.08533524852e-05 
1 384 2130.54 5.99916184098e-05 
1 385 2135.97 5.91405156817e-05 
1 386 2141.4 5.83025114348e-05 
1 387 2146.88 5.74779070873e-05 
1 388 2152.34 5.66653515187e-05 
1 389 2157.86 5.58629231086e-05 
1 390 2163.24 5.50716851205e-05 
1 391 2168.87 5.42908019075e-05 
1 392 2174.37 5.35229364479e-05 
1 393 2179.81 5.27661187854e-05 
1 394 2185.29 5.20217445297e-05 
1 395 2190.74 5.12806842927e-05 
1 396 2196.4 5.05555264964e-05 
1 397 2201.83 4.98396956575e-05 
1 398 2207.36 4.91357011176e-05 
1 399 2212.84 4.84411474967e-05 
1 400 2218.35 4.77545154401e-05 
1 401 2224.08 4.70819782562e-05 
1 402 2229.54 4.64115972525e-05 
1 403 2235.11 4.57571855711e-05 
1 404 2240.58 4.51072721158e-05 
1 405 2246.11 4.44690977442e-05 
1 406 2251.56 4.38407064163e-05 
1 407 2257.25 4.32207274345e-05 
1 408 2262.73 4.26094015958e-05 
1 409 2268.22 4.2008349816e-05 
1 410 2273.66 4.14123251009e-05 
1 411 2279.21 4.08298964637e-05 
1 412 2284.89 4.0247821484e-05 
1 413 2290.31 3.96789188697e-05 
1 414 2295.71 3.91174400501e-05 
1 415 2301.22 3.85647146913e-05 
1 416 2306.63 3.80202589737e-05 
1 417 2312.11 3.74820414018e-05 
1 418 2317.62 3.6951310411e-05 
1 419 2323.22 3.64288494128e-05 
1 420 2328.73 3.59153566665e-05 
1 421 2334.23 3.54055198067e-05 
1 422 2339.72 3.490577863e-05 
1 423 2345.38 3.44127183655e-05 
1 424 2350.83 3.39247641208e-05 
1 425 2356.33 3.34455589608e-05 
1 426 2361.77 3.297395883e-05 
1 427 2367.25 3.25066914978e-05 
1 428 2372.67 3.20485700977e-05 
1 429 2378.3 3.15937723234e-05 
1 430 2383.83 3.11476904692e-05 
1 431 2389.31 3.07072713907e-05 
1 432 2394.8 3.02731343815e-05 
1 433 2400.29 2.98453123699e-05 
1 434 2406.03 2.94236305668e-05 
1 435 2411.42 2.90091372053e-05 
1 436 2416.88 2.85968863028e-05 
1 437 2422.39 2.81928751762e-05 
1 438 2427.88 2.77945151884e-05 
1 439 2433.37 2.74020117212e-05 
1 440 2439.03 2.70155418837e-05 
1 441 2444.53 2.66327348023e-05 
1 442 2450.05 2.62564648949e-05 
1 443 2455.44 2.58850342023e-05 
1 444 2460.94 2.55204782403e-05 
1 445 2466.66 2.51607953779e-05 
1 446 2472.17 2.48034555736e-05 
1 447 2477.59 2.44526009216e-05 
1 448 2483.16 2.4107478485e-05 
1 449 2488.71 2.37662908266e-05 
1 450 2494.15 2.3430898952e-05 
1 451 2499.67 2.30999935296e-05 
1 452 2505.18 2.27733883131e-05 
1 453 2510.61 2.24519942365e-05 
1 454 2516.14 2.21343908974e-05 
1 455 2521.57 2.18217059575e-05 
1 456 2527.16 2.15136359371e-05 
1 457 2532.58 2.12097495236e-05 
1 458 2538.05 2.09106874879e-05 
1 459 2543.56 2.06149785217e-05 
1 460 2549.06 2.03229752781e-05 
1 461 2554.54 2.00363767853e-05 
1 462 2559.94 1.97551563995e-05 
1 463 2565.36 1.94741772592e-05 
1 464 2570.83 1.91992367931e-05 
1 465 2576.31 1.89276638779e-05 
1 466 2582.15 1.86610654149e-05 
1 467 2587.8 1.83972356183e-05 
1 468 2593.27 1.81370078732e-05 
1 469 2598.81 1.78812476544e-05 
1 470 2604.25 1.76281969984e-05 
1 471 2609.81 1.73800726869e-05 
1 472 2615.29 1.71336445985e-05 
1 473 2620.68 1.68917371098e-05 
1 474 2626.19 1.66532529241e-05 
1 475 2631.76 1.6418001857e-05 
1 476 2637.23 1.61860809861e-05 
1 477 2642.75 1.59574981669e-05 
1 478 2648.42 1.5732331074e-05 
1 479 2653.99 1.55098501693e-05 
1 480 2659.51 1.52917059618e-05 
1 481 2664.99 1.50750842133e-05 
1 482 2670.52 1.48623397215e-05 
1 483 2676.27 1.46521752899e-05 
1 484 2681.66 1.44456486489e-05 
1 485 2687.14 1.4241496961e-05 
1 486 2692.6 1.40402570977e-05 
1 487 2698.12 1.38419855693e-05 
1 488 2703.61 1.36467886244e-05 
1 489 2709.27 1.34542482115e-05 
1 490 2714.76 1.32640441088e-05 
1 491 2720.23 1.3078222529e-05 
1 492 2725.7 1.28917403882e-05 
1 493 2731.29 1.27096788002e-05 
1 494 2736.99 1.25304534858e-05 
1 495 2742.38 1.23536087565e-05 
1 496 2747.84 1.21795582374e-05 
1 497 2753.29 1.20071329984e-05 
1 498 2758.78 1.18374798087e-05 
1 499 2764.34 1.16703367389e-05 
1 500 2769.85 1.15057571701e-05 
1 501 2775.34 1.13433787134e-05 
1 502 2780.8 1.11831919628e-05 
1 503 2786.35 1.10252935438e-05 
1 504 2791.75 1.08695162973e-05 
1 505 2797.33 1.07162039067e-05 
1 506 2802.75 1.05649859958e-05 
1 507 2808.21 1.04156511957e-05 
1 508 2813.68 1.02686176322e-05 
1 509 2819.14 1.01236581242e-05 
1 510 2824.62 9.98114546e-06 
1 511 2829.99 9.83991342474e-06 
1 512 2835.47 9.70100370072e-06 
1 513 2840.99 9.56404828497e-06 
1 514 2846.42 9.42915886986e-06 
1 515 2851.91 9.29612110313e-06 
1 516 2857.41 9.16477500495e-06 
1 517 2862.83 9.03565616814e-06 
1 518 2868.32 8.90783935103e-06 
1 519 2873.76 8.7820058648e-06 
1 520 2879.23 8.65828322735e-06 
1 521 2884.61 8.53608983167e-06 
1 522 2890.15 8.4152730466e-06 
1 523 2895.66 8.29656433337e-06 
1 524 2901.14 8.17953010248e-06 
1 525 2906.58 8.06388483303e-06 
1 526 2912 7.95003369379e-06 
1 527 2917.5 7.83794171281e-06 
1 528 2922.94 7.72739324023e-06 
1 529 2928.55 7.61848045233e-06 
1 530 2934.07 7.51078005234e-06 
1 531 2939.64 7.40490226372e-06 
1 532 2945.18 7.30024581138e-06 
1 533 2950.6 7.19756763361e-06 
1 534 2955.99 7.09556993321e-06 
1 535 2961.46 6.99535993968e-06 
1 536 2966.94 6.89653297019e-06 
1 537 2972.39 6.79924697397e-06 
1 538 2977.99 6.70329359834e-06 
1 539 2983.53 6.60879990794e-06 
1 540 2989.05 6.5153670111e-06 
1 541 2994.54 6.42357506631e-06 
1 542 3000.11 6.333106754e-06 
1 543 3005.59 6.24342687497e-06 
1 544 3010.97 6.16245412595e-06 
1 545 3016.45 6.06741662855e-06 
1 546 3021.9 5.98233557285e-06 
1 547 3027.43 5.89802979845e-06 
1 548 3032.94 5.8149999728e-06 
1 549 3038.7 5.73296165359e-06 
1 550 3044.22 5.6521196681e-06 
1 551 3049.69 5.57231260447e-06 
1 552 3055.14 5.4936983704e-06 
1 553 3060.65 5.41616429082e-06 
1 554 3066.34 5.33975250325e-06 
1 555 3071.76 5.26444272571e-06 
1 556 3077.27 5.19015035232e-06 
1 557 3082.77 5.11692433157e-06 
1 558 3088.22 5.04469299723e-06 
1 559 3093.7 4.97339321881e-06 
1 560 3099.3 4.90315390719e-06 
1 561 3104.82 4.83412359684e-06 
1 562 3110.31 4.76581434711e-06 
1 563 3115.81 4.69856307812e-06 
1 564 3121.5 4.63225664131e-06 
1 565 3127.1 4.566827824e-06 
1 566 3132.62 4.50247753165e-06 
1 567 3138.08 4.43890363384e-06 
1 568 3143.56 4.37625424437e-06 
1 569 3149.02 4.31455842396e-06 
1 570 3154.49 4.25368463192e-06 
1 571 3160.13 4.19370825017e-06 
1 572 3165.63 4.1343017664e-06 
1 573 3171.08 4.07606814049e-06 
1 574 3176.56 4.01861062507e-06 
1 575 3182.03 3.96182293358e-06 
1 576 3187.56 3.90977296302e-06 
1 577 3193.02 3.8501743878e-06 
1 578 3198.49 3.79623999693e-06 
1 579 3204 3.74267126762e-06 
1 580 3209.43 3.69003220927e-06 
1 581 3214.97 3.63788053904e-06 
1 582 3220.59 3.58656379963e-06 
1 583 3226.26 3.53598992188e-06 
1 584 3231.73 3.48618412171e-06 
1 585 3237.22 3.43697470465e-06 
1 586 3242.74 3.38841056603e-06 
1 587 3248.45 3.34061258748e-06 
1 588 3253.84 3.29352196169e-06 
1 589 3259.33 3.24703161962e-06 
1 590 3264.8 3.20119532226e-06 
1 591 3270.23 3.15597878489e-06 
1 592 3275.76 3.1115447459e-06 
1 593 3281.42 3.06768898879e-06 
1 594 3286.95 3.0243159471e-06 
1 595 3292.54 2.98159504122e-06 
1 596 3298.08 2.93951387582e-06 
1 597 3303.62 2.89803808735e-06 
1 598 3309.32 2.85718205719e-06 
1 599 3314.71 2.81692007928e-06 
1 600 3320.19 2.7770800501e-06 
1 601 3325.7 2.73789140032e-06 
1 602 3331.26 2.69934640868e-06 
1 603 3336.73 2.66118995136e-06 
1 604 3342.13 2.62364010376e-06 
1 605 3347.58 2.58665756867e-06 
1 606 3353.02 2.55015246827e-06 
1 607 3358.49 2.51423804509e-06 
1 608 3364 2.47869134338e-06 
1 609 3369.67 2.44366181593e-06 
1 610 3375.07 2.40918852343e-06 
1 611 3380.57 2.37526755437e-06 
1 612 3386.02 2.3418656009e-06 
1 613 3391.54 2.30865053891e-06 
1 614 3396.85 2.2761270365e-06 
1 615 3402.44 2.24397474348e-06 
1 616 3407.88 2.21234006588e-06 
1 617 3413.39 2.18113692406e-06 
1 618 3418.88 2.1504174793e-06 
1 619 3424.53 2.11996424289e-06 
1 620 3430.52 2.0900993654e-06 
1 621 3436.27 2.0606015635e-06 
1 622 3442.19 2.03158902688e-06 
1 623 3448.02 2.00281411867e-06 
1 624 3454.08 1.97457226779e-06 
1 625 3460.22 1.94671223778e-06 
1 626 3466.24 1.91925681678e-06 
1 627 3472.32 1.89218334493e-06 
1 628 3478.39 1.86550340773e-06 
1 629 3485 1.83919418861e-06 
1 630 3491.07 1.81317074718e-06 
1 631 3496.99 1.78760110943e-06 
1 632 3503.15 1.76237066337e-06 
1 633 3508.77 1.73753315891e-06 
1 634 3514.24 1.71298507474e-06 
1 635 3519.9 1.68884000255e-06 
1 636 3525.85 1.66503875603e-06 
1 637 3531.4 1.64156267e-06 
1 638 3536.91 1.61844921248e-06 
1 639 3542.58 1.59552797781e-06 
1 640 3548.06 1.57310825659e-06 
1 641 3553.44 1.55080831549e-06 
1 642 3558.89 1.52902057609e-06 
1 643 3564.36 1.5073550572e-06 
1 644 3569.8 1.48613410338e-06 
1 645 3575.32 1.46515759908e-06 
1 646 3580.83 1.44446188292e-06 
1 647 3586.5 1.42405044264e-06 
1 648 3592 1.40397608294e-06 
1 649 3597.53 1.38417219011e-06 
1 650 3603.08 1.3646411829e-06 
1 651 3608.62 1.34544028583e-06 
1 652 3614.04 1.3264551827e-06 
1 653 3619.54 1.30768727407e-06 
1 654 3625.01 1.2892497934e-06 
1 655 3630.5 1.27105958889e-06 
1 656 3635.92 1.25319704828e-06 
1 657 3641.48 1.23544515713e-06 
1 658 3646.91 1.21802140483e-06 
1 659 3652.36 1.20081827463e-06 
1 660 3657.78 1.18392974441e-06 
1 661 3663.34 1.16717061695e-06 
1 662 3668.88 1.15072666902e-06 
1 663 3674.39 1.13449483203e-06 
1 664 3679.88 1.11846910028e-06 
1 665 3685.42 1.10272368473e-06 
1 666 3690.86 1.08718422901e-06 
1 667 3696.58 1.07178115738e-06 
1 668 3702.02 1.05665359368e-06 
1 669 3707.54 1.04175716897e-06 
1 670 3713.02 1.02708967226e-06 
1 671 3718.51 1.01261429019e-06 
1 672 3724.04 9.98316152438e-07 
1 673 3729.64 9.84194515972e-07 
1 674 3735.08 9.70317576913e-07 
1 675 3740.55 9.56630221673e-07 
1 676 3745.96 9.43132341478e-07 
1 677 3751.41 9.29805546709e-07 
1 678 3756.95 9.16712347578e-07 
1 679 3762.48 9.0378287519e-07 
1 680 3767.98 8.9101650294e-07 
1 681 3773.44 8.78483075783e-07 
1 682 3778.9 8.66053410062e-07 
1 683 3784.41 8.53852819515e-07 
1 684 3790.01 8.41794686793e-07 
1 685 3795.42 8.29924294852e-07 
1 686 3800.91 8.18195092744e-07 
1 687 3806.43 8.06655434218e-07 
1 688 3811.94 7.95280985291e-07 
1 689 3817.33 7.84051169054e-07 
1 690 3822.79 7.73025944772e-07 
1 691 3828.27 7.62125361731e-07 
1 692 3833.74 7.51321075152e-07 
1 693 3839.26 7.40724816847e-07 
1 694 3844.88 7.30286986297e-07 
1 695 3850.56 7.20010465794e-07 
1 696 3855.96 7.09841086793e-07 
1 697 3861.46 6.99804805287e-07 
1 698 3866.91 6.8994145648e-07 
1 699 3872.48 6.80228019516e-07 
1 700 3877.93 6.70598520138e-07 
1 701 3883.3 6.61144250686e-07 
1 702 3888.78 6.51816778386e-07 
1 703 3894.27 6.42650757375e-07 
1 704 3899.75 6.33561811585e-07 
1 705 3905.27 6.2461679142e-07 
1 706 3910.86 6.15803125708e-07 
1 707 3916.34 6.0710498328e-07 
1 708 3921.79 5.98558064623e-07 
1 709 3927.32 5.90154439292e-07 
1 710 3932.86 5.81774979668e-07 
1 711 3938.6 5.73574762067e-07 
1 712 3943.98 5.65478801169e-07 
1 713 3949.44 5.5750411389e-07 
1 714 3954.89 5.49635573228e-07 
1 715 3960.37 5.41893411772e-07 
1 716 3965.99 5.34236554622e-07 
1 717 3971.51 5.26704634284e-07 
1 718 3977.01 5.19830736413e-07 
1 719 3982.54 5.11860493084e-07 
1 720 3988.03 5.05303141564e-07 
1 721 3993.5 4.98080338313e-07 
1 722 3999.08 4.90918472006e-07 
1 723 4004.47 4.83926165741e-07 
1 724 4009.92 4.77067121206e-07 
1 725 4015.34 4.70336031291e-07 
1 726 4020.9 4.63666408227e-07 
1 727 4026.31 4.57105463257e-07 
1 728 4031.85 4.50673391355e-07 
1 729 4037.24 4.44338057671e-07 
1 730 4042.69 4.3807646976e-07 
1 731 4048.12 4.31892209703e-07 
1 732 4053.63 4.25803315884e-07 
1 733 4059.27 4.19775407386e-07 
1 734 4064.61 4.13848880437e-07 
1 735 4070.02 4.0799989981e-07 
1 736 4075.43 4.02721500606e-07 
1 737 4080.86 3.96985155286e-07 
1 738 4086.27 3.91121090725e-07 
1 739 4091.7 3.85509332564e-07 
1 740 4097.12 3.8005598632e-07 
1 741 4102.51 3.7530448875e-07 
1 742 4107.88 3.69387417029e-07 
1 743 4113.34 3.64690679352e-07 
1 744 4118.79 3.59371051117e-07 
1 745 4124.24 3.54221634805e-07 
1 746 4129.65 3.49267274716e-07 
1 747 4135.05 3.44316490233e-07 
1 748 4140.41 3.39435923557e-07 
1 749 4145.9 3.34641489622e-07 
1 750 4151.22 3.30525101042e-07 
1 751 4156.56 3.25634147906e-07 
1 752 4161.88 3.20832814432e-07 
1 753 4167.21 3.16327300591e-07 
1 754 4172.55 3.11846145715e-07 
1 755 4177.83 3.07399044179e-07 
1 756 4183.28 3.0307228338e-07 
1 757 4188.63 2.98726998321e-07 
1 758 4193.97 2.94415821217e-07 
1 759 4199.33 2.90659812929e-07 
1 760 4204.74 2.86337675716e-07 
1 761 4210.15 2.82240884215e-07 
1 762 4215.35 2.7823930626e-07 
1 763 4220.62 2.74277527519e-07 
1 764 4225.84 2.70642417019e-07 
1 765 4231.11 2.66619417004e-07 
1 766 4236.32 2.62716807059e-07 
1 767 4241.61 2.58965917996e-07 
1 768 4246.86 2.55324986028e-07 
1 769 4252.05 2.51730688034e-07 
1 770 4257.25 2.48254407155e-07 
1 771 4262.51 2.44676060831e-07 
1 772 4267.68 2.41583998461e-07 
1 773 4273.09 2.37929071363e-07 
1 774 4278.37 2.34577752392e-07 
1 775 4283.63 2.31184689626e-07 
1 776 4288.82 2.27902980401e-07 
1 777 4294.02 2.24652611825e-07 
1 778 4299.39 2.21499649317e-07 
1 779 4304.52 2.18395429882e-07 
1 780 4309.7 2.15635074606e-07 
1 781 4314.84 2.12469029763e-07 
1 782 4320.01 2.09252990871e-07 
1 783 4325.16 2.06504799578e-07 
1 784 4330.32 2.03589850202e-07 
1 785 4335.4 2.00708170433e-07 
1 786 4340.56 1.97859617899e-07 
1 787 4345.71 1.95073261068e-07 
1 788 4350.86 1.9243213923e-07 
1 789 4355.89 1.89575468085e-07 
1 790 4360.99 1.86844566989e-07 
1 791 4366.05 1.84200984713e-07 
1 792 4371.17 1.82140007909e-07 
1 793 4376.24 1.79318211986e-07 
1 794 4381.84 1.76786496137e-07 
1 795 4386.97 1.74183449805e-07 
1 796 4392.08 1.71721103857e-07 
1 797 4396.31 1.71735830012e-07 
1 798 4400.51 1.69474574352e-07 
1 799 4404.7 1.66700557747e-07 
1 800 4408.9 1.64217931323e-07 
1 801 4413.04 1.61692969683e-07 
1 802 4417.29 1.5931094811e-07 
1 803 4421.46 1.56965942463e-07 
1 804 4425.69 1.54668442896e-07 
1 805 4429.86 1.52413009852e-07 
1 806 4434.07 1.50177375441e-07 
1 807 4438.25 1.48021018725e-07 
1 808 4442.41 1.45854787581e-07 
1 809 4446.65 1.43739174599e-07 
1 810 4451.08 1.41645632816e-07 
1 811 4455.26 1.39611445825e-07 
1 812 4459.5 1.37578824968e-07 
1 813 4463.63 1.35500767994e-07 
1 814 4467.83 1.3372814092e-07 
1 815 4472.02 1.31757405302e-07 
1 816 4476.25 1.29709470242e-07 
1 817 4480.83 1.28036862274e-07 
1 818 4485.07 1.2601106112e-07 
1 819 4489.22 1.24276859591e-07 
1 820 4493.39 1.2247399102e-07 
1 821 4497.56 1.20722276125e-07 
1 822 4501.79 1.18971844034e-07 
1 823 4506.11 1.17250976019e-07 
1 824 4510.24 1.15549056988e-07 
1 825 4514.38 1.13879127747e-07 
1 826 4518.59 1.12233491377e-07 
1 827 4522.74 1.10603808023e-07 
1 828 4526.94 1.09015015392e-07 
1 829 4531.08 1.07440479349e-07 
1 830 4535.2 1.05888701394e-07 
1 831 4539.53 1.04378089378e-07 
1 832 4543.69 1.02864942501e-07 
1 833 4547.82 1.01395186606e-07 
1 834 4552.02 9.9932802056e-08 
1 835 4556.17 9.84997208331e-08 
1 836 4560.49 9.70777662523e-08 
1 837 4564.74 9.57089536965e-08 
1 838 4569.22 9.43495592926e-08 
1 839 4573.38 9.30161394086e-08 
1 840 4577.55 9.16364569922e-08 
1 841 4581.73 9.03320148213e-08 
1 842 4585.87 8.90431176307e-08 
1 843 4590 8.77719320921e-08 
1 844 4594.25 8.65073220109e-08 
1 845 4598.54 8.52539902945e-08 
1 846 4602.73 8.40692376717e-08 
1 847 4606.96 8.28750759557e-08 
1 848 4611.13 8.16459462359e-08 
1 849 4615.3 8.04507836863e-08 
1 850 4619.44 7.93271061673e-08 
1 851 4623.68 7.82379229092e-08 
1 852 4627.96 7.71354391971e-08 
1 853 4632.15 7.60083281e-08 
1 854 4636.29 7.49349320757e-08 
1 855 4640.46 7.38425711946e-08 
1 856 4644.61 7.28209984936e-08 
1 857 4648.76 7.17475537456e-08 
1 858 4652.92 7.07269084463e-08 
1 859 4657.02 6.97075478476e-08 
1 860 4661.49 6.87362295191e-08 
1 861 4665.68 6.77536056717e-08 
1 862 4669.84 6.68099708374e-08 
1 863 4674.02 6.58255275982e-08 
1 864 4678.22 6.48890135976e-08 
1 865 4682.36 6.39863100973e-08 
1 866 4686.73 6.30570780488e-08 
1 867 4690.81 6.21697323334e-08 
1 868 4694.97 6.12803960208e-08 
1 869 4699.11 6.04041537494e-08 
1 870 4703.29 5.9550145457e-08 
1 871 4707.42 5.87249638715e-08 
1 872 4711.57 5.7872385471e-08 
1 873 4715.68 5.70409269755e-08 
1 874 4719.85 5.62431601808e-08 
1 875 4724.01 5.5430967665e-08 
1 876 4728.18 5.46461397886e-08 
1 877 4732.3 5.38698973785e-08 
1 878 4736.45 5.30534464291e-08 
1 879 4740.67 5.24116299507e-08 
1 880 4744.88 5.16145664118e-08 
1 881 4749.1 5.08472376293e-08 
1 882 4753.13 5.01483779321e-08 
1 883 4757.29 4.94606126985e-08 
1 884 4761.49 4.87924678144e-08 
1 885 4765.66 4.81188702522e-08 
1 886 4769.82 4.74425356957e-08 
1 887 4774.11 4.67493736373e-08 
1 888 4778.18 4.60816894707e-08 
1 889 4782.27 4.54121177121e-08 
1 890 4786.47 4.47780542048e-08 
1 891 4790.61 4.4117631928e-08 
1 892 4794.07 2.59001388813e-08 
1 893 4798.21 4.8243638098e-08 
1 894 4802.39 4.48638740063e-08 
1 895 4806.48 4.29092942023e-08 
1 896 4810 2.4620451604e-08 
1 897 4812.72 1.12522412447e-08 
1 898 4816.77 5.32068277705e-08 
1 899 4820.95 4.60752102548e-08 
1 900 4825.06 4.21660631661e-08 
1 901 4828.01 1.02546575414e-08 
1 902 4832.16 4.79529058532e-08 
1 903 4835.6 2.4293321935e-08 
1 904 4838.53 9.51923811206e-09 
1 905 4842.54 5.11781821551e-08 
1 906 4845.28 8.29532153108e-09 
1 907 4849.27 4.96344402893e-08 
1 908 4853.42 4.23029997914e-08 
1 909 4856.16 8.77440894505e-09 
1 910 4860.52 4.54221757845e-08 
1 911 4863.38 7.89571348444e-09 
1 912 4866.06 6.22177778369e-09 
1 913 4870.04 5.04845390013e-08 
1 914 4872.89 6.79871333372e-09 
1 915 4876.82 4.68009414628e-08 
1 916 4879.59 6.96447752367e-09 
1 917 4883.58 4.49314014601e-08 
1 918 4886.34 6.90812657702e-09 
1 919 4890.25 4.37562609189e-08 
1 920 4893.02 6.82016488142e-09 
1 921 4897.03 4.2755893182e-08 
1 922 4899.83 6.69475998595e-09 
1 923 4903.79 4.18578617714e-08 
1 924 4906.54 6.5814691864e-09 
1 925 4909.78 2.25962106033e-08 
1 926 4912.4 6.42763936605e-09 
1 927 4914.83 4.60419708462e-09 
1 928 4918.46 4.73600279906e-08 
1 929 4921.36 5.60494682638e-09 
1 930 4923.79 4.10795020446e-09 
1 931 4927.41 4.52979623421e-08 
1 932 4930.45 5.37951018147e-09 
1 933 4932.93 3.94020400694e-09 
1 934 4936.45 4.40090898539e-08 
1 935 4939.15 5.23277305979e-09 
1 936 4942.31 2.17643348371e-08 
1 937 4944.75 5.65275277931e-09 
1 938 4947.1 4.00926065568e-09 
1 939 4949.31 2.80299912971e-09 
1 940 4952.77 4.65044932769e-08 
1 941 4955.39 4.68145109928e-09 
1 942 4957.83 3.43760299892e-09 
1 943 4960.12 2.45330643529e-09 
1 944 4963.68 4.46311368339e-08 
1 945 4966.23 4.46771417488e-09 
1 946 4968.61 3.30862243585e-09 
1 947 4970.88 2.35173641548e-09 
1 948 4974.41 4.33191550703e-08 
1 949 4976.92 4.35462659372e-09 
1 950 4979.24 3.1802777269e-09 
1 951 4982.18 2.17900844137e-08 
1 952 4984.57 4.57051677946e-09 
1 953 4986.81 3.2135456931e-09 
1 954 4989.07 2.22607984732e-09 
1 955 4991.12 1.52259148753e-09 
1 956 4992.81 1.14132754501e-09 
1 957 4995.74 4.55084794058e-08 
1 958 4998.22 3.80316655356e-09 
1 959 5000.5 2.76225318914e-09 
1 960 5002.78 1.96303727993e-09 
1 961 5004.95 1.4133482302e-09 
1 962 5006.8 9.6766921734e-10 
1 963 5008.75 7.38793976024e-10 
1 964 5010.38 5.9855310446e-10 
1 965 5012.69 4.44319459542e-08 
1 966 5015.12 3.5939150845e-09 
1 967 5017.44 2.61103017555e-09 
1 968 5019.86 1.85454306758e-09 
1 969 5022.04 1.32908614938e-09 
1 970 5024.03 9.0657185023e-10 
1 971 5027 4.21983655717e-08 
1 972 5029.5 3.55465645444e-09 
1 973 5031.8 2.58405617802e-09 
1 974 5034.08 1.83416874849e-09 
1 975 5036.15 1.3239065312e-09 
1 976 5038.2 8.96373004969e-10 
1 977 5041.37 4.10664056095e-08 
1 978 5043.85 3.4989802746e-09 
1 979 5046.3 2.5310658943e-09 
1 980 5048.46 1.79803706904e-09 
1 981 5050.7 1.29514464464e-09 
1 982 5052.6 8.80144694847e-10 
1 983 5055.07 2.13853254642e-08 
1 984 5057.37 3.40524747713e-09 
1 985 5059.56 2.35819165631e-09 
1 986 5061.57 1.5991709499e-09 
1 987 5063.4 1.20078831704e-09 
1 988 5065.07 8.3151392936e-10 
1 989 5066.32 6.10409224042e-10 
1 990 5067.19 0 
